0,0,-5,-0.217107,2,2,2,2,2,2,2,2,2,2,2,2,2,2,2,2,2,2,2,2,2,2,2,2,2,2,2,2,2,2,2,2,2,2,2,2,2,2,2,2,2,0.671562,0.60273,0.561961,0.535149,0.517355,0.506295,0.500827,0.50045,0.505132,0.515297,0.531967,0.557202,0.595347,0.658055,2,2,2,2,2,2,2,2,2,2,2,2,2,2,2,2,2,2,2,2,2,2,2,2,2,2,2,2,2,2,2,2,2,2,2,
0.1,0.0732393,-5.01616,-0.367107,2,2,2,2,2,2,2,2,2,2,2,2,2,2,2,2,2,2,2,2,2,2,2,2,2,2,2,2,2,2,2,2,2,2,2,2,2,2,2,2,2,2,0.702434,0.573927,0.518906,0.48442,0.46103,0.445019,0.434557,0.42868,0.426907,0.429104,0.435439,0.446433,0.463121,0.487462,0.523505,0.58193,0.750094,2,2,2,2,2,2,2,2,2,2,2,2,2,2,2,2,2,2,2,2,2,2,2,2,2,2,2,2,2,2,2,
0.2,0.143242,-5.04307,-0.517107,2,2,2,2,2,2,2,2,2,2,2,2,2,2,2,2,2,2,2,2,2,2,2,2,2,2,2,2,2,2,2,2,2,2,2,2,2,2,2,2,2,2,2,2,0.590232,0.49305,0.445447,0.414738,0.393425,0.378388,0.368039,0.361498,0.358281,0.358169,0.361156,0.367444,0.377494,0.392148,0.412928,0.442789,0.488686,0.578505,2,2,2,2,2,2,2,2,2,2,2,2,2,2,2,2,2,2,2,2,2,2,2,2,2,2,2,2,
0.3,0.208436,-5.08015,-0.667107,2,2,2,2,2,2,2,2,2,2,2,2,2,2,2,2,2,2,2,2,2,2,2,2,2,2,2,2,2,2,2,2,2,2,2,2,2,2,2,2,2,2,2,2,2,2,0.523831,0.429845,0.384773,0.355632,0.335169,0.320393,0.309769,0.302429,0.297861,0.29578,0.296065,0.298731,0.303938,0.312016,0.323548,0.339525,0.361729,0.393772,0.445194,0.604837,2,2,2,2,2,2,2,2,2,2,2,2,2,2,2,2,2,2,2,2,2,2,2,2,
0.4,0.267357,-5.12656,-0.817107,2,2,2,2,2,2,2,2,2,2,2,2,2,2,2,2,2,2,2,2,2,2,2,2,2,2,2,2,2,2,2,2,2,2,2,2,2,2,2,2,2,2,2,2,2,2,2,2,2,0.391285,0.341972,0.311493,0.290302,0.274872,0.263471,0.255132,0.249271,0.245534,0.243716,0.243722,0.245551,0.249299,0.255173,0.263529,0.27495,0.290408,0.311641,0.342193,0.39168,2,2,2,2,2,2,2,2,2,2,2,2,2,2,2,2,2,2,2,2,2,
0.5,0.318682,-5.18124,-0.942305,2,2,2,2,2,2,2,2,2,2,2,2,2,2,2,2,2,2,2,2,2,2,2,2,2,2,2,2,2,2,2,2,2,2,2,2,2,2,2,2,2,2,2,2,2,2,2,2,2,2,2,0.369603,0.312698,0.280151,0.258041,0.242008,0.230051,0.221079,0.214445,0.209741,0.206715,0.205216,0.205172,0.206582,0.209512,0.214107,0.220615,0.229429,0.24118,0.256921,0.278575,0.310269,0.364703,2,2,2,2,2,2,2,2,2,2,2,2,2,2,2,2,2,
0.6,0.362777,-5.24191,-1.0438,2,2,2,2,2,2,2,2,2,2,2,2,2,2,2,2,2,2,2,2,2,2,2,2,2,2,2,2,2,2,2,2,2,2,2,2,2,2,2,2,2,2,2,2,2,2,2,2,2,2,2,2,2,0.382844,0.303586,0.266124,0.241835,0.224534,0.211678,0.201955,0.194604,0.189154,0.185303,0.182859,0.181709,0.181802,0.183142,0.185789,0.189867,0.195581,0.203254,0.213391,0.226815,0.24496,0.27068,0.311296,0.412069,2,2,2,2,2,2,2,2,2,2,2,2,2,
0.7,0.400497,-5.30674,-1.12598,2,2,2,2,2,2,2,2,2,2,2,2,2,2,2,2,2,2,2,2,2,2,2,2,2,2,2,2,2,2,2,2,2,2,2,2,2,2,2,2,2,2,2,2,2,2,2,2,2,2,2,2,2,2,2,2,0.325353,0.274556,0.244999,0.224777,0.210015,0.198908,0.190465,0.184087,0.179396,0.176148,0.174188,0.17343,0.173841,0.175438,0.178291,0.182534,0.18838,0.196161,0.206399,0.219938,0.238273,0.26442,0.306394,0.446177,2,2,2,2,2,2,2,2,2,2,
0.8,0.432769,-5.37444,-1.1922,2,2,2,2,2,2,2,2,2,2,2,2,2,2,2,2,2,2,2,2,2,2,2,2,2,2,2,2,2,2,2,2,2,2,2,2,2,2,2,2,2,2,2,2,2,2,2,2,2,2,2,2,2,2,2,2,2,2,0.419297,0.310796,0.269593,0.243651,0.225389,0.21189,0.201694,0.193968,0.1882,0.184064,0.18135,0.179931,0.179746,0.180786,0.183097,0.186783,0.192028,0.199115,0.208492,0.220872,0.237472,0.260613,0.295732,0.364595,2,2,2,2,2,2,2,2,
0.9,0.46049,-5.44413,-1.2459,2,2,2,2,2,2,2,2,2,2,2,2,2,2,2,2,2,2,2,2,2,2,2,2,2,2,2,2,2,2,2,2,2,2,2,2,2,2,2,2,2,2,2,2,2,2,2,2,2,2,2,2,2,2,2,2,2,2,2,2,2,0.385724,0.316354,0.28033,0.2565,0.239407,0.226699,0.217139,0.209999,0.204829,0.201343,0.199366,0.198805,0.199635,0.201893,0.205687,0.211211,0.218775,0.228875,0.242309,0.260465,0.286053,0.325753,0.412496,2,2,2,2,2,2,
1,0.48443,-5.5152,-1.28924,2,2,2,2,2,2,2,2,2,2,2,2,2,2,2,2,2,2,2,2,2,2,2,2,2,2,2,2,2,2,2,2,2,2,2,2,2,2,2,2,2,2,2,2,2,2,2,2,2,2,2,2,2,2,2,2,2,2,2,2,2,2,2,2,0.383176,0.33116,0.299839,0.278236,0.262518,0.250852,0.24222,0.236012,0.231853,0.229514,0.228878,0.229911,0.232666,0.237285,0.244025,0.253308,0.26582,0.28272,0.306153,0.340846,0.402337,2,2,2,2,2,
1.1,0.505269,-5.58725,-1.32432,2,2,2,2,2,2,2,2,2,2,2,2,2,2,2,2,2,2,2,2,2,2,2,2,2,2,2,2,2,2,2,2,2,2,2,2,2,2,2,2,2,2,2,2,2,2,2,2,2,2,2,2,2,2,2,2,2,2,2,2,2,2,2,2,2,2,0.462404,0.389235,0.34998,0.32391,0.305341,0.29178,0.28191,0.274968,0.270495,0.268227,0.268038,0.269918,0.27397,0.28043,0.289715,0.302519,0.320028,0.344435,0.380521,0.443502,2,2,2,2,
1.2,0.523568,-5.65998,-1.35216,2,2,2,2,2,2,2,2,2,2,2,2,2,2,2,2,2,2,2,2,2,2,2,2,2,2,2,2,2,2,2,2,2,2,2,2,2,2,2,2,2,2,2,2,2,2,2,2,2,2,2,2,2,2,2,2,2,2,2,2,2,2,2,2,2,2,2,2,0.532882,0.444832,0.40048,0.371574,0.35128,0.33671,0.326374,0.319427,0.315382,0.313983,0.315144,0.318936,0.325598,0.335592,0.34972,0.369394,0.397311,0.439697,0.519966,2,2,2,
1.3,0.539836,-5.7332,-1.37477,2,2,2,2,2,2,2,2,2,2,2,2,2,2,2,2,2,2,2,2,2,2,2,2,2,2,2,2,2,2,2,2,2,2,2,2,2,2,2,2,2,2,2,2,2,2,2,2,2,2,2,2,2,2,2,2,2,2,2,2,2,2,2,2,2,2,2,2,2,2,0.57475,0.491573,0.447268,0.418202,0.397958,0.383745,0.374114,0.368264,0.365765,0.366448,0.370358,0.377768,0.389249,0.405831,0.429412,0.463868,0.51944,0.688264,2,2,
1.4,0.554444,-5.80676,-1.39304,2,2,2,2,2,2,2,2,2,2,2,2,2,2,2,2,2,2,2,2,2,2,2,2,2,2,2,2,2,2,2,2,2,2,2,2,2,2,2,2,2,2,2,2,2,2,2,2,2,2,2,2,2,2,2,2,2,2,2,2,2,2,2,2,2,2,2,2,2,2,2,2,0.59612,0.529076,0.489453,0.46298,0.444771,0.432545,0.425108,0.421837,0.422479,0.427083,0.436012,0.450044,0.470653,0.500714,0.54685,0.633037,2,2,
1.5,0.567705,-5.88058,-1.40819,2,2,2,2,2,2,2,2,2,2,2,2,2,2,2,2,2,2,2,2,2,2,2,2,2,2,2,2,2,2,2,2,2,2,2,2,2,2,2,2,2,2,2,2,2,2,2,2,2,2,2,2,2,2,2,2,2,2,2,2,2,2,2,2,2,2,2,2,2,2,2,2,2,0.713792,0.612911,0.561874,0.529322,0.507484,0.493106,0.484577,0.481095,0.482359,0.488476,0.499994,0.518089,0.545082,0.585991,0.655358,2,2,
1.6,0.579847,-5.95459,-1.41961,2,2,2,2,2,2,2,2,2,2,2,2,2,2,2,2,2,2,2,2,2,2,2,2,2,2,2,2,2,2,2,2,2,2,2,2,2,2,2,2,2,2,2,2,2,2,2,2,2,2,2,2,2,2,2,2,2,2,2,2,2,2,2,2,2,2,2,2,2,2,2,2,2,2,0.839864,0.692267,0.631575,0.594355,0.570005,0.554437,0.545723,0.542963,0.54589,0.554785,0.570575,0.595226,0.632924,0.694636,0.851719,2,
1.7,0.591143,-6.02873,-1.42871,2,2,2,2,2,2,2,2,2,2,2,2,2,2,2,2,2,2,2,2,2,2,2,2,2,2,2,2,2,2,2,2,2,2,2,2,2,2,2,2,2,2,2,2,2,2,2,2,2,2,2,2,2,2,2,2,2,2,2,2,2,2,2,2,2,2,2,2,2,2,2,2,2,2,2,0.962708,0.76296,0.696678,0.656977,0.631627,0.616097,0.608334,0.607466,0.613402,0.626792,0.649313,0.684628,0.741859,0.861403,2,
1.8,0.601763,-6.10298,-1.43529,2,2,2,2,2,2,2,2,2,2,2,2,2,2,2,2,2,2,2,2,2,2,2,2,2,2,2,2,2,2,2,2,2,2,2,2,2,2,2,2,2,2,2,2,2,2,2,2,2,2,2,2,2,2,2,2,2,2,2,2,2,2,2,2,2,2,2,2,2,2,2,2,2,2,2,2,0.992519,0.822164,0.755985,0.716577,0.692104,0.678146,0.672786,0.675378,0.686228,0.706741,0.740223,0.794789,0.901347,2,
1.9,0.611895,-6.17729,-1.44199,2,2,2,2,2,2,2,2,2,2,2,2,2,2,2,2,2,2,2,2,2,2,2,2,2,2,2,2,2,2,2,2,2,2,2,2,2,2,2,2,2,2,2,2,2,2,2,2,2,2,2,2,2,2,2,2,2,2,2,2,2,2,2,2,2,2,2,2,2,2,2,2,2,2,2,2,2,1.01118,0.874193,0.811814,0.774736,0.752655,0.741641,0.740126,0.747913,0.766063,0.797522,0.849589,0.947492,2,
2,0.621529,-6.25167,-1.44774,2,2,2,2,2,2,2,2,2,2,2,2,2,2,2,2,2,2,2,2,2,2,2,2,2,2,2,2,2,2,2,2,2,2,2,2,2,2,2,2,2,2,2,2,2,2,2,2,2,2,2,2,2,2,2,2,2,2,2,2,2,2,2,2,2,2,2,2,2,2,2,2,2,2,2,2,2,2,1.02911,0.920364,0.864768,0.832053,0.814069,0.807688,0.811963,0.82752,0.856948,0.906938,0.999369,2,
2.1,0.630735,-6.3261,-1.45564,2,2,2,2,2,2,2,2,2,2,2,2,2,2,2,2,2,2,2,2,2,2,2,2,2,2,2,2,2,2,2,2,2,2,2,2,2,2,2,2,2,2,2,2,2,2,2,2,2,2,2,2,2,2,2,2,2,2,2,2,2,2,2,2,2,2,2,2,2,2,2,2,2,2,2,2,2,2,2,1.05531,0.966468,0.91826,0.890907,0.8782,0.877933,0.890065,0.916686,0.963736,1.04979,2,
2.2,0.639352,-6.40061,-1.45126,2,2,2,2,2,2,2,2,2,2,2,2,2,2,2,2,2,2,2,2,2,2,2,2,2,2,2,2,2,2,2,2,2,2,2,2,2,2,2,2,2,2,2,2,2,2,2,2,2,2,2,2,2,2,2,2,2,2,2,2,2,2,2,2,2,2,2,2,2,2,2,2,2,2,2,2,2,2,2,1.20914,1.06799,1.0036,0.967775,0.950025,0.946765,0.957419,0.983959,1.03266,1.12402,2,
2.3,0.648296,-6.47507,-1.30126,2,2,2,2,2,2,2,2,2,2,2,2,2,2,2,2,2,2,2,2,2,2,2,2,2,2,2,2,2,2,2,2,2,2,2,2,2,2,2,2,2,2,2,2,2,2,2,2,2,2,2,2,2,2,2,2,2,2,2,2,2,2,2,2,2,2,2,2,2,2,2,2,2,2,2,2,2,2,1.17241,1.08911,1.04469,1.02225,1.01656,1.02648,1.05402,1.10624,1.20801,2,2,2,
2.4,0.668268,-6.54736,-1.15126,2,2,2,2,2,2,2,2,2,2,2,2,2,2,2,2,2,2,2,2,2,2,2,2,2,2,2,2,2,2,2,2,2,2,2,2,2,2,2,2,2,2,2,2,2,2,2,2,2,2,2,2,2,2,2,2,2,2,2,2,2,2,2,2,2,2,2,2,2,2,2,2,2,2,2,2,1.29582,1.17886,1.12175,1.0924,1.08256,1.09008,1.11658,1.16913,1.27342,2,2,2,2,2,
2.5,0.698818,-6.61586,-1.00126,2,2,2,2,2,2,2,2,2,2,2,2,2,2,2,2,2,2,2,2,2,2,2,2,2,2,2,2,2,2,2,2,2,2,2,2,2,2,2,2,2,2,2,2,2,2,2,2,2,2,2,2,2,2,2,2,2,2,2,2,2,2,2,2,2,2,2,2,2,2,2,2,2,2,1.48939,1.27608,1.19972,1.16059,1.14466,1.14802,1.17144,1.22121,1.32039,2,2,2,2,2,2,2,
2.6,0.739262,-6.67902,-0.851257,2,2,2,2,2,2,2,2,2,2,2,2,2,2,2,2,2,2,2,2,2,2,2,2,2,2,2,2,2,2,2,2,2,2,2,2,2,2,2,2,2,2,2,2,2,2,2,2,2,2,2,2,2,2,2,2,2,2,2,2,2,2,2,2,2,2,2,2,2,2,2,2,2,1.38894,1.28025,1.22738,1.20315,1.20057,1.21902,1.26346,1.35244,2,2,2,2,2,2,2,2,2,
2.7,0.788689,-6.73543,-0.701257,2,2,2,2,2,2,2,2,2,2,2,2,2,2,2,2,2,2,2,2,2,2,2,2,2,2,2,2,2,2,2,2,2,2,2,2,2,2,2,2,2,2,2,2,2,2,2,2,2,2,2,2,2,2,2,2,2,2,2,2,2,2,2,2,2,2,2,2,2,2,2,1.5517,1.36672,1.29387,1.2586,1.24826,1.2601,1.2973,1.37367,1.58383,2,2,2,2,2,2,2,2,2,2,
2.8,0.845992,-6.78382,-0.551257,2,2,2,2,2,2,2,2,2,2,2,2,2,2,2,2,2,2,2,2,2,2,2,2,2,2,2,2,2,2,2,2,2,2,2,2,2,2,2,2,2,2,2,2,2,2,2,2,2,2,2,2,2,2,2,2,2,2,2,2,2,2,2,2,2,2,2,2,2,2,1.46674,1.36186,1.31187,1.29177,1.29554,1.32417,1.38725,1.52965,2,2,2,2,2,2,2,2,2,2,2,2,
2.9,0.909882,-6.8231,-0.401257,2,2,2,2,2,2,2,2,2,2,2,2,2,2,2,2,2,2,2,2,2,2,2,2,2,2,2,2,2,2,2,2,2,2,2,2,2,2,2,2,2,2,2,2,2,2,2,2,2,2,2,2,2,2,2,2,2,2,2,2,2,2,2,2,2,2,2,2,1.60809,1.4345,1.3641,1.3319,1.32618,1.34532,1.39524,1.50134,2,2,2,2,2,2,2,2,2,2,2,2,2,2,
3,0.978925,-6.85239,-0.251257,2,2,2,2,2,2,2,2,2,2,2,2,2,2,2,2,2,2,2,2,2,2,2,2,2,2,2,2,2,2,2,2,2,2,2,2,2,2,2,2,2,2,2,2,2,2,2,2,2,2,2,2,2,2,2,2,2,2,2,2,2,2,2,2,2,2,2,1.51836,1.41689,1.36945,1.35278,1.36172,1.39891,1.47933,1.73558,2,2,2,2,2,2,2,2,2,2,2,2,2,2,2,
3.1,1.05157,-6.87104,-0.101257,2,2,2,2,2,2,2,2,2,2,2,2,2,2,2,2,2,2,2,2,2,2,2,2,2,2,2,2,2,2,2,2,2,2,2,2,2,2,2,2,2,2,2,2,2,2,2,2,2,2,2,2,2,2,2,2,2,2,2,2,2,2,2,2,2,1.63475,1.47278,1.40535,1.376,1.37407,1.39898,1.4593,1.59574,2,2,2,2,2,2,2,2,2,2,2,2,2,2,2,2,2,
3.2,1.12619,-6.87862,0.0487425,2,2,2,2,2,2,2,2,2,2,2,2,2,2,2,2,2,2,2,2,2,2,2,2,2,2,2,2,2,2,2,2,2,2,2,2,2,2,2,2,2,2,2,2,2,2,2,2,2,2,2,2,2,2,2,2,2,2,2,2,2,2,2,2,1.53661,1.44071,1.39639,1.38285,1.39587,1.43949,1.53392,2,2,2,2,2,2,2,2,2,2,2,2,2,2,2,2,2,2,2,
3.3,1.2011,-6.87496,0.198743,2,2,2,2,2,2,2,2,2,2,2,2,2,2,2,2,2,2,2,2,2,2,2,2,2,2,2,2,2,2,2,2,2,2,2,2,2,2,2,2,2,2,2,2,2,2,2,2,2,2,2,2,2,2,2,2,2,2,2,2,2,2,1.62181,1.47707,1.4144,1.38835,1.38971,1.4189,1.48663,1.65046,2,2,2,2,2,2,2,2,2,2,2,2,2,2,2,2,2,2,2,2,
3.4,1.27462,-6.86016,0.348743,2,2,2,2,2,2,2,2,2,2,2,2,2,2,2,2,2,2,2,2,2,2,2,2,2,2,2,2,2,2,2,2,2,2,2,2,2,2,2,2,2,2,2,2,2,2,2,2,2,2,2,2,2,2,2,2,2,2,2,2,2,1.51704,1.43046,1.39066,1.38049,1.39682,1.44487,1.5489,2,2,2,2,2,2,2,2,2,2,2,2,2,2,2,2,2,2,2,2,2,2,
3.5,1.34511,-6.83453,0.498743,2,2,2,2,2,2,2,2,2,2,2,2,2,2,2,2,2,2,2,2,2,2,2,2,2,2,2,2,2,2,2,2,2,2,2,2,2,2,2,2,2,2,2,2,2,2,2,2,2,2,2,2,2,2,2,2,2,2,2,1.56642,1.44499,1.38972,1.36801,1.37266,1.40506,1.47746,1.66276,2,2,2,2,2,2,2,2,2,2,2,2,2,2,2,2,2,2,2,2,2,2,2,
3.6,1.41097,-6.79865,0.648743,2,2,2,2,2,2,2,2,2,2,2,2,2,2,2,2,2,2,2,2,2,2,2,2,2,2,2,2,2,2,2,2,2,2,2,2,2,2,2,2,2,2,2,2,2,2,2,2,2,2,2,2,2,2,2,2,2,1.6474,1.45843,1.38526,1.35191,1.34583,1.36526,1.41632,1.52602,2,2,2,2,2,2,2,2,2,2,2,2,2,2,2,2,2,2,2,2,2,2,2,2,2,
3.7,1.47073,-6.75334,0.798743,2,2,2,2,2,2,2,2,2,2,2,2,2,2,2,2,2,2,2,2,2,2,2,2,2,2,2,2,2,2,2,2,2,2,2,2,2,2,2,2,2,2,2,2,2,2,2,2,2,2,2,2,2,2,2,2,1.47144,1.37673,1.33166,1.3157,1.32414,1.35934,1.43462,1.63652,2,2,2,2,2,2,2,2,2,2,2,2,2,2,2,2,2,2,2,2,2,2,2,2,2,2,
3.8,1.52305,-6.6996,0.948743,2,2,2,2,2,2,2,2,2,2,2,2,2,2,2,2,2,2,2,2,2,2,2,2,2,2,2,2,2,2,2,2,2,2,2,2,2,2,2,2,2,2,2,2,2,2,2,2,2,2,2,2,2,2,1.48521,1.36324,1.30651,1.28159,1.28067,1.3035,1.35707,1.47041,2,2,2,2,2,2,2,2,2,2,2,2,2,2,2,2,2,2,2,2,2,2,2,2,2,2,2,2,
3.9,1.56676,-6.63865,1.09874,2,2,2,2,2,2,2,2,2,2,2,2,2,2,2,2,2,2,2,2,2,2,2,2,2,2,2,2,2,2,2,2,2,2,2,2,2,2,2,2,2,2,2,2,2,2,2,2,2,2,2,2,1.50285,1.3434,1.27549,1.24273,1.234,1.24703,1.28528,1.36311,1.58804,2,2,2,2,2,2,2,2,2,2,2,2,2,2,2,2,2,2,2,2,2,2,2,2,2,2,2,2,2,
4,1.60086,-6.57186,1.22529,2,2,2,2,2,2,2,2,2,2,2,2,2,2,2,2,2,2,2,2,2,2,2,2,2,2,2,2,2,2,2,2,2,2,2,2,2,2,2,2,2,2,2,2,2,2,2,2,2,2,2,1.35716,1.25764,1.20825,1.18598,1.18466,1.20398,1.2491,1.33897,2,2,2,2,2,2,2,2,2,2,2,2,2,2,2,2,2,2,2,2,2,2,2,2,2,2,2,2,2,2,2,
4.1,1.62626,-6.50129,1.33037,2,2,2,2,2,2,2,2,2,2,2,2,2,2,2,2,2,2,2,2,2,2,2,2,2,2,2,2,2,2,2,2,2,2,2,2,2,2,2,2,2,2,2,2,2,2,2,2,2,2,1.27485,1.19121,1.14816,1.129,1.12893,1.14795,1.1908,1.27402,2,2,2,2,2,2,2,2,2,2,2,2,2,2,2,2,2,2,2,2,2,2,2,2,2,2,2,2,2,2,2,2,
4.2,1.64412,-6.42845,1.41766,2,2,2,2,2,2,2,2,2,2,2,2,2,2,2,2,2,2,2,2,2,2,2,2,2,2,2,2,2,2,2,2,2,2,2,2,2,2,2,2,2,2,2,2,2,2,2,2,2,1.21657,1.13447,1.09128,1.07072,1.06787,1.08213,1.11668,1.18215,1.32822,2,2,2,2,2,2,2,2,2,2,2,2,2,2,2,2,2,2,2,2,2,2,2,2,2,2,2,2,2,2,2,2,
4.3,1.65556,-6.35432,1.4902,2,2,2,2,2,2,2,2,2,2,2,2,2,2,2,2,2,2,2,2,2,2,2,2,2,2,2,2,2,2,2,2,2,2,2,2,2,2,2,2,2,2,2,2,2,2,2,2,1.17614,1.08549,1.03766,1.01272,1.00465,1.01187,1.03579,1.08209,1.16921,2,2,2,2,2,2,2,2,2,2,2,2,2,2,2,2,2,2,2,2,2,2,2,2,2,2,2,2,2,2,2,2,2,
4.4,1.6616,-6.27957,1.5505,2,2,2,2,2,2,2,2,2,2,2,2,2,2,2,2,2,2,2,2,2,2,2,2,2,2,2,2,2,2,2,2,2,2,2,2,2,2,2,2,2,2,2,2,2,2,2,1.15849,1.04543,0.988734,0.957192,0.942514,0.941877,0.95517,0.984907,1.03858,1.14277,2,2,2,2,2,2,2,2,2,2,2,2,2,2,2,2,2,2,2,2,2,2,2,2,2,2,2,2,2,2,2,2,2,
4.5,1.66312,-6.20458,1.60064,2,2,2,2,2,2,2,2,2,2,2,2,2,2,2,2,2,2,2,2,2,2,2,2,2,2,2,2,2,2,2,2,2,2,2,2,2,2,2,2,2,2,2,2,2,2,1.20609,1.01793,0.946514,0.906154,0.883918,0.875297,0.87886,0.895181,0.927236,0.98318,1.09327,2,2,2,2,2,2,2,2,2,2,2,2,2,2,2,2,2,2,2,2,2,2,2,2,2,2,2,2,2,2,2,2,2,
4.6,1.66088,-6.12962,1.45064,2,2,2,2,2,2,2,2,2,2,2,2,2,2,2,2,2,2,2,2,2,2,2,2,2,2,2,2,2,2,2,2,2,2,2,2,2,2,2,2,2,2,2,2,2,2,2,2,2,0.976135,0.895887,0.850854,0.824514,0.811339,0.809213,0.817827,0.838487,0.874993,0.937516,1.07257,2,2,2,2,2,2,2,2,2,2,2,2,2,2,2,2,2,2,2,2,2,2,2,2,2,2,2,2,2,2,
4.7,1.66987,-6.05516,1.30064,2,2,2,2,2,2,2,2,2,2,2,2,2,2,2,2,2,2,2,2,2,2,2,2,2,2,2,2,2,2,2,2,2,2,2,2,2,2,2,2,2,2,2,2,2,2,2,2,2,2,2,0.966184,0.8631,0.809322,0.776993,0.758371,0.750371,0.751883,0.763107,0.785667,0.823666,0.888015,1.0351,2,2,2,2,2,2,2,2,2,2,2,2,2,2,2,2,2,2,2,2,2,2,2,2,2,2,2,
4.8,1.68989,-5.98288,1.15064,2,2,2,2,2,2,2,2,2,2,2,2,2,2,2,2,2,2,2,2,2,2,2,2,2,2,2,2,2,2,2,2,2,2,2,2,2,2,2,2,2,2,2,2,2,2,2,2,2,2,2,2,2,2,0.859332,0.787907,0.746195,0.720572,0.70616,0.70089,0.7041,0.716187,0.738813,0.775933,0.837812,0.974387,2,2,2,2,2,2,2,2,2,2,2,2,2,2,2,2,2,2,2,2,2,2,2,2,
4.9,1.72048,-5.9144,1.00064,2,2,2,2,2,2,2,2,2,2,2,2,2,2,2,2,2,2,2,2,2,2,2,2,2,2,2,2,2,2,2,2,2,2,2,2,2,2,2,2,2,2,2,2,2,2,2,2,2,2,2,2,2,2,2,2,0.92255,0.79787,0.738831,0.702914,0.680639,0.668258,0.664142,0.667805,0.679678,0.70131,0.736271,0.793476,0.910228,2,2,2,2,2,2,2,2,2,2,2,2,2,2,2,2,2,2,2,2,2,
5,1.76096,-5.85126,0.850639,2,2,2,2,2,2,2,2,2,2,2,2,2,2,2,2,2,2,2,2,2,2,2,2,2,2,2,2,2,2,2,2,2,2,2,2,2,2,2,2,2,2,2,2,2,2,2,2,2,2,2,2,2,2,2,2,2,2,2,0.874143,0.766834,0.712262,0.678548,0.657493,0.645741,0.641808,0.645245,0.656443,0.676802,0.709502,0.762206,0.863009,2,2,2,2,2,2,2,2,2,2,2,2,2,2,2,2,2,2,
5.1,1.81043,-5.79489,0.700639,2,2,2,2,2,2,2,2,2,2,2,2,2,2,2,2,2,2,2,2,2,2,2,2,2,2,2,2,2,2,2,2,2,2,2,2,2,2,2,2,2,2,2,2,2,2,2,2,2,2,2,2,2,2,2,2,2,2,2,2,2,2,0.869845,0.761441,0.706625,0.672735,0.651482,0.639477,0.635208,0.638194,0.648767,0.668225,0.699511,0.749584,0.842184,2,2,2,2,2,2,2,2,2,2,2,2,2,2,2,
5.2,1.86776,-5.74653,0.550639,2,2,2,2,2,2,2,2,2,2,2,2,2,2,2,2,2,2,2,2,2,2,2,2,2,2,2,2,2,2,2,2,2,2,2,2,2,2,2,2,2,2,2,2,2,2,2,2,2,2,2,2,2,2,2,2,2,2,2,2,2,2,2,2,2,0.900914,0.778537,0.720221,0.684556,0.662219,0.649501,0.644759,0.647447,0.657871,0.677321,0.708763,0.759248,0.852979,2,2,2,2,2,2,2,2,2,2,2,2,
5.3,1.93167,-5.70729,0.400639,2,2,2,2,2,2,2,2,2,2,2,2,2,2,2,2,2,2,2,2,2,2,2,2,2,2,2,2,2,2,2,2,2,2,2,2,2,2,2,2,2,2,2,2,2,2,2,2,2,2,2,2,2,2,2,2,2,2,2,2,2,2,2,2,2,2,2,2,0.964275,0.813903,0.750179,0.711941,0.688195,0.674754,0.669796,0.672727,0.683896,0.704749,0.738672,0.794006,0.903375,2,2,2,2,2,2,2,2,2,
5.4,2.00073,-5.67804,0.250639,2,2,2,2,2,2,2,2,2,2,2,2,2,2,2,2,2,2,2,2,2,2,2,2,2,2,2,2,2,2,2,2,2,2,2,2,2,2,2,2,2,2,2,2,2,2,2,2,2,2,2,2,2,2,2,2,2,2,2,2,2,2,2,2,2,2,2,2,2,2,2,1.05677,0.861101,0.79216,0.751639,0.726875,0.713245,0.708804,0.712989,0.72633,0.750719,0.790664,0.858387,1.03716,2,2,2,2,2,2,
5.5,2.07339,-5.65944,0.100639,2,2,2,2,2,2,2,2,2,2,2,2,2,2,2,2,2,2,2,2,2,2,2,2,2,2,2,2,2,2,2,2,2,2,2,2,2,2,2,2,2,2,2,2,2,2,2,2,2,2,2,2,2,2,2,2,2,2,2,2,2,2,2,2,2,2,2,2,2,2,2,2,2,2,1.12792,0.912109,0.841024,0.799812,0.775259,0.762626,0.760022,0.767096,0.784832,0.816147,0.868345,0.966634,2,2,2,2,
5.6,2.14801,-5.6519,-0.0493609,2,2,2,2,2,2,2,2,2,2,2,2,2,2,2,2,2,2,2,2,2,2,2,2,2,2,2,2,2,2,2,2,2,2,2,2,2,2,2,2,2,2,2,2,2,2,2,2,2,2,2,2,2,2,2,2,2,2,2,2,2,2,2,2,2,2,2,2,2,2,2,2,2,2,2,2,2,1.12544,0.960276,0.892298,0.853096,0.830762,0.820988,0.822249,0.834734,0.860453,0.904773,0.983581,2,2,
5.7,2.22292,-5.6556,-0.199361,1.02911,1.21446,2,2,2,2,2,2,2,2,2,2,2,2,2,2,2,2,2,2,2,2,2,2,2,2,2,2,2,2,2,2,2,2,2,2,2,2,2,2,2,2,2,2,2,2,2,2,2,2,2,2,2,2,2,2,2,2,2,2,2,2,2,2,2,2,2,2,2,2,2,2,2,2,2,2,2,2,2,2,1.12614,1.00338,0.943668,0.909632,0.89208,0.887701,0.895777,0.917664,0.957823,1.02911,
5.8,2.29643,-5.67046,-0.349361,0.983573,1.02204,1.09171,1.26004,2,2,2,2,2,2,2,2,2,2,2,2,2,2,2,2,2,2,2,2,2,2,2,2,2,2,2,2,2,2,2,2,2,2,2,2,2,2,2,2,2,2,2,2,2,2,2,2,2,2,2,2,2,2,2,2,2,2,2,2,2,2,2,2,2,2,2,2,2,2,2,2,2,2,2,2,2,2,2,1.13327,1.04339,0.995426,0.969589,0.959785,0.964182,0.983573,
5.9,2.3669,-5.69613,-0.199361,1.19387,2,2,2,2,2,2,2,2,2,2,2,2,2,2,2,2,2,2,2,2,2,2,2,2,2,2,2,2,2,2,2,2,2,2,2,2,2,2,2,2,2,2,2,2,2,2,2,2,2,2,2,2,2,2,2,2,2,2,2,2,2,2,2,2,2,2,2,2,2,2,2,2,2,2,2,2,2,2,2,2,1.23707,1.12815,1.07344,1.04466,1.03414,1.03971,1.06248,1.10791,1.19387,
6,2.44042,-5.71098,-0.0493609,2,2,2,2,2,2,2,2,2,2,2,2,2,2,2,2,2,2,2,2,2,2,2,2,2,2,2,2,2,2,2,2,2,2,2,2,2,2,2,2,2,2,2,2,2,2,2,2,2,2,2,2,2,2,2,2,2,2,2,2,2,2,2,2,2,2,2,2,2,2,2,2,2,2,2,2,2,2,2,1.36503,1.21873,1.15332,1.1195,1.1067,1.11199,1.13654,1.18682,1.28609,2,2,
6.1,2.51533,-5.71468,0.100639,2,2,2,2,2,2,2,2,2,2,2,2,2,2,2,2,2,2,2,2,2,2,2,2,2,2,2,2,2,2,2,2,2,2,2,2,2,2,2,2,2,2,2,2,2,2,2,2,2,2,2,2,2,2,2,2,2,2,2,2,2,2,2,2,2,2,2,2,2,2,2,2,2,2,2,2,2,2,1.31698,1.2349,1.1934,1.17649,1.17982,1.20418,1.25643,1.36274,2,2,2,2,
6.2,2.58995,-5.70715,0.250639,2,2,2,2,2,2,2,2,2,2,2,2,2,2,2,2,2,2,2,2,2,2,2,2,2,2,2,2,2,2,2,2,2,2,2,2,2,2,2,2,2,2,2,2,2,2,2,2,2,2,2,2,2,2,2,2,2,2,2,2,2,2,2,2,2,2,2,2,2,2,2,2,2,2,2,2,1.42847,1.31887,1.2662,1.24306,1.24258,1.26465,1.31572,1.42131,2,2,2,2,2,2,
6.3,2.6626,-5.68855,0.400639,2,2,2,2,2,2,2,2,2,2,2,2,2,2,2,2,2,2,2,2,2,2,2,2,2,2,2,2,2,2,2,2,2,2,2,2,2,2,2,2,2,2,2,2,2,2,2,2,2,2,2,2,2,2,2,2,2,2,2,2,2,2,2,2,2,2,2,2,2,2,2,2,2,2,1.57291,1.40721,1.33832,1.30641,1.30019,1.31794,1.36492,1.4632,2,2,2,2,2,2,2,2,
6.4,2.73166,-5.6593,0.550639,2,2,2,2,2,2,2,2,2,2,2,2,2,2,2,2,2,2,2,2,2,2,2,2,2,2,2,2,2,2,2,2,2,2,2,2,2,2,2,2,2,2,2,2,2,2,2,2,2,2,2,2,2,2,2,2,2,2,2,2,2,2,2,2,2,2,2,2,2,2,2,2,2,1.50439,1.41079,1.36696,1.35295,1.36449,1.40503,1.49193,2,2,2,2,2,2,2,2,2,2,
6.5,2.79558,-5.62005,0.700639,2,2,2,2,2,2,2,2,2,2,2,2,2,2,2,2,2,2,2,2,2,2,2,2,2,2,2,2,2,2,2,2,2,2,2,2,2,2,2,2,2,2,2,2,2,2,2,2,2,2,2,2,2,2,2,2,2,2,2,2,2,2,2,2,2,2,2,2,2,2,2,1.6225,1.48554,1.42544,1.4014,1.405,1.43735,1.51102,1.70468,2,2,2,2,2,2,2,2,2,2,2,
6.6,2.85291,-5.5717,0.850639,2,2,2,2,2,2,2,2,2,2,2,2,2,2,2,2,2,2,2,2,2,2,2,2,2,2,2,2,2,2,2,2,2,2,2,2,2,2,2,2,2,2,2,2,2,2,2,2,2,2,2,2,2,2,2,2,2,2,2,2,2,2,2,2,2,2,2,2,2,2,1.56623,1.48297,1.44623,1.44026,1.46313,1.52306,1.66131,2,2,2,2,2,2,2,2,2,2,2,2,2,
6.7,2.90237,-5.51532,1.00064,2,2,2,2,2,2,2,2,2,2,2,2,2,2,2,2,2,2,2,2,2,2,2,2,2,2,2,2,2,2,2,2,2,2,2,2,2,2,2,2,2,2,2,2,2,2,2,2,2,2,2,2,2,2,2,2,2,2,2,2,2,2,2,2,2,2,2,2,1.66127,1.54119,1.48825,1.47102,1.48345,1.52976,1.63398,2,2,2,2,2,2,2,2,2,2,2,2,2,2,2,
6.8,2.94286,-5.45219,1.15064,2,2,2,2,2,2,2,2,2,2,2,2,2,2,2,2,2,2,2,2,2,2,2,2,2,2,2,2,2,2,2,2,2,2,2,2,2,2,2,2,2,2,2,2,2,2,2,2,2,2,2,2,2,2,2,2,2,2,2,2,2,2,2,2,2,2,1.80529,1.60283,1.52838,1.49798,1.49911,1.53216,1.61122,1.84972,2,2,2,2,2,2,2,2,2,2,2,2,2,2,2,2,
6.9,2.97345,-5.38371,1.30064,2,2,2,2,2,2,2,2,2,2,2,2,2,2,2,2,2,2,2,2,2,2,2,2,2,2,2,2,2,2,2,2,2,2,2,2,2,2,2,2,2,2,2,2,2,2,2,2,2,2,2,2,2,2,2,2,2,2,2,2,2,2,2,2,2,1.67327,1.56776,1.52172,1.51072,1.53087,1.58975,1.72831,2,2,2,2,2,2,2,2,2,2,2,2,2,2,2,2,2,2,
7,2.99346,-5.31143,1.4398,2,2,2,2,2,2,2,2,2,2,2,2,2,2,2,2,2,2,2,2,2,2,2,2,2,2,2,2,2,2,2,2,2,2,2,2,2,2,2,2,2,2,2,2,2,2,2,2,2,2,2,2,2,2,2,2,2,2,2,2,2,2,2,1.82326,1.62346,1.54964,1.52023,1.523,1.55892,1.64425,2,2,2,2,2,2,2,2,2,2,2,2,2,2,2,2,2,2,2,2,
7.1,3.00326,-5.23707,1.5555,2,2,2,2,2,2,2,2,2,2,2,2,2,2,2,2,2,2,2,2,2,2,2,2,2,2,2,2,2,2,2,2,2,2,2,2,2,2,2,2,2,2,2,2,2,2,2,2,2,2,2,2,2,2,2,2,2,2,2,2,2,2,1.7802,1.61151,1.5441,1.5186,1.52485,1.56504,1.65858,2,2,2,2,2,2,2,2,2,2,2,2,2,2,2,2,2,2,2,2,2,
7.2,3.00441,-5.16208,1.65174,2,2,2,2,2,2,2,2,2,2,2,2,2,2,2,2,2,2,2,2,2,2,2,2,2,2,2,2,2,2,2,2,2,2,2,2,2,2,2,2,2,2,2,2,2,2,2,2,2,2,2,2,2,2,2,2,2,2,2,2,2,1.83544,1.62124,1.54512,1.51418,1.51539,1.54918,1.63029,1.89648,2,2,2,2,2,2,2,2,2,2,2,2,2,2,2,2,2,2,2,2,2,
7.3,2.99834,-5.08733,1.73185,2,2,2,2,2,2,2,2,2,2,2,2,2,2,2,2,2,2,2,2,2,2,2,2,2,2,2,2,2,2,2,2,2,2,2,2,2,2,2,2,2,2,2,2,2,2,2,2,2,2,2,2,2,2,2,2,2,2,2,2,2,1.65959,1.55645,1.51126,1.50059,1.5207,1.57908,1.71564,2,2,2,2,2,2,2,2,2,2,2,2,2,2,2,2,2,2,2,2,2,2,
7.4,2.98632,-5.0133,1.79854,2,2,2,2,2,2,2,2,2,2,2,2,2,2,2,2,2,2,2,2,2,2,2,2,2,2,2,2,2,2,2,2,2,2,2,2,2,2,2,2,2,2,2,2,2,2,2,2,2,2,2,2,2,2,2,2,2,2,2,2,1.77604,1.58969,1.51804,1.48909,1.49119,1.52507,1.60523,1.85626,2,2,2,2,2,2,2,2,2,2,2,2,2,2,2,2,2,2,2,2,2,2,
7.5,2.96938,-4.94023,1.85408,2,2,2,2,2,2,2,2,2,2,2,2,2,2,2,2,2,2,2,2,2,2,2,2,2,2,2,2,2,2,2,2,2,2,2,2,2,2,2,2,2,2,2,2,2,2,2,2,2,2,2,2,2,2,2,2,2,2,2,2,1.67804,1.54747,1.49063,1.47069,1.48048,1.52329,1.61993,2,2,2,2,2,2,2,2,2,2,2,2,2,2,2,2,2,2,2,2,2,2,2,
7.6,2.94842,-4.86822,1.90036,2,2,2,2,2,2,2,2,2,2,2,2,2,2,2,2,2,2,2,2,2,2,2,2,2,2,2,2,2,2,2,2,2,2,2,2,2,2,2,2,2,2,2,2,2,2,2,2,2,2,2,2,2,2,2,2,2,2,2,2,1.63025,1.51847,1.46852,1.45289,1.46624,1.51308,1.61762,2,2,2,2,2,2,2,2,2,2,2,2,2,2,2,2,2,2,2,2,2,2,2,
7.7,2.92415,-4.79726,1.93893,2,2,2,2,2,2,2,2,2,2,2,2,2,2,2,2,2,2,2,2,2,2,2,2,2,2,2,2,2,2,2,2,2,2,2,2,2,2,2,2,2,2,2,2,2,2,2,2,2,2,2,2,2,2,2,2,2,2,2,2,1.60433,1.49774,1.44963,1.43481,1.44832,1.49466,1.59724,2,2,2,2,2,2,2,2,2,2,2,2,2,2,2,2,2,2,2,2,2,2,2,
7.8,2.89716,-4.72728,1.97108,2,2,2,2,2,2,2,2,2,2,2,2,2,2,2,2,2,2,2,2,2,2,2,2,2,2,2,2,2,2,2,2,2,2,2,2,2,2,2,2,2,2,2,2,2,2,2,2,2,2,2,2,2,2,2,2,2,2,2,2,1.59414,1.48368,1.43358,1.4168,1.42777,1.47,1.56301,2,2,2,2,2,2,2,2,2,2,2,2,2,2,2,2,2,2,2,2,2,2,2,
7.9,2.86793,-4.65821,1.9979,2,2,2,2,2,2,2,2,2,2,2,2,2,2,2,2,2,2,2,2,2,2,2,2,2,2,2,2,2,2,2,2,2,2,2,2,2,2,2,2,2,2,2,2,2,2,2,2,2,2,2,2,2,2,2,2,2,2,2,2,1.59991,1.47639,1.42088,1.39986,1.40621,1.44188,1.52142,1.76347,2,2,2,2,2,2,2,2,2,2,2,2,2,2,2,2,2,2,2,2,2,2,
8,2.83686,-4.58995,2.02026,2,2,2,2,2,2,2,2,2,2,2,2,2,2,2,2,2,2,2,2,2,2,2,2,2,2,2,2,2,2,2,2,2,2,2,2,2,2,2,2,2,2,2,2,2,2,2,2,2,2,2,2,2,2,2,2,2,2,2,2,1.62824,1.4771,1.41257,1.38526,1.38541,1.41305,1.47811,1.63122,2,2,2,2,2,2,2,2,2,2,2,2,2,2,2,2,2,2,2,2,2,2,
8.1,2.80428,-4.5224,2.03892,2,2,2,2,2,2,2,2,2,2,2,2,2,2,2,2,2,2,2,2,2,2,2,2,2,2,2,2,2,2,2,2,2,2,2,2,2,2,2,2,2,2,2,2,2,2,2,2,2,2,2,2,2,2,2,2,2,2,2,2,1.71543,1.48827,1.41004,1.37435,1.36701,1.38583,1.43685,1.54732,2,2,2,2,2,2,2,2,2,2,2,2,2,2,2,2,2,2,2,2,2,2,
8.2,2.77044,-4.45547,2.05449,2,2,2,2,2,2,2,2,2,2,2,2,2,2,2,2,2,2,2,2,2,2,2,2,2,2,2,2,2,2,2,2,2,2,2,2,2,2,2,2,2,2,2,2,2,2,2,2,2,2,2,2,2,2,2,2,2,2,2,2,2,1.51467,1.41513,1.36854,1.35248,1.362,1.39992,1.4817,2,2,2,2,2,2,2,2,2,2,2,2,2,2,2,2,2,2,2,2,2,2,
8.3,2.73556,-4.38907,2.06749,2,2,2,2,2,2,2,2,2,2,2,2,2,2,2,2,2,2,2,2,2,2,2,2,2,2,2,2,2,2,2,2,2,2,2,2,2,2,2,2,2,2,2,2,2,2,2,2,2,2,2,2,2,2,2,2,2,2,2,2,2,1.56816,1.43048,1.36936,1.34314,1.34293,1.36866,1.429,1.5642,2,2,2,2,2,2,2,2,2,2,2,2,2,2,2,2,2,2,2,2,2,
8.4,2.69982,-4.32313,2.07835,2,2,2,2,2,2,2,2,2,2,2,2,2,2,2,2,2,2,2,2,2,2,2,2,2,2,2,2,2,2,2,2,2,2,2,2,2,2,2,2,2,2,2,2,2,2,2,2,2,2,2,2,2,2,2,2,2,2,2,2,2,2,1.46059,1.37872,1.34027,1.32969,1.34389,1.38712,1.47849,2,2,2,2,2,2,2,2,2,2,2,2,2,2,2,2,2,2,2,2,2,
8.5,2.66337,-4.25759,2.08742,2,2,2,2,2,2,2,2,2,2,2,2,2,2,2,2,2,2,2,2,2,2,2,2,2,2,2,2,2,2,2,2,2,2,2,2,2,2,2,2,2,2,2,2,2,2,2,2,2,2,2,2,2,2,2,2,2,2,2,2,2,2,1.51541,1.39927,1.34528,1.32325,1.3262,1.35495,1.41941,1.56788,2,2,2,2,2,2,2,2,2,2,2,2,2,2,2,2,2,2,2,2,
8.6,2.62632,-4.19238,2.09499,2,2,2,2,2,2,2,2,2,2,2,2,2,2,2,2,2,2,2,2,2,2,2,2,2,2,2,2,2,2,2,2,2,2,2,2,2,2,2,2,2,2,2,2,2,2,2,2,2,2,2,2,2,2,2,2,2,2,2,2,2,2,1.63986,1.43561,1.35999,1.32462,1.31607,1.3319,1.37683,1.47123,2,2,2,2,2,2,2,2,2,2,2,2,2,2,2,2,2,2,2,2,
8.7,2.58878,-4.12745,2.10133,2,2,2,2,2,2,2,2,2,2,2,2,2,2,2,2,2,2,2,2,2,2,2,2,2,2,2,2,2,2,2,2,2,2,2,2,2,2,2,2,2,2,2,2,2,2,2,2,2,2,2,2,2,2,2,2,2,2,2,2,2,2,2,1.49812,1.38716,1.33505,1.31406,1.31768,1.34692,1.41183,1.56165,2,2,2,2,2,2,2,2,2,2,2,2,2,2,2,2,2,2,2,
8.8,2.55083,-4.06276,2.10663,2,2,2,2,2,2,2,2,2,2,2,2,2,2,2,2,2,2,2,2,2,2,2,2,2,2,2,2,2,2,2,2,2,2,2,2,2,2,2,2,2,2,2,2,2,2,2,2,2,2,2,2,2,2,2,2,2,2,2,2,2,2,2,1.63508,1.43182,1.35633,1.32095,1.31227,1.32786,1.37232,1.46556,2,2,2,2,2,2,2,2,2,2,2,2,2,2,2,2,2,2,2,
8.9,2.51254,-3.99827,2.11106,2,2,2,2,2,2,2,2,2,2,2,2,2,2,2,2,2,2,2,2,2,2,2,2,2,2,2,2,2,2,2,2,2,2,2,2,2,2,2,2,2,2,2,2,2,2,2,2,2,2,2,2,2,2,2,2,2,2,2,2,2,2,2,2,1.50618,1.39143,1.33786,1.31593,1.31873,1.34706,1.41055,1.55526,2,2,2,2,2,2,2,2,2,2,2,2,2,2,2,2,2,2,
9,2.47396,-3.93395,2.11477,2,2,2,2,2,2,2,2,2,2,2,2,2,2,2,2,2,2,2,2,2,2,2,2,2,2,2,2,2,2,2,2,2,2,2,2,2,2,2,2,2,2,2,2,2,1.95688,1.93162,1.95493,2,2,2,2,2,2,2,2,2,2,2,2,2,2,2,2,1.68936,1.44619,1.36667,1.32925,1.31916,1.33353,1.37658,1.46716,2,2,2,2,2,2,2,2,2,2,2,2,2,2,2,2,2,2,
9.1,2.43515,-3.86978,2.11787,2,2,2,2,2,2,2,2,2,2,2,2,2,2,2,2,2,2,2,2,2,2,2,2,2,2,2,2,2,2,2,2,2,2,2,2,2,2,2,2,2,2,2,2,1.9624,1.88076,1.85707,1.87855,1.9566,2,2,2,2,2,2,2,2,2,2,2,2,2,2,2,2,1.53637,1.41071,1.35335,1.32922,1.33044,1.35736,1.41906,1.55815,2,2,2,2,2,2,2,2,2,2,2,2,2,2,2,2,2,
9.2,2.39613,-3.80572,2.12047,2,2,2,2,2,2,2,2,2,2,2,2,2,2,2,2,2,2,2,2,2,2,2,2,2,2,2,2,2,2,2,2,2,2,2,2,2,2,2,2,2,2,2,2,1.88076,1.80508,1.78253,1.80189,1.87259,2,2,2,2,2,2,2,2,2,2,2,2,2,2,2,2,2,1.47706,1.39026,1.34944,1.33725,1.35008,1.39175,1.48025,2,2,2,2,2,2,2,2,2,2,2,2,2,2,2,2,2,
9.3,2.35695,-3.74177,2.12265,2,2,2,2,2,2,2,2,2,2,2,2,2,2,2,2,2,2,2,2,2,2,2,2,2,2,2,2,2,2,2,2,2,2,2,2,2,2,2,2,2,2,2,1.99457,1.80023,1.72973,1.70802,1.72509,1.78857,1.95385,2,2,2,2,2,2,2,2,2,2,2,2,2,2,2,2,1.5876,1.44382,1.381,1.35397,1.35337,1.37904,1.4397,1.57634,2,2,2,2,2,2,2,2,2,2,2,2,2,2,2,2,
9.4,2.31763,-3.6779,2.12447,2,2,2,2,2,2,2,2,2,2,2,2,2,2,2,2,2,2,2,2,2,2,2,2,2,2,2,2,2,2,2,2,2,2,2,2,2,2,2,2,2,2,2,1.88997,1.72054,1.65465,1.63356,1.64826,1.70477,1.84315,2,2,2,2,2,2,2,2,2,2,2,2,2,2,2,2,2,1.52278,1.42611,1.38111,1.36661,1.37812,1.41914,1.50754,2,2,2,2,2,2,2,2,2,2,2,2,2,2,2,2,
9.5,2.2782,-3.61411,2.12601,2,2,2,2,2,2,2,2,2,2,2,2,2,2,2,2,2,2,2,2,2,2,2,2,2,2,2,2,2,2,2,2,2,2,2,2,2,2,2,2,2,2,2,1.79165,1.6415,1.57978,1.55916,1.57148,1.62136,1.73821,2,2,2,2,2,2,2,2,2,2,2,2,2,2,2,2,2,1.65983,1.48922,1.41992,1.38979,1.38761,1.41272,1.47389,1.61366,2,2,2,2,2,2,2,2,2,2,2,2,2,2,2,
9.6,2.23866,-3.55038,2.12729,2,2,2,2,2,2,2,2,2,2,2,2,2,2,2,2,2,2,2,2,2,2,2,2,2,2,2,2,2,2,2,2,2,2,2,2,2,2,2,2,2,2,2,1.69727,1.56296,1.50507,1.48483,1.49482,1.53846,1.63753,2,2,2,2,2,2,2,2,2,2,2,2,2,2,2,2,2,2,1.58114,1.47283,1.42344,1.40689,1.41774,1.45943,1.55091,2,2,2,2,2,2,2,2,2,2,2,2,2,2,2,
9.7,2.19905,-3.48669,2.12837,2,2,2,2,2,2,2,2,2,2,2,2,2,2,2,2,2,2,2,2,2,2,2,2,2,2,2,2,2,2,2,2,2,2,2,2,2,2,2,2,2,2,2,1.60564,1.48483,1.4305,1.41059,1.41834,1.45617,1.54022,2,2,2,2,2,2,2,2,2,2,2,2,2,2,2,2,2,2,1.75461,1.54482,1.46885,1.43594,1.43284,1.45859,1.52262,1.67414,2,2,2,2,2,2,2,2,2,2,2,2,2,2,
9.8,2.15936,-3.42305,2.12927,2,2,2,2,2,2,2,2,2,2,2,2,2,2,2,2,2,2,2,2,2,2,2,2,2,2,2,2,2,2,2,2,2,2,2,2,2,2,2,2,2,2,2,1.51601,1.407,1.35604,1.33645,1.34207,1.37452,1.44574,1.6238,2,2,2,2,2,2,2,2,2,2,2,2,2,2,2,2,2,2,1.64887,1.52858,1.4753,1.45744,1.46876,1.51306,1.61224,2,2,2,2,2,2,2,2,2,2,2,2,2,2,
9.9,2.11962,-3.35945,2.13004,2,2,2,2,2,2,2,2,2,2,2,2,2,2,2,2,2,2,2,2,2,2,2,2,2,2,2,2,2,2,2,2,2,2,2,2,2,2,2,2,2,2,2,1.42792,1.32942,1.28168,1.26241,1.26605,1.29355,1.3537,1.48532,2,2,2,2,2,2,2,2,2,2,2,2,2,2,2,2,2,2,1.88797,1.60798,1.52623,1.49146,1.48861,1.51671,1.58693,1.76633,2,2,2,2,2,2,2,2,2,2,2,2,2,
10,2.07983,-3.29587,2.13068,2,2,2,2,2,2,2,2,2,2,2,2,2,2,2,2,2,2,2,2,2,2,2,2,2,2,2,2,2,2,2,2,2,2,2,2,2,2,2,2,2,2,2,1.34105,1.25204,1.20739,1.18849,1.1903,1.21327,1.26382,1.36627,2,2,2,2,2,2,2,2,2,2,2,2,2,2,2,2,2,2,2,1.7215,1.59128,1.53541,1.51752,1.53096,1.58059,1.69472,2,2,2,2,2,2,2,2,2,2,2,2,2,
10.1,2.04,-3.23232,2.13121,2,2,2,2,2,2,2,2,2,2,2,2,2,2,2,2,2,2,2,2,2,2,2,2,2,2,2,2,2,2,2,2,2,2,2,2,2,2,2,2,2,2,2,1.25517,1.17483,1.13317,1.11468,1.11485,1.1337,1.17588,1.25727,2,2,2,2,2,2,2,2,2,2,2,2,2,2,2,2,2,2,2,2,1.67577,1.59045,1.55539,1.55446,1.58733,1.66868,1.94033,2,2,2,2,2,2,2,2,2,2,2,2,
10.2,2.00013,-3.1688,2.13167,2,2,2,2,2,2,2,2,2,2,2,2,2,2,2,2,2,2,2,2,2,2,2,2,2,2,2,2,2,2,2,2,2,2,2,2,2,2,2,2,2,2,1.35367,1.1701,1.09774,1.059,1.041,1.03969,1.05484,1.0897,1.15488,1.29949,2,2,2,2,2,2,2,2,2,2,2,2,2,2,2,2,2,2,2,1.79406,1.65891,1.6026,1.58653,1.60438,1.66325,1.80589,2,2,2,2,2,2,2,2,2,2,2,2,
10.3,1.96024,-3.10529,2.13205,2,2,2,2,2,2,2,2,2,2,2,2,2,2,2,2,2,2,2,2,2,2,2,2,2,2,2,2,2,2,2,2,2,2,2,2,2,2,2,2,2,2,1.22931,1.08573,1.02077,0.984879,0.967436,0.964856,0.976673,1.00515,1.05741,1.15815,2,2,2,2,2,2,2,2,2,2,2,2,2,2,2,2,2,2,2,2,1.74559,1.66014,1.62699,1.63028,1.6713,1.77187,2,2,2,2,2,2,2,2,2,2,2,2,
10.4,1.92032,-3.04179,2.13237,2,2,2,2,2,2,2,2,2,2,2,2,2,2,2,2,2,2,2,2,2,2,2,2,2,2,2,2,2,2,2,2,2,2,2,2,2,2,2,2,2,2,1.11902,1.00195,0.943878,0.910803,0.894003,0.890338,0.899208,0.922114,0.963836,1.03836,1.27314,2,2,2,2,2,2,2,2,2,2,2,2,2,2,2,2,2,2,2,1.86281,1.72994,1.67606,1.66426,1.68963,1.76373,1.9742,2,2,2,2,2,2,2,2,2,2,2,
10.5,1.88038,-2.97831,2.28237,2,2,2,2,2,2,2,2,2,2,2,2,2,2,2,2,2,2,2,2,2,2,2,2,2,2,2,2,2,2,2,2,2,2,2,2,2,2,2,2,0.999223,0.910854,0.862477,0.834146,0.819568,0.81633,0.823954,0.843598,0.878826,0.939111,1.06452,2,2,2,2,2,2,2,2,2,2,2,2,2,2,2,2,2,2,2,2,1.80186,1.72873,1.70526,1.7205,1.78118,1.93672,2,2,2,2,2,2,2,2,2,2,2,2,2,
10.6,1.8314,-2.92151,2.43237,2,2,2,2,2,2,2,2,2,2,2,2,2,2,2,2,2,2,2,2,2,2,2,2,2,2,2,2,2,2,2,2,2,2,2,2,2,1.02285,0.878706,0.814968,0.777209,0.75469,0.743349,0.741565,0.749101,0.766987,0.798111,0.849628,0.945921,2,2,2,2,2,2,2,2,2,2,2,2,2,2,2,2,2,2,2,2,1.87961,1.7795,1.74182,1.74552,1.79223,1.91166,2,2,2,2,2,2,2,2,2,2,2,2,2,2,2,
10.7,1.77449,-2.87267,2.58237,2,2,2,2,2,2,2,2,2,2,2,2,2,2,2,2,2,2,2,2,2,2,2,2,2,2,2,2,2,2,2,2,2,2,2,0.840519,0.763431,0.719138,0.691531,0.675132,0.667579,0.667945,0.676275,0.693597,0.722466,0.768851,0.851121,2,2,2,2,2,2,2,2,2,2,2,2,2,2,2,2,2,2,2,2,1.97203,1.82965,1.77458,1.76543,1.79802,1.88986,2,2,2,2,2,2,2,2,2,2,2,2,2,2,2,2,2,
10.8,1.71091,-2.83288,2.73237,2,2,2,2,2,2,2,2,2,2,2,2,2,2,2,2,2,2,2,2,2,2,2,2,2,2,2,2,2,2,2,2,0.786903,0.704054,0.657532,0.62797,0.609242,0.598673,0.595036,0.597949,0.607718,0.625455,0.653625,0.69777,0.774412,2,2,2,2,2,2,2,2,2,2,2,2,2,2,2,2,2,2,2,2,2,1.88109,1.80418,1.78081,1.79929,1.86856,2,2,2,2,2,2,2,2,2,2,2,2,2,2,2,2,2,2,2,
10.9,1.64211,-2.80304,2.88237,2,2,2,2,2,2,2,2,2,2,2,2,2,2,2,2,2,2,2,2,2,2,2,2,2,2,2,2,2,0.71281,0.636517,0.592689,0.564245,0.545583,0.534179,0.528799,0.52893,0.534584,0.546303,0.565364,0.594381,0.639209,0.718184,2,2,2,2,2,2,2,2,2,2,2,2,2,2,2,2,2,2,2,2,2,1.93726,1.83124,1.79206,1.79646,1.84646,1.97698,2,2,2,2,2,2,2,2,2,2,2,2,2,2,2,2,2,2,2,2,
11,1.56961,-2.78381,3.03237,2,2,2,2,2,2,2,2,2,2,2,2,2,2,2,2,2,2,2,2,2,2,2,2,2,2,0.627573,0.565882,0.528252,0.503149,0.486278,0.475589,0.470035,0.469131,0.472804,0.481363,0.495603,0.51709,0.548971,0.598671,0.695085,2,2,2,2,2,2,2,2,2,2,2,2,2,2,2,2,2,2,2,2,2,2,1.85642,1.79938,1.78967,1.82273,1.91681,2,2,2,2,2,2,2,2,2,2,2,2,2,2,2,2,2,2,2,2,2,2,
11.1,1.49506,-2.77564,3.18237,2,2,2,2,2,2,2,2,2,2,2,2,2,2,2,2,2,2,2,2,2,2,0.636933,0.547725,0.500753,0.470254,0.449352,0.435089,0.425959,0.421159,0.420311,0.423353,0.430516,0.442396,0.460136,0.485913,0.524328,0.588381,2,2,2,2,2,2,2,2,2,2,2,2,2,2,2,2,2,2,2,2,2,2,2,1.88053,1.80281,1.77889,1.79674,1.86496,2,2,2,2,2,2,2,2,2,2,2,2,2,2,2,2,2,2,2,2,2,2,2,2,
11.2,1.42012,-2.77869,3.33237,2,2,2,2,2,2,2,2,2,2,2,2,2,2,2,2,2,2,2,0.543732,0.485212,0.449348,0.424974,0.407961,0.396314,0.388961,0.385321,0.385131,0.388378,0.395294,0.406419,0.422757,0.446162,0.480406,0.53525,0.675424,2,2,2,2,2,2,2,2,2,2,2,2,2,2,2,2,2,2,2,2,2,2,2,1.90476,1.80217,1.76388,1.76791,1.81609,1.94035,2,2,2,2,2,2,2,2,2,2,2,2,2,2,2,2,2,2,2,2,2,2,2,2,2,
11.3,1.34648,-2.79291,3.48237,2,2,2,2,2,2,2,2,2,2,2,2,2,2,2,0.570549,0.489577,0.445912,0.417181,0.397151,0.383091,0.373579,0.367828,0.365416,0.36618,0.370171,0.377668,0.38925,0.405961,0.429724,0.464486,0.520763,2,2,2,2,2,2,2,2,2,2,2,2,2,2,2,2,2,2,2,2,2,2,2,2,2,1.93128,1.79701,1.74421,1.73566,1.7676,1.85661,2,2,2,2,2,2,2,2,2,2,2,2,2,2,2,2,2,2,2,2,2,2,2,2,2,2,2,
11.4,1.27579,-2.81798,3.63237,2,2,2,2,2,2,2,2,2,2,2,2,0.529633,0.468517,0.431746,0.406805,0.389274,0.377053,0.369008,0.364509,0.363238,0.365112,0.370256,0.379038,0.392165,0.410905,0.43765,0.47762,0.547217,2,2,2,2,2,2,2,2,2,2,2,2,2,2,2,2,2,2,2,2,2,2,2,2,2,2,1.9658,1.78654,1.71927,1.69938,1.7179,1.7831,1.95416,2,2,2,2,2,2,2,2,2,2,2,2,2,2,2,2,2,2,2,2,2,2,2,2,2,2,2,2,
11.5,1.20965,-2.85333,3.78237,2,2,2,2,2,2,2,2,2,0.534488,0.477579,0.442451,0.418499,0.401739,0.390235,0.382937,0.379276,0.37899,0.38206,0.388702,0.399426,0.415177,0.437692,0.470445,0.522124,0.638025,2,2,2,2,2,2,2,2,2,2,2,2,2,2,2,2,2,2,2,2,2,2,2,2,2,2,2,2,1.76949,1.68826,1.65843,1.66587,1.71362,1.83072,2,2,2,2,2,2,2,2,2,2,2,2,2,2,2,2,2,2,2,2,2,2,2,2,2,2,2,2,2,2,
11.6,1.14952,-2.89817,3.93237,2,2,2,2,2,2,0.579031,0.515218,0.476967,0.451258,0.433495,0.421507,0.414145,0.410805,0.411233,0.415461,0.423814,0.436997,0.456335,0.484369,0.526725,0.601478,2,2,2,2,2,2,2,2,2,2,2,2,2,2,2,2,2,2,2,2,2,2,2,2,2,2,2,2,2,2,1.74397,1.65021,1.61216,1.61069,1.64526,1.73242,2,2,2,2,2,2,2,2,2,2,2,2,2,2,2,2,2,2,2,2,2,2,2,2,2,2,2,2,2,2,2,2,
11.7,1.09678,-2.95148,4.08237,2,2,2,0.673653,0.58291,0.534948,0.503958,0.482965,0.468971,0.460465,0.456675,0.457287,0.462351,0.472293,0.488052,0.511447,0.546189,0.601636,0.727241,2,2,2,2,2,2,2,2,2,2,2,2,2,2,2,2,2,2,2,2,2,2,2,2,2,2,2,2,2,2,2,1.7074,1.6041,1.55998,1.55175,1.5764,1.64396,1.81515,2,2,2,2,2,2,2,2,2,2,2,2,2,2,2,2,2,2,2,2,2,2,2,2,2,2,2,2,2,2,2,2,2,
11.8,1.05259,-3.01209,4.23237,2,0.69191,0.619246,0.576884,0.54921,0.530941,0.519666,0.514194,0.514013,0.519107,0.52995,0.547675,0.574576,0.615624,0.685029,2,2,2,2,2,2,2,2,2,2,2,2,2,2,2,2,2,2,2,2,2,2,2,2,2,2,2,2,2,2,2,2,2,1.65691,1.54905,1.5015,1.48869,1.50617,1.56022,1.68404,2,2,2,2,2,2,2,2,2,2,2,2,2,2,2,2,2,2,2,2,2,2,2,2,2,2,2,2,2,2,2,2,2,2,2,
11.9,1.01796,-3.07861,4.37284,0.681667,0.638034,0.610041,0.59224,0.582191,0.578765,0.581615,0.591029,0.608051,0.634958,0.676781,0.747803,2,2,2,2,2,2,2,2,2,2,2,2,2,2,2,2,2,2,2,2,2,2,2,2,2,2,2,2,2,2,2,2,2,2,1.61387,1.49453,1.44097,1.4219,1.43083,1.47061,1.55892,2,2,2,2,2,2,2,2,2,2,2,2,2,2,2,2,2,2,2,2,2,2,2,2,2,2,2,2,2,2,2,2,2,2,2,0.757081,0.681666,
12,0.992976,-3.14933,4.48356,0.690205,0.66739,0.654369,0.649437,0.652023,0.662422,0.681928,0.713534,0.764377,0.859141,2,2,2,2,2,2,2,2,2,2,2,2,2,2,2,2,2,2,2,2,2,2,2,2,2,2,2,2,2,2,2,2,2,2,1.68481,1.47074,1.39393,1.35867,1.35121,1.36936,1.41883,1.52489,2,2,2,2,2,2,2,2,2,2,2,2,2,2,2,2,2,2,2,2,2,2,2,2,2,2,2,2,2,2,2,2,2,2,0.916444,0.7866,0.726668,0.690205,
12.1,0.975963,-3.22237,4.57361,0.73552,0.724698,0.723039,0.730331,0.747539,0.77735,0.826283,0.915351,2,2,2,2,2,2,2,2,2,2,2,2,2,2,2,2,2,2,2,2,2,2,2,2,2,2,2,2,2,2,2,2,2,2,2,1.50924,1.37234,1.31074,1.28272,1.27912,1.29897,1.34815,1.45061,2,2,2,2,2,2,2,2,2,2,2,2,2,2,2,2,2,2,2,2,2,2,2,2,2,2,2,2,2,2,2,2,2,2,0.978058,0.852621,0.79286,0.757003,0.73552,
12.2,0.965588,-3.29665,4.64177,0.799126,0.797835,0.80707,0.828218,0.865165,0.928302,1.0666,2,2,2,2,2,2,2,2,2,2,2,2,2,2,2,2,2,2,2,2,2,2,2,2,2,2,2,2,2,2,2,2,2,2,2,1.42529,1.29786,1.23842,1.21009,1.20416,1.21917,1.25903,1.33886,1.60334,2,2,2,2,2,2,2,2,2,2,2,2,2,2,2,2,2,2,2,2,2,2,2,2,2,2,2,2,2,2,2,2,2,2,0.951199,0.877753,0.835705,0.811128,0.799126,
12.3,0.960296,-3.37146,4.69597,0.872226,0.880451,0.902134,0.941613,1.0112,1.18391,2,2,2,2,2,2,2,2,2,2,2,2,2,2,2,2,2,2,2,2,2,2,2,2,2,2,2,2,2,2,2,2,2,2,2,1.37205,1.23481,1.17186,1.13988,1.12908,1.13693,1.16523,1.22211,1.33962,2,2,2,2,2,2,2,2,2,2,2,2,2,2,2,2,2,2,2,2,2,2,2,2,2,2,2,2,2,2,2,2,2,2,1.09306,0.981503,0.925086,0.892718,0.876108,0.872226,
12.4,0.959064,-3.44645,4.73806,0.951056,0.969261,1.00573,1.07133,1.21794,2,2,2,2,2,2,2,2,2,2,2,2,2,2,2,2,2,2,2,2,2,2,2,2,2,2,2,2,2,2,2,2,2,2,2,1.36035,1.18298,1.11145,1.07338,1.05621,1.05606,1.07288,1.11048,1.18112,1.35297,2,2,2,2,2,2,2,2,2,2,2,2,2,2,2,2,2,2,2,2,2,2,2,2,2,2,2,2,2,2,2,2,2,2,1.1215,1.03178,0.983768,0.957684,0.947412,0.951056,
12.5,0.96099,-3.52143,4.58806,1.03754,1.02316,1.02475,1.04263,1.08074,1.1514,1.32404,2,2,2,2,2,2,2,2,2,2,2,2,2,2,2,2,2,2,2,2,2,2,2,2,2,2,2,2,2,2,2,2,2,2,2,1.24561,1.10037,1.03503,0.999149,0.98201,0.980051,0.99291,1.02312,1.07862,1.18868,2,2,2,2,2,2,2,2,2,2,2,2,2,2,2,2,2,2,2,2,2,2,2,2,2,2,2,2,2,2,2,2,2,2,1.26533,1.13303,1.07093,1.03754,
12.6,0.951689,-3.59585,4.43806,1.23122,1.15541,1.11578,1.09841,1.09917,1.11821,1.16016,1.24059,2,2,2,2,2,2,2,2,2,2,2,2,2,2,2,2,2,2,2,2,2,2,2,2,2,2,2,2,2,2,2,2,2,2,2,2,1.16311,1.02711,0.963987,0.928294,0.909858,0.905083,0.913166,0.935494,0.976739,1.05061,1.26412,2,2,2,2,2,2,2,2,2,2,2,2,2,2,2,2,2,2,2,2,2,2,2,2,2,2,2,2,2,2,2,2,2,1.44182,1.23122,
12.7,0.931372,-3.66805,4.28806,2,2,1.32093,1.23401,1.19006,1.17125,1.17266,1.19463,1.24312,1.34008,2,2,2,2,2,2,2,2,2,2,2,2,2,2,2,2,2,2,2,2,2,2,2,2,2,2,2,2,2,2,2,2,2,2,2,2,1.11122,0.965647,0.900792,0.863325,0.842397,0.83404,0.836946,0.851557,0.88034,0.929847,1.02131,2,2,2,2,2,2,2,2,2,2,2,2,2,2,2,2,2,2,2,2,2,2,2,2,2,2,2,2,2,2,2,2,2,
12.8,0.900494,-3.73639,4.4099,1.41946,1.31445,1.26361,1.24167,1.24223,1.26546,1.31821,1.42799,2,2,2,2,2,2,2,2,2,2,2,2,2,2,2,2,2,2,2,2,2,2,2,2,2,2,2,2,2,2,2,2,2,2,2,2,2,0.936667,0.85736,0.812492,0.785699,0.77146,0.767568,0.773486,0.79004,0.81991,0.869802,0.961651,2,2,2,2,2,2,2,2,2,2,2,2,2,2,2,2,2,2,2,2,2,2,2,2,2,2,2,2,2,2,2,2,2,1.41946,
12.9,0.878151,-3.80799,4.5087,1.36019,1.32257,1.31215,1.32593,1.36795,1.45614,2,2,2,2,2,2,2,2,2,2,2,2,2,2,2,2,2,2,2,2,2,2,2,2,2,2,2,2,2,2,2,2,2,2,2,2,2,0.955565,0.830031,0.770459,0.734506,0.712633,0.701101,0.698345,0.704026,0.718858,0.744982,0.787437,0.860483,2,2,2,2,2,2,2,2,2,2,2,2,2,2,2,2,2,2,2,2,2,2,2,2,2,2,2,2,2,2,2,2,1.68438,1.43978,1.36019,
13,0.86298,-3.88144,4.58462,1.39446,1.38705,1.40649,1.45919,1.57471,2,2,2,2,2,2,2,2,2,2,2,2,2,2,2,2,2,2,2,2,2,2,2,2,2,2,2,2,2,2,2,2,2,2,2,2,2,0.84449,0.74643,0.694646,0.662344,0.642081,0.63074,0.626927,0.630218,0.640978,0.660515,0.69177,0.741676,0.833871,2,2,2,2,2,2,2,2,2,2,2,2,2,2,2,2,2,2,2,2,2,2,2,2,2,2,2,2,2,2,2,1.7694,1.51158,1.43098,1.39446,
13.1,0.853423,-3.95583,4.64583,1.46151,1.47968,1.53358,1.65568,2,2,2,2,2,2,2,2,2,2,2,2,2,2,2,2,2,2,2,2,2,2,2,2,2,2,2,2,2,2,2,2,2,2,2,2,2,0.75582,0.669815,0.622358,0.591999,0.572275,0.560364,0.554921,0.555399,0.561844,0.574912,0.596125,0.628677,0.680144,0.779065,2,2,2,2,2,2,2,2,2,2,2,2,2,2,2,2,2,2,2,2,2,2,2,2,2,2,2,2,2,2,2,1.61618,1.51692,1.47267,1.46151,
13.2,0.848435,-4.03066,4.69572,1.54696,1.59294,1.69962,2,2,2,2,2,2,2,2,2,2,2,2,2,2,2,2,2,2,2,2,2,2,2,2,2,2,2,2,2,2,2,2,2,2,2,2,2,0.672977,0.595029,0.550878,0.522026,0.502651,0.490141,0.483177,0.481127,0.483815,0.491472,0.504804,0.525254,0.5557,0.602744,0.689369,2,2,2,2,2,2,2,2,2,2,2,2,2,2,2,2,2,2,2,2,2,2,2,2,2,2,2,2,2,2,1.7745,1.62174,1.55887,1.53682,1.54696,
13.3,0.847185,-4.10565,4.73667,1.64478,1.72622,2,2,2,2,2,2,2,2,2,2,2,2,2,2,2,2,2,2,2,2,2,2,2,2,2,2,2,2,2,2,2,2,2,2,2,2,2,0.588243,0.518638,0.47816,0.451167,0.432508,0.419808,0.411819,0.407875,0.407678,0.411215,0.41875,0.430903,0.448842,0.474777,0.513402,0.578201,2,2,2,2,2,2,2,2,2,2,2,2,2,2,2,2,2,2,2,2,2,2,2,2,2,2,2,2,2,2,1.76166,1.65991,1.61799,1.61352,1.64478,
13.4,0.849006,-4.18063,4.76823,1.74956,1.88042,2,2,2,2,2,2,2,2,2,2,2,2,2,2,2,2,2,2,2,2,2,2,2,2,2,2,2,2,2,2,2,2,2,2,2,2,0.499166,0.439239,0.403257,0.378755,0.361375,0.349041,0.340627,0.335491,0.333284,0.333866,0.337273,0.343727,0.353684,0.367958,0.387988,0.416544,0.460031,0.542713,2,2,2,2,2,2,2,2,2,2,2,2,2,2,2,2,2,2,2,2,2,2,2,2,2,2,2,2,2,1.79471,1.71493,1.68682,1.69694,1.74956,
13.5,0.853192,-4.25551,4.79438,1.86119,2,2,2,2,2,2,2,2,2,2,2,2,2,2,2,2,2,2,2,2,2,2,2,2,2,2,2,2,2,2,2,2,2,2,2,0.512791,0.399254,0.352742,0.323271,0.30263,0.287601,0.27657,0.268623,0.263211,0.260007,0.258834,0.259626,0.262428,0.267394,0.274818,0.285197,0.299358,0.318736,0.346111,0.388126,0.473546,2,2,2,2,2,2,2,2,2,2,2,2,2,2,2,2,2,2,2,2,2,2,2,2,2,2,2,2,1.84349,1.77745,1.76042,1.78439,1.86119,
13.6,0.859334,-4.33026,4.81436,1.97555,2,2,2,2,2,2,2,2,2,2,2,2,2,2,2,2,2,2,2,2,2,2,2,2,2,2,2,2,2,2,2,2,2,2,0.345885,0.29037,0.258877,0.237517,0.222003,0.210379,0.20158,0.194973,0.190156,0.186874,0.184968,0.184352,0.184999,0.186936,0.190252,0.195108,0.201763,0.21062,0.222322,0.237948,0.259485,0.291314,0.347866,2,2,2,2,2,2,2,2,2,2,2,2,2,2,2,2,2,2,2,2,2,2,2,2,2,2,2,1.90328,1.84518,1.83641,1.87266,1.97555,
13.7,0.866968,-4.40487,4.83145,2,2,2,2,2,2,2,2,2,2,2,2,2,2,2,2,2,2,2,2,2,2,2,2,2,2,2,2,2,2,2,2,2,0.241734,0.198677,0.174053,0.157304,0.145058,0.135758,0.128554,0.122931,0.118558,0.115216,0.112755,0.111072,0.110106,0.109819,0.110201,0.111267,0.113056,0.115636,0.119115,0.12365,0.129475,0.136941,0.146599,0.159368,0.176964,0.203237,0.251439,2,2,2,2,2,2,2,2,2,2,2,2,2,2,2,2,2,2,2,2,2,2,2,2,2,1.96728,1.91507,1.91363,1.96223,2,
13.8,0.875876,-4.47934,4.84472,2,2,2,2,2,2,2,2,2,2,2,2,2,2,2,2,2,2,2,2,2,2,2,2,2,2,2,2,2,0.152272,0.101429,0.0817357,0.0698078,0.0616043,0.0555831,0.0509856,0.0473852,0.0445193,0.0422166,0.0403612,0.0388705,0.0376863,0.0367666,0.036081,0.0356084,0.0353345,0.0352516,0.035357,0.035654,0.0361511,0.0368635,0.0378127,0.0390306,0.0405614,0.0424655,0.044828,0.047771,0.051474,0.056214,0.062446,0.0709878,0.0835406,0.10477,0.174924,2,2,2,2,2,2,2,2,2,2,2,2,2,2,2,2,2,2,2,2,2,2,1.98674,1.99089,2,2,
13.9,0.885772,-4.55368,4.85559,
