0,-4,2,-1.19466,2,2,2,2,2,2,2,2,2,2,2,2,2,2,2,2,2,2,2,2,2,2,2,1.24388,1.05501,0.983039,0.942834,0.921383,0.914228,0.920135,0.940114,0.97821,1.04605,1.20502,2,2,2,2,2,2,2,2,2,2,2,2,2,2,2,2,2,2,2,2,2,2,2,2,2,2,2,2,2,2,2,2,2,2,2,2,2,2,2,2,2,2,2,2,2,2,2,2,2,2,2,2,2,2,2,2,
0.1,-3.97245,1.93024,-1.06457,2,2,2,2,2,2,2,2,2,2,2,2,2,2,2,2,2,2,2,2,2,1.06677,0.976519,0.927803,0.900276,0.887618,0.887607,0.900241,0.927736,0.976402,1.06653,2,2,2,2,2,2,2,2,2,2,2,2,2,2,2,2,2,2,2,2,2,2,2,2,2,2,2,2,2,2,2,2,2,2,2,2,2,2,2,2,2,2,2,2,2,2,2,2,2,2,2,2,2,2,2,2,2,2,2,
0.2,-3.93608,1.86465,-1.21457,2,2,2,2,2,2,2,2,2,2,2,2,2,2,2,2,2,2,2,2,2,2,1.09995,0.983775,0.925946,0.892753,0.875516,0.871061,0.878674,0.899599,0.937954,1.00531,1.1632,2,2,2,2,2,2,2,2,2,2,2,2,2,2,2,2,2,2,2,2,2,2,2,2,2,2,2,2,2,2,2,2,2,2,2,2,2,2,2,2,2,2,2,2,2,2,2,2,2,2,2,2,2,2,2,2,2,
0.3,-3.90993,1.79436,-1.36457,2,2,2,2,2,2,2,2,2,2,2,2,2,2,2,2,2,2,2,2,2,2,2,1.15043,0.986654,0.918564,0.879593,0.857872,0.849154,0.85204,0.866977,0.896549,0.947696,1.04365,2,2,2,2,2,2,2,2,2,2,2,2,2,2,2,2,2,2,2,2,2,2,2,2,2,2,2,2,2,2,2,2,2,2,2,2,2,2,2,2,2,2,2,2,2,2,2,2,2,2,2,2,2,2,2,2,
0.4,-3.89457,1.72095,-1.51457,2,2,2,2,2,2,2,2,2,2,2,2,2,2,2,2,2,2,2,2,2,2,2,2,2,0.985522,0.905587,0.860764,0.834716,0.821965,0.820452,0.82995,0.851937,0.890618,0.957556,1.11573,2,2,2,2,2,2,2,2,2,2,2,2,2,2,2,2,2,2,2,2,2,2,2,2,2,2,2,2,2,2,2,2,2,2,2,2,2,2,2,2,2,2,2,2,2,2,2,2,2,2,2,2,2,2,
0.5,-3.89036,1.64607,-1.66457,2,2,2,2,2,2,2,2,2,2,2,2,2,2,2,2,2,2,2,2,2,2,2,2,2,2,0.981063,0.886925,0.836228,0.806078,0.789585,0.784033,0.788629,0.804024,0.832706,0.880964,0.968679,2,2,2,2,2,2,2,2,2,2,2,2,2,2,2,2,2,2,2,2,2,2,2,2,2,2,2,2,2,2,2,2,2,2,2,2,2,2,2,2,2,2,2,2,2,2,2,2,2,2,2,2,2,
0.6,-3.89738,1.5714,-1.81457,2,2,2,2,2,2,2,2,2,2,2,2,2,2,2,2,2,2,2,2,2,2,2,2,2,2,2,0.974723,0.862446,0.80593,0.771991,0.752109,0.742921,0.743148,0.752822,0.773295,0.80808,0.866149,0.98416,2,2,2,2,2,2,2,2,2,2,2,2,2,2,2,2,2,2,2,2,2,2,2,2,2,2,2,2,2,2,2,2,2,2,2,2,2,2,2,2,2,2,2,2,2,2,2,2,2,2,2,
0.7,-3.91548,1.49861,-1.96457,2,2,2,2,2,2,2,2,2,2,2,2,2,2,2,2,2,2,2,2,2,2,2,2,2,2,2,2,0.970488,0.831945,0.769789,0.732479,0.709635,0.697262,0.693668,0.698411,0.712077,0.736584,0.776424,0.843745,1.02158,2,2,2,2,2,2,2,2,2,2,2,2,2,2,2,2,2,2,2,2,2,2,2,2,2,2,2,2,2,2,2,2,2,2,2,2,2,2,2,2,2,2,2,2,2,2,2,2,2,
0.8,-3.94426,1.42935,-2.11457,2,2,2,2,2,2,2,2,2,2,2,2,2,2,2,2,2,2,2,2,2,2,2,2,2,2,2,2,2,0.998324,0.795089,0.727677,0.687554,0.662262,0.647211,0.640363,0.640921,0.648946,0.665389,0.692554,0.735684,0.809891,2,2,2,2,2,2,2,2,2,2,2,2,2,2,2,2,2,2,2,2,2,2,2,2,2,2,2,2,2,2,2,2,2,2,2,2,2,2,2,2,2,2,2,2,2,2,2,2,
0.9,-3.98306,1.36517,-2.26457,2,2,2,2,2,2,2,2,2,2,2,2,2,2,2,2,2,2,2,2,2,2,2,2,2,2,2,2,2,2,2,0.751331,0.679408,0.637205,0.610081,0.592924,0.583424,0.580523,0.583927,0.593984,0.611824,0.639899,0.683694,0.759506,2,2,2,2,2,2,2,2,2,2,2,2,2,2,2,2,2,2,2,2,2,2,2,2,2,2,2,2,2,2,2,2,2,2,2,2,2,2,2,2,2,2,2,2,2,2,
1,-4.03102,1.30751,-2.41457,2,2,2,2,2,2,2,2,2,2,2,2,2,2,2,2,2,2,2,2,2,2,2,2,2,2,2,2,2,2,2,2,0.699811,0.624709,0.581388,0.553174,0.534558,0.523048,0.517414,0.517127,0.52216,0.532984,0.550733,0.577712,0.618924,0.688705,2,2,2,2,2,2,2,2,2,2,2,2,2,2,2,2,2,2,2,2,2,2,2,2,2,2,2,2,2,2,2,2,2,2,2,2,2,2,2,2,2,2,2,2,
1.1,-4.08705,1.25766,-2.56457,2,2,2,2,2,2,2,2,2,2,2,2,2,2,2,2,2,2,2,2,2,2,2,2,2,2,2,2,2,2,2,2,2,0.639225,0.563211,0.52002,0.4916,0.472261,0.459438,0.451812,0.448715,0.449896,0.455448,0.465838,0.48205,0.505977,0.541508,0.598663,0.739028,2,2,2,2,2,2,2,2,2,2,2,2,2,2,2,2,2,2,2,2,2,2,2,2,2,2,2,2,2,2,2,2,2,2,2,2,2,2,2,2,2,
1.2,-4.14991,1.21674,-2.71457,2,2,2,2,2,2,2,2,2,2,2,2,2,2,2,2,2,2,2,2,2,2,2,2,2,2,2,2,2,2,2,2,2,2,0.567861,0.494443,0.452965,0.425391,0.406172,0.392798,0.383951,0.378904,0.377287,0.378987,0.384125,0.393075,0.406575,0.425966,0.453801,0.495759,0.570616,2,2,2,2,2,2,2,2,2,2,2,2,2,2,2,2,2,2,2,2,2,2,2,2,2,2,2,2,2,2,2,2,2,2,2,2,2,2,2,
1.3,-4.21817,1.18568,-2.8415,2,2,2,2,2,2,2,2,2,2,2,2,2,2,2,2,2,2,2,2,2,2,2,2,2,2,2,2,2,2,2,2,2,2,2,0.456907,0.403614,0.370683,0.347954,0.331649,0.319922,0.31175,0.306536,0.303944,0.303817,0.306147,0.311075,0.318917,0.330234,0.345994,0.367925,0.399502,0.449688,0.57769,2,2,2,2,2,2,2,2,2,2,2,2,2,2,2,2,2,2,2,2,2,2,2,2,2,2,2,2,2,2,2,2,2,2,2,2,
1.4,-4.28982,1.16351,-2.94338,2,2,2,2,2,2,2,2,2,2,2,2,2,2,2,2,2,2,2,2,2,2,2,2,2,2,2,2,2,2,2,2,2,2,2,0.384075,0.33159,0.30009,0.278388,0.262604,0.250891,0.242221,0.235982,0.231795,0.22943,0.228766,0.229772,0.232496,0.237081,0.24378,0.253011,0.265455,0.282258,0.305539,0.339946,0.400573,2,2,2,2,2,2,2,2,2,2,2,2,2,2,2,2,2,2,2,2,2,2,2,2,2,2,2,2,2,2,2,2,2,2,
1.5,-4.36335,1.14874,-3.02525,2,2,2,2,2,2,2,2,2,2,2,2,2,2,2,2,2,2,2,2,2,2,2,2,2,2,2,2,2,2,2,2,2,2,0.346486,0.270814,0.235557,0.212771,0.196531,0.184417,0.175183,0.168107,0.162736,0.158777,0.15604,0.154403,0.153796,0.154195,0.155616,0.158118,0.161811,0.166872,0.173566,0.182308,0.193749,0.208995,0.230127,0.261933,0.32228,2,2,2,2,2,2,2,2,2,2,2,2,2,2,2,2,2,2,2,2,2,2,2,2,2,2,2,2,2,2,2,
1.6,-4.43785,1.14004,-3.09186,2,2,2,2,2,2,2,2,2,2,2,2,2,2,2,2,2,2,2,2,2,2,2,2,2,2,2,2,2,2,2,2,2,0.207763,0.163411,0.140039,0.124597,0.113465,0.10506,0.0985426,0.0934154,0.0893607,0.0861678,0.083691,0.081829,0.080512,0.0796937,0.0793471,0.0794602,0.0800365,0.081096,0.0826742,0.0848286,0.0876432,0.0912391,0.0957898,0.101553,0.108922,0.118534,0.131515,0.150168,0.180698,0.284172,2,2,2,2,2,2,2,2,2,2,2,2,2,2,2,2,2,2,2,2,2,2,2,2,2,2,2,
1.7,-4.51275,1.13631,-3.14557,2,2,2,2,2,2,2,2,2,2,2,2,2,2,2,2,2,2,2,2,2,2,2,2,2,2,2,2,2,0.0364257,0.0243487,0.0187327,0.015376,0.0131288,0.0115205,0.0103168,0.0093885,0.0086556,0.0080683,0.00759241,0.00720452,0.00688787,0.00663033,0.00642263,0.00625854,0.00613275,0.0060414,0.00598299,0.00595535,0.00595749,0.00599017,0.00605397,0.00615037,0.00628192,0.00645291,0.00666801,0.00693432,0.00726163,0.00766221,0.00815379,0.00876169,0.00952173,0.010488,0.0117455,0.0134364,0.0158196,0.0194297,0.0256294,0.0400272,2,2,2,2,2,2,2,2,2,2,2,2,2,2,2,2,2,2,2,2,2,
1.8,-4.58775,1.13661,-3.18884,
