0,1,1,0.833045,2,2,2,2,2,2,2,2,2,2,2,2,2,2,2,2,2,2,2,2,2,2,2,2,2,2,0.684148,0.609283,0.566136,0.537937,0.519175,0.507354,0.501226,0.500224,0.504262,0.513701,0.529475,0.553472,0.589617,0.647972,0.785833,2,2,2,2,2,2,2,2,2,2,2,2,2,2,2,2,2,2,2,2,2,2,2,2,2,2,2,1.91602,1.79243,1.74391,1.73869,1.77449,1.8708,2,2,2,2,2,2,2,2,2,2,2,2,2,2,2,2,
0.1,1.05045,1.0555,0.825465,2,2,2,2,2,2,2,2,2,2,2,2,2,2,2,2,2,2,2,2,2,2,2,2,2,0.620049,0.55447,0.515248,0.48911,0.471358,0.459783,0.453243,0.451174,0.453412,0.460135,0.471925,0.489953,0.516487,0.556387,0.623631,2,2,2,2,2,2,2,2,2,2,2,2,2,2,2,2,2,2,2,2,2,2,2,2,2,2,2,2,2,1.87163,1.787,1.75826,1.77067,1.82989,1.98426,2,2,2,2,2,2,2,2,2,2,2,2,2,2,2,
0.2,1.10131,1.11061,0.81716,2,2,2,2,2,2,2,2,2,2,2,2,2,2,2,2,2,2,2,2,2,2,2,0.686832,0.554082,0.499229,0.46489,0.441498,0.425317,0.414507,0.408084,0.405535,0.406673,0.41158,0.420635,0.434613,0.454958,0.484477,0.529576,0.613096,2,2,2,2,2,2,2,2,2,2,2,2,2,2,2,2,2,2,2,2,2,2,2,2,2,2,2,2,2,2,1.85127,1.7935,1.78301,1.81492,1.90652,2,2,2,2,2,2,2,2,2,2,2,2,2,2,2,
0.3,1.15264,1.1653,0.810975,2,2,2,2,2,2,2,2,2,2,2,2,2,2,2,2,2,2,2,2,2,2,0.56869,0.487708,0.444076,0.415366,0.395341,0.38127,0.371733,0.365938,0.363464,0.364143,0.368019,0.375363,0.386736,0.403155,0.426479,0.460497,0.515114,0.664466,2,2,2,2,2,2,2,2,2,2,2,2,2,2,2,2,2,2,2,2,2,2,2,2,2,2,2,2,2,2,1.94164,1.84444,1.81035,1.81999,1.87795,2,2,2,2,2,2,2,2,2,2,2,2,2,2,2,
0.4,1.20429,1.21968,0.806515,2,2,2,2,2,2,2,2,2,2,2,2,2,2,2,2,2,2,2,2,2,0.480774,0.425931,0.392118,0.368869,0.352303,0.340526,0.332496,0.327617,0.325563,0.326207,0.329588,0.335923,0.345652,0.359556,0.379009,0.406624,0.448339,0.525321,2,2,2,2,2,2,2,2,2,2,2,2,2,2,2,2,2,2,2,2,2,2,2,2,2,2,2,2,2,2,2,2,1.91252,1.85084,1.83961,1.8733,1.97146,2,2,2,2,2,2,2,2,2,2,2,2,2,2,
0.5,1.2562,1.27382,0.806095,2,2,2,2,2,2,2,2,2,2,2,2,2,2,2,2,2,2,2,0.476642,0.408882,0.3707,0.345064,0.326803,0.313576,0.304129,0.297736,0.293973,0.292612,0.293574,0.296915,0.302835,0.311719,0.324231,0.341507,0.365635,0.40105,0.460917,2,2,2,2,2,2,2,2,2,2,2,2,2,2,2,2,2,2,2,2,2,2,2,2,2,2,2,2,2,2,2,2,2,1.99735,1.90199,1.87083,1.88573,1.95439,2,2,2,2,2,2,2,2,2,2,2,2,2,2,
0.6,1.30812,1.32794,0.803364,2,2,2,2,2,2,2,2,2,2,2,2,2,2,2,2,2,0.491287,0.398758,0.35505,0.326803,0.306888,0.292377,0.281771,0.274213,0.26919,0.2664,0.265686,0.267009,0.270443,0.276182,0.284583,0.296241,0.312164,0.334154,0.365909,0.417512,2,2,2,2,2,2,2,2,2,2,2,2,2,2,2,2,2,2,2,2,2,2,2,2,2,2,2,2,2,2,2,2,2,2,2,1.96908,1.91249,1.90751,1.95157,2,2,2,2,2,2,2,2,2,2,2,2,2,2,
0.7,1.36019,1.38191,0.801209,2,2,2,2,2,2,2,2,2,2,2,2,2,2,2,2,0.397195,0.34594,0.314636,0.292968,0.277223,0.265599,0.257093,0.251107,0.247273,0.24538,0.245329,0.247116,0.250835,0.256692,0.265042,0.276468,0.291943,0.313204,0.343797,0.393321,2,2,2,2,2,2,2,2,2,2,2,2,2,2,2,2,2,2,2,2,2,2,2,2,2,2,2,2,2,2,2,2,2,2,2,2,2,1.96544,1.93979,1.9631,2,2,2,2,2,2,2,2,2,2,2,2,2,2,
0.8,1.41238,1.43578,0.8009,2,2,2,2,2,2,2,2,2,2,2,2,2,2,0.410078,0.345907,0.310292,0.286355,0.269134,0.256403,0.246965,0.240118,0.235428,0.232633,0.231585,0.232235,0.234612,0.238841,0.245153,0.253934,0.265812,0.281836,0.30391,0.336051,0.390076,2,2,2,2,2,2,2,2,2,2,2,2,2,2,2,2,2,2,2,2,2,2,2,2,2,2,2,2,2,2,2,2,2,2,2,2,2,2,2,1.98143,1.98636,2,2,2,2,2,2,2,2,2,2,2,2,2,2,
0.9,1.46458,1.48963,0.798691,2,2,2,2,2,2,2,2,2,2,2,2,0.475451,0.36312,0.318564,0.290394,0.270607,0.256094,0.245294,0.237321,0.231636,0.227905,0.225931,0.225614,0.226938,0.229969,0.234865,0.241899,0.251521,0.264456,0.281943,0.306314,0.34287,0.410799,2,2,2,2,2,2,2,2,2,2,2,2,2,2,2,2,2,2,2,2,2,2,2,2,2,2,2,2,2,2,2,2,2,2,2,2,2,2,2,2,2,2,2,2,2,2,2,2,2,2,2,2,2,2,2,2,
1,1.51691,1.54336,0.797906,2,2,2,2,2,2,2,2,2,2,2,0.408922,0.342907,0.306861,0.282737,0.265402,0.252578,0.243048,0.236097,0.231284,0.228339,0.22711,0.227535,0.229636,0.233519,0.239392,0.247605,0.25872,0.273672,0.294114,0.323402,0.370488,2,2,2,2,2,2,2,2,2,2,2,2,2,2,2,2,2,2,2,2,2,2,2,2,2,2,2,2,2,2,2,2,2,2,2,2,2,2,2,2,2,2,2,2,2,2,2,2,2,2,2,2,2,2,2,2,2,2,
1.1,1.56927,1.59705,0.7965,2,2,2,2,2,2,2,2,2,2,0.396999,0.341819,0.309154,0.286766,0.270539,0.258531,0.249675,0.243333,0.239116,0.236789,0.236233,0.237418,0.240406,0.245353,0.252544,0.262444,0.275814,0.293964,0.319378,0.357813,0.43141,2,2,2,2,2,2,2,2,2,2,2,2,2,2,2,2,2,2,2,2,2,2,2,2,2,2,2,2,2,2,2,2,2,2,2,2,2,2,2,2,2,2,2,2,2,2,2,2,2,2,2,2,2,2,2,2,2,2,2,
1.2,1.62171,1.65067,0.797107,2,2,2,2,2,2,2,2,2,0.406966,0.354541,0.322643,0.300612,0.284636,0.272876,0.264311,0.258331,0.254568,0.25281,0.252965,0.25504,0.259146,0.265517,0.274554,0.286916,0.303722,0.327018,0.361186,0.419577,2,2,2,2,2,2,2,2,2,2,2,2,2,2,2,2,2,2,2,2,2,2,2,2,2,2,2,2,2,2,2,2,2,2,2,2,2,2,2,2,2,2,2,2,2,2,2,2,2,2,2,2,2,2,2,2,2,2,2,2,2,
1.3,1.67412,1.70432,0.79583,2,2,2,2,2,2,2,2,0.438719,0.381929,0.347944,0.324659,0.307899,0.295677,0.286903,0.280935,0.277393,0.276071,0.276895,0.279911,0.285292,0.293372,0.30472,0.320299,0.341821,0.372736,0.422063,0.557973,2,2,2,2,2,2,2,2,2,2,2,2,2,2,2,2,2,2,2,2,2,2,2,2,2,2,2,2,2,2,2,2,2,2,2,2,2,2,2,2,2,2,2,2,2,2,2,2,2,2,2,2,2,2,2,2,2,2,2,2,2,2,
1.4,1.7266,1.7579,0.796125,2,2,2,2,2,2,2,0.489133,0.42142,0.383002,0.357195,0.338854,0.325639,0.316298,0.310109,0.306657,0.305728,0.307267,0.311366,0.318283,0.328495,0.342827,0.362725,0.390974,0.434098,0.518008,2,2,2,2,2,2,2,2,2,2,2,2,2,2,2,2,2,2,2,2,2,2,2,2,2,2,2,2,2,2,2,2,2,2,2,2,2,2,2,2,2,2,2,2,2,2,2,2,2,2,2,2,2,2,2,2,2,2,2,2,2,2,2,2,
1.5,1.77906,1.8115,0.796318,2,2,2,2,2,2,0.570372,0.475411,0.428744,0.398565,0.377534,0.362594,0.352179,0.345417,0.341818,0.341142,0.343347,0.348576,0.357188,0.369854,0.387755,0.413084,0.450522,0.513969,2,2,2,2,2,2,2,2,2,2,2,2,2,2,2,2,2,2,2,2,2,2,2,2,2,2,2,2,2,2,2,2,2,2,2,2,2,2,2,2,2,2,2,2,2,2,2,2,2,2,2,2,2,2,2,2,2,2,2,2,2,2,2,2,2,2,
1.6,1.83151,1.86511,0.794503,2,2,2,2,2,2,0.55071,0.487592,0.449852,0.424376,0.406586,0.394317,0.386412,0.38224,0.381498,0.384135,0.390337,0.400575,0.415738,0.437454,0.468938,0.517957,0.618908,2,2,2,2,2,2,2,2,2,2,2,2,2,2,2,2,2,2,2,2,2,2,2,2,2,2,2,2,2,2,2,2,2,2,2,2,2,2,2,2,2,2,2,2,2,2,2,2,2,2,2,2,2,2,2,2,2,2,2,2,2,2,2,2,2,2,2,
1.7,1.88406,1.91863,0.794269,2,2,2,2,2,0.661443,0.560687,0.510686,0.478636,0.45677,0.44185,0.432249,0.427107,0.426011,0.428877,0.435929,0.447753,0.465494,0.491333,0.529886,0.594186,2,2,2,2,2,2,2,2,2,2,2,2,2,2,2,2,2,2,2,2,2,2,2,2,2,2,2,2,2,2,2,2,2,2,2,2,2,2,2,2,2,2,2,2,2,2,2,2,2,2,2,2,2,2,2,2,2,2,2,2,2,2,2,2,2,2,2,2,2,
1.8,1.93662,1.97213,0.793935,2,2,2,2,2,0.658532,0.58464,0.542018,0.514003,0.495144,0.482956,0.476178,0.474204,0.476867,0.484391,0.497463,0.517474,0.547184,0.592838,0.675355,2,2,2,2,2,2,2,2,2,2,2,2,2,2,2,2,2,2,2,2,2,2,2,2,2,2,2,2,2,2,2,2,2,2,2,2,2,2,2,2,2,2,2,2,2,2,2,2,2,2,2,2,2,2,2,2,2,2,2,2,2,2,2,2,2,2,2,2,2,2,
1.9,1.9892,2.02561,0.795838,2,2,2,2,0.824754,0.675914,0.615534,0.578445,0.554043,0.538243,0.529109,0.525711,0.527731,0.535356,0.549339,0.571301,0.604585,0.657241,0.761935,2,2,2,2,2,2,2,2,2,2,2,2,2,2,2,2,2,2,2,2,2,2,2,2,2,2,2,2,2,2,2,2,2,2,2,2,2,2,2,2,2,2,2,2,2,2,2,2,2,2,2,2,2,2,2,2,2,2,2,2,2,2,2,2,2,2,2,2,2,2,2,
2,2.04167,2.0792,0.795506,2,2,2,2,0.811145,0.707297,0.65421,0.620919,0.599465,0.586539,0.580591,0.580998,0.587801,0.601721,0.62447,0.659714,0.716569,0.836108,2,2,2,2,2,2,2,2,2,2,2,2,2,2,2,2,2,2,2,2,2,2,2,2,2,2,2,2,2,2,2,2,2,2,2,2,2,2,2,2,2,2,2,2,2,2,2,2,2,2,2,2,2,2,2,2,2,2,2,2,2,2,2,2,2,2,2,2,2,2,2,2,
2.1,2.09417,2.13276,0.794281,2,2,2,2,0.833137,0.746057,0.697891,0.667706,0.649043,0.639135,0.63678,0.641716,0.654504,0.676782,0.712222,0.770007,0.890411,2,2,2,2,2,2,2,2,2,2,2,2,2,2,2,2,2,2,2,2,2,2,2,2,2,2,2,2,2,2,2,2,2,2,2,2,2,2,2,2,2,2,2,2,2,2,2,2,2,2,2,2,2,2,2,2,2,2,2,2,2,2,2,2,2,2,2,2,2,2,2,2,2,
2.2,2.14673,2.18626,0.795588,2,2,2,2,0.862716,0.787385,0.743916,0.717124,0.701743,0.695537,0.697726,0.708576,0.729538,0.7641,0.820998,0.935577,2,2,2,2,2,2,2,2,2,2,2,2,2,2,2,2,2,2,2,2,2,2,2,2,2,2,2,2,2,2,2,2,2,2,2,2,2,2,2,2,2,2,2,2,2,2,2,2,2,2,2,2,2,2,2,2,2,2,2,2,2,2,2,2,2,2,2,2,2,2,2,2,2,2,
2.3,2.19922,2.23983,0.79536,2,2,2,1.07728,0.902199,0.833941,0.794053,0.770314,0.758253,0.75609,0.763535,0.781624,0.813339,0.866151,0.966263,2,2,2,2,2,2,2,2,2,2,2,2,2,2,2,2,2,2,2,2,2,2,2,2,2,2,2,2,2,2,2,2,2,2,2,2,2,2,2,2,2,2,2,2,2,2,2,2,2,2,2,2,2,2,2,2,2,2,2,2,2,2,2,2,2,2,2,2,2,2,2,2,2,2,2,
2.4,2.25172,2.29339,0.799554,2,2,2,1.06797,0.941279,0.880667,0.845279,0.825547,0.817879,0.821107,0.835709,0.864107,0.912626,1.00137,2,2,2,2,2,2,2,2,2,2,2,2,2,2,2,2,2,2,2,2,2,2,2,2,2,2,2,2,2,2,2,2,2,2,2,2,2,2,2,2,2,2,2,2,2,2,2,2,2,2,2,2,2,2,2,2,2,2,2,2,2,2,2,2,2,2,2,2,2,2,2,2,2,2,2,2,
2.5,2.304,2.34717,0.804075,2,2,2,1.0902,0.984962,0.930637,0.899616,0.88418,0.881532,0.891244,0.914956,0.957654,1.03404,2,2,2,2,2,2,2,2,2,2,2,2,2,2,2,2,2,2,2,2,2,2,2,2,2,2,2,2,2,2,2,2,2,2,2,2,2,2,2,2,2,2,2,2,2,2,2,2,2,2,2,2,2,2,2,2,2,2,2,2,2,2,2,2,2,2,2,2,2,2,2,2,2,2,2,2,2,
2.6,2.35603,2.40119,0.787518,2,2,2,1.17148,1.05362,0.995442,0.963109,0.947937,0.946971,0.960042,0.989629,1.0432,1.14716,2,2,2,2,2,2,2,2,2,2,2,2,2,2,2,2,2,2,2,2,2,2,2,2,2,2,2,2,2,2,2,2,2,2,2,2,2,2,2,2,2,2,2,2,2,2,2,2,2,2,2,2,2,2,2,2,2,2,2,2,2,2,2,2,2,2,2,2,2,2,2,2,2,2,2,2,2,
2.7,2.40895,2.45433,0.637518,2,2,2,2,2,1.23395,1.11451,1.05612,1.02471,1.0116,1.0141,1.0327,1.07147,1.14311,1.32256,2,2,2,2,2,2,2,2,2,2,2,2,2,2,2,2,2,2,2,2,2,2,2,2,2,2,2,2,2,2,2,2,2,2,2,2,2,2,2,2,2,2,2,2,2,2,2,2,2,2,2,2,2,2,2,2,2,2,2,2,2,2,2,2,2,2,2,2,2,2,2,2,2,2,2,
2.8,2.46922,2.49897,0.487518,2,2,2,2,2,2,2,1.27462,1.16358,1.10842,1.08005,1.07071,1.07841,1.10478,1.15677,1.25929,2,2,2,2,2,2,2,2,2,2,2,2,2,2,2,2,2,2,2,2,2,2,2,2,2,2,2,2,2,2,2,2,2,2,2,2,2,2,2,2,2,2,2,2,2,2,2,2,2,2,2,2,2,2,2,2,2,2,2,2,2,2,2,2,2,2,2,2,2,2,2,2,2,2,
2.9,2.53548,2.5341,0.337518,2,2,2,2,2,2,2,2,2,1.29961,1.20226,1.153,1.12953,1.12563,1.14042,1.17744,1.2492,1.42703,2,2,2,2,2,2,2,2,2,2,2,2,2,2,2,2,2,2,2,2,2,2,2,2,2,2,2,2,2,2,2,2,2,2,2,2,2,2,2,2,2,2,2,2,2,2,2,2,2,2,2,2,2,2,2,2,2,2,2,2,2,2,2,2,2,2,2,2,2,2,2,2,
3,2.60625,2.55894,0.187518,2,2,2,2,2,2,2,2,2,2,2,1.31449,1.23238,1.19082,1.17381,1.17696,1.20103,1.25275,1.35763,2,2,2,2,2,2,2,2,2,2,2,2,2,2,2,2,2,2,2,2,2,2,2,2,2,2,2,2,2,2,2,2,2,2,2,2,2,2,2,2,2,2,2,2,2,2,2,2,2,2,2,2,2,2,2,2,2,2,2,2,2,2,2,2,2,2,2,2,2,2,2,
3.1,2.67994,2.57292,0.0375183,2,2,2,2,2,2,2,2,2,2,2,2,1.47832,1.32274,1.25562,1.22288,1.21363,1.22551,1.26158,1.33462,1.52039,2,2,2,2,2,2,2,2,2,2,2,2,2,2,2,2,2,2,2,2,2,2,2,2,2,2,2,2,2,2,2,2,2,2,2,2,2,2,2,2,2,2,2,2,2,2,2,2,2,2,2,2,2,2,2,2,2,2,2,2,2,2,2,2,2,2,2,2,2,
3.2,2.75488,2.57573,-0.112482,2,2,2,2,2,2,2,2,2,2,2,2,2,2,1.43711,1.32635,1.27333,1.25012,1.24979,1.27226,1.32417,1.43211,2,2,2,2,2,2,2,2,2,2,2,2,2,2,2,2,2,2,2,2,2,2,2,2,2,2,2,2,2,2,2,2,2,2,2,2,2,2,2,2,2,2,2,2,2,2,2,2,2,2,2,2,2,2,2,2,2,2,2,2,2,2,2,2,2,2,2,2,
3.3,2.82941,2.56732,-0.262482,2,2,2,2,2,2,2,2,2,2,2,2,2,2,2,2,1.40878,1.32638,1.28652,1.27331,1.28307,1.31846,1.39248,1.58505,2,2,2,2,2,2,2,2,2,2,2,2,2,2,2,2,2,2,2,2,2,2,2,2,2,2,2,2,2,2,2,2,2,2,2,2,2,2,2,2,2,2,2,2,2,2,2,2,2,2,2,2,2,2,2,2,2,2,2,2,2,2,2,2,2,2,
3.4,2.90184,2.54786,-0.412482,2,2,2,2,2,2,2,2,2,2,2,2,2,2,2,2,2,1.52128,1.38476,1.32342,1.29588,1.29308,1.31427,1.36588,1.47474,2,2,2,2,2,2,2,2,2,2,2,2,2,2,2,2,2,2,2,2,2,2,2,2,2,2,2,2,2,2,2,2,2,2,2,2,2,2,2,2,2,2,2,2,2,2,2,2,2,2,2,2,2,2,2,2,2,2,2,2,2,2,2,2,2,
3.5,2.97055,2.51779,-0.562482,2,2,2,2,2,2,2,2,2,2,2,2,2,2,2,2,2,2,2,1.45488,1.36212,1.31771,1.30186,1.30996,1.34425,1.41737,1.60492,2,2,2,2,2,2,2,2,2,2,2,2,2,2,2,2,2,2,2,2,2,2,2,2,2,2,2,2,2,2,2,2,2,2,2,2,2,2,2,2,2,2,2,2,2,2,2,2,2,2,2,2,2,2,2,2,2,2,2,2,2,2,2,
3.6,3.03399,2.47779,-0.712482,2,2,2,2,2,2,2,2,2,2,2,2,2,2,2,2,2,2,2,2,1.55905,1.40541,1.33942,1.30932,1.30471,1.32432,1.3741,1.479,2,2,2,2,2,2,2,2,2,2,2,2,2,2,2,2,2,2,2,2,2,2,2,2,2,2,2,2,2,2,2,2,2,2,2,2,2,2,2,2,2,2,2,2,2,2,2,2,2,2,2,2,2,2,2,2,2,2,2,2,2,2,
3.7,3.09075,2.42876,-0.862482,2,2,2,2,2,2,2,2,2,2,2,2,2,2,2,2,2,2,2,2,2,2,1.45978,1.36235,1.31571,1.29815,1.30449,1.33647,1.4054,1.57124,2,2,2,2,2,2,2,2,2,2,2,2,2,2,2,2,2,2,2,2,2,2,2,2,2,2,2,2,2,2,2,2,2,2,2,2,2,2,2,2,2,2,2,2,2,2,2,2,2,2,2,2,2,2,2,2,2,2,2,2,
3.8,3.13954,2.3718,-1.01248,2,2,2,2,2,2,2,2,2,2,2,2,2,2,2,2,2,2,2,2,2,2,2,1.5483,1.38921,1.32172,1.29027,1.28396,1.30108,1.34661,1.44104,2,2,2,2,2,2,2,2,2,2,2,2,2,2,2,2,2,2,2,2,2,2,2,2,2,2,2,2,2,2,2,2,2,2,2,2,2,2,2,2,2,2,2,2,2,2,2,2,2,2,2,2,2,2,2,2,2,2,2,
3.9,3.17927,2.30819,-1.16248,2,2,2,2,2,2,2,2,2,2,2,2,2,2,2,2,2,2,2,2,2,2,2,2,2,1.42625,1.32871,1.2814,1.26244,1.26636,1.29419,1.3549,1.48827,2,2,2,2,2,2,2,2,2,2,2,2,2,2,2,2,2,2,2,2,2,2,2,2,2,2,2,2,2,2,2,2,2,2,2,2,2,2,2,2,2,2,2,2,2,2,2,2,2,2,2,2,2,2,2,2,2,
4,3.20905,2.23936,-1.31248,2,2,2,2,2,2,2,2,2,2,2,2,2,2,2,2,2,2,2,2,2,2,2,2,2,2,1.49507,1.33936,1.27231,1.23999,1.23155,1.2448,1.28326,1.36139,1.59002,2,2,2,2,2,2,2,2,2,2,2,2,2,2,2,2,2,2,2,2,2,2,2,2,2,2,2,2,2,2,2,2,2,2,2,2,2,2,2,2,2,2,2,2,2,2,2,2,2,2,2,2,2,2,2,
4.1,3.22821,2.16685,-1.46248,2,2,2,2,2,2,2,2,2,2,2,2,2,2,2,2,2,2,2,2,2,2,2,2,2,2,2,2,1.35971,1.26445,1.21707,1.19643,1.19688,1.21853,1.26737,1.36601,2,2,2,2,2,2,2,2,2,2,2,2,2,2,2,2,2,2,2,2,2,2,2,2,2,2,2,2,2,2,2,2,2,2,2,2,2,2,2,2,2,2,2,2,2,2,2,2,2,2,2,2,2,2,
4.2,3.23632,2.09229,-1.61248,2,2,2,2,2,2,2,2,2,2,2,2,2,2,2,2,2,2,2,2,2,2,2,2,2,2,2,2,2,1.41028,1.26062,1.19458,1.1612,1.1498,1.15765,1.1866,1.24521,1.36846,2,2,2,2,2,2,2,2,2,2,2,2,2,2,2,2,2,2,2,2,2,2,2,2,2,2,2,2,2,2,2,2,2,2,2,2,2,2,2,2,2,2,2,2,2,2,2,2,2,2,2,2,
4.3,3.23319,2.01735,-1.76248,2,2,2,2,2,2,2,2,2,2,2,2,2,2,2,2,2,2,2,2,2,2,2,2,2,2,2,2,2,2,2,1.26716,1.17419,1.12646,1.10346,1.09929,1.11305,1.14789,1.21486,1.36774,2,2,2,2,2,2,2,2,2,2,2,2,2,2,2,2,2,2,2,2,2,2,2,2,2,2,2,2,2,2,2,2,2,2,2,2,2,2,2,2,2,2,2,2,2,2,2,2,2,2,
4.4,3.21891,1.94373,-1.90711,2,2,2,2,2,2,2,2,2,2,2,2,2,2,2,2,2,2,2,2,2,2,2,2,2,2,2,2,2,2,2,2,1.28727,1.15255,1.08986,1.05646,1.0425,1.04499,1.06441,1.10523,1.18175,1.40836,2,2,2,2,2,2,2,2,2,2,2,2,2,2,2,2,2,2,2,2,2,2,2,2,2,2,2,2,2,2,2,2,2,2,2,2,2,2,2,2,2,2,2,2,2,2,2,2,
4.5,3.19415,1.87293,-2.0287,2,2,2,2,2,2,2,2,2,2,2,2,2,2,2,2,2,2,2,2,2,2,2,2,2,2,2,2,2,2,2,2,2,1.25797,1.10433,1.03721,1.00037,0.982526,0.979944,0.992145,1.02152,1.07564,1.18175,2,2,2,2,2,2,2,2,2,2,2,2,2,2,2,2,2,2,2,2,2,2,2,2,2,2,2,2,2,2,2,2,2,2,2,2,2,2,2,2,2,2,2,2,2,2,2,
4.6,3.161,1.80565,-2.13104,2,2,2,2,2,2,2,2,2,2,2,2,2,2,2,2,2,2,2,2,2,2,2,2,2,2,2,2,2,2,2,2,2,2,1.15684,1.02966,0.968757,0.934397,0.917083,0.913467,0.922938,0.947158,0.991427,1.07188,2,2,2,2,2,2,2,2,2,2,2,2,2,2,2,2,2,2,2,2,2,2,2,2,2,2,2,2,2,2,2,2,2,2,2,2,2,2,2,2,2,2,2,2,2,2,
4.7,3.12115,1.74212,-2.21726,2,2,2,2,2,2,2,2,2,2,2,2,2,2,2,2,2,2,2,2,2,2,2,2,2,2,2,2,2,2,2,2,2,2,2,1.02858,0.938448,0.889518,0.861241,0.847215,0.845057,0.854437,0.876859,0.916755,0.986604,1.16401,2,2,2,2,2,2,2,2,2,2,2,2,2,2,2,2,2,2,2,2,2,2,2,2,2,2,2,2,2,2,2,2,2,2,2,2,2,2,2,2,2,2,2,2,
4.8,3.07597,1.68225,-2.06726,2,2,2,2,2,2,2,2,2,2,2,2,2,2,2,2,2,2,2,2,2,2,2,2,2,2,2,2,2,2,2,2,1.00143,0.890845,0.834728,0.801337,0.782328,0.774444,0.776552,0.788946,0.813505,0.855026,0.926984,2,2,2,2,2,2,2,2,2,2,2,2,2,2,2,2,2,2,2,2,2,2,2,2,2,2,2,2,2,2,2,2,2,2,2,2,2,2,2,2,2,2,2,2,2,2,2,
4.9,3.04024,1.61631,-1.91726,2,2,2,2,2,2,2,2,2,2,2,2,2,2,2,2,2,2,2,2,2,2,2,2,2,2,2,2,2,0.958891,0.837725,0.779075,0.743693,0.722351,0.711421,0.709411,0.716071,0.73226,0.760411,0.806337,0.887622,2,2,2,2,2,2,2,2,2,2,2,2,2,2,2,2,2,2,2,2,2,2,2,2,2,2,2,2,2,2,2,2,2,2,2,2,2,2,2,2,2,2,2,2,2,2,2,2,2,
5,3.01478,1.54576,-1.76726,2,2,2,2,2,2,2,2,2,2,2,2,2,2,2,2,2,2,2,2,2,2,2,2,2,2,0.894306,0.780599,0.724257,0.68967,0.668147,0.65618,0.652229,0.655839,0.667425,0.688468,0.722347,0.777363,0.886013,2,2,2,2,2,2,2,2,2,2,2,2,2,2,2,2,2,2,2,2,2,2,2,2,2,2,2,2,2,2,2,2,2,2,2,2,2,2,2,2,2,2,2,2,2,2,2,2,2,2,2,
5.1,3.00014,1.47221,-1.61726,2,2,2,2,2,2,2,2,2,2,2,2,2,2,2,2,2,2,2,2,2,2,2,0.821201,0.725418,0.674462,0.642474,0.622186,0.610525,0.606088,0.608398,0.6177,0.635063,0.662896,0.706627,0.782224,2,2,2,2,2,2,2,2,2,2,2,2,2,2,2,2,2,2,2,2,2,2,2,2,2,2,2,2,2,2,2,2,2,2,2,2,2,2,2,2,2,2,2,2,2,2,2,2,2,2,2,2,2,2,
5.2,2.99665,1.39729,-1.46726,2,2,2,2,2,2,2,2,2,2,2,2,2,2,2,2,2,2,2,2,0.758921,0.680004,0.635016,0.606186,0.587723,0.577059,0.572993,0.575111,0.583626,0.599457,0.624639,0.66358,0.728061,0.910673,2,2,2,2,2,2,2,2,2,2,2,2,2,2,2,2,2,2,2,2,2,2,2,2,2,2,2,2,2,2,2,2,2,2,2,2,2,2,2,2,2,2,2,2,2,2,2,2,2,2,2,2,2,2,2,2,
5.3,3.0044,1.32269,-1.31726,2,2,2,2,2,2,2,2,2,2,2,2,2,2,2,2,2,0.718352,0.65095,0.610689,0.584546,0.567803,0.558287,0.554979,0.557553,0.566261,0.582022,0.60682,0.644909,0.70749,0.870374,2,2,2,2,2,2,2,2,2,2,2,2,2,2,2,2,2,2,2,2,2,2,2,2,2,2,2,2,2,2,2,2,2,2,2,2,2,2,2,2,2,2,2,2,2,2,2,2,2,2,2,2,2,2,2,2,2,2,2,
5.4,3.02322,1.25009,-1.16726,2,2,2,2,2,2,2,2,2,2,2,2,2,0.859148,0.704174,0.642391,0.604672,0.580093,0.564474,0.555862,0.55335,0.556695,0.566223,0.582955,0.609057,0.649231,0.716433,2,2,2,2,2,2,2,2,2,2,2,2,2,2,2,2,2,2,2,2,2,2,2,2,2,2,2,2,2,2,2,2,2,2,2,2,2,2,2,2,2,2,2,2,2,2,2,2,2,2,2,2,2,2,2,2,2,2,2,2,2,2,2,
5.5,3.05267,1.18111,-1.01726,2,2,2,2,2,2,2,2,2,2,0.874802,0.718708,0.656423,0.618493,0.593905,0.578457,0.570192,0.568229,0.572373,0.583042,0.601431,0.630082,0.674703,0.752697,2,2,2,2,2,2,2,2,2,2,2,2,2,2,2,2,2,2,2,2,2,2,2,2,2,2,2,2,2,2,2,2,2,2,2,2,2,2,2,2,2,2,2,2,2,2,2,2,2,2,2,2,2,2,2,2,2,2,2,2,2,2,2,2,2,2,
5.6,3.09209,1.11731,-0.867258,2,2,2,2,2,2,2,2,0.765155,0.694336,0.652604,0.625917,0.609292,0.600487,0.598508,0.60315,0.614906,0.635181,0.667024,0.717627,0.812436,2,2,2,2,2,2,2,2,2,2,2,2,2,2,2,2,2,2,2,2,2,2,2,2,2,2,2,2,2,2,2,2,2,2,2,2,2,2,2,2,2,2,2,2,2,2,2,2,2,2,2,2,2,2,2,2,2,2,2,2,2,2,2,2,2,2,2,2,2,
5.7,3.14061,1.06012,-0.717258,2,2,2,2,2,0.85446,0.758665,0.707516,0.675681,0.655926,0.645218,0.64223,0.646623,0.658898,0.680625,0.715336,0.77179,0.886305,2,2,2,2,2,2,2,2,2,2,2,2,2,2,2,2,2,2,2,2,2,2,2,2,2,2,2,2,2,2,2,2,2,2,2,2,2,2,2,2,2,2,2,2,2,2,2,2,2,2,2,2,2,2,2,2,2,2,2,2,2,2,2,2,2,2,2,2,2,2,2,2,
5.8,3.19713,1.01082,-0.567258,2,2,2,0.858029,0.785682,0.743537,0.717596,0.702887,0.697294,0.700117,0.711703,0.733623,0.769624,0.829275,0.955206,2,2,2,2,2,2,2,2,2,2,2,2,2,2,2,2,2,2,2,2,2,2,2,2,2,2,2,2,2,2,2,2,2,2,2,2,2,2,2,2,2,2,2,2,2,2,2,2,2,2,2,2,2,2,2,2,2,2,2,2,2,2,2,2,2,2,2,2,2,2,2,2,2,2,2,
5.9,3.26039,0.970521,-0.417258,1.03806,0.896097,0.832549,0.79505,0.772982,0.762342,0.761581,0.770598,0.790675,0.825292,0.883382,1.00114,2,2,2,2,2,2,2,2,2,2,2,2,2,2,2,2,2,2,2,2,2,2,2,2,2,2,2,2,2,2,2,2,2,2,2,2,2,2,2,2,2,2,2,2,2,2,2,2,2,2,2,2,2,2,2,2,2,2,2,2,2,2,2,2,2,2,2,2,2,2,2,2,2,2,2,2,2,1.03806,
6,3.32895,0.940126,-0.2918,0.910004,0.867402,0.842951,0.831658,0.831707,0.843106,0.86769,0.910494,0.986134,2,2,2,2,2,2,2,2,2,2,2,2,2,2,2,2,2,2,2,2,2,2,2,2,2,2,2,2,2,2,2,2,2,2,2,2,2,2,2,2,2,2,2,2,2,2,2,2,2,2,2,2,2,2,2,2,2,2,2,2,2,2,2,2,2,2,2,2,2,2,2,2,2,2,2,2,2,2,2,0.985209,0.910004,
6.1,3.40078,0.918551,-0.197523,0.929133,0.909231,0.903153,0.909874,0.930534,0.969314,1.03822,1.20415,2,2,2,2,2,2,2,2,2,2,2,2,2,2,2,2,2,2,2,2,2,2,2,2,2,2,2,1.99796,2,2,2,2,2,2,2,2,2,2,2,2,2,2,2,2,2,2,2,2,2,2,2,2,2,2,2,2,2,2,2,2,2,2,2,2,2,2,2,2,2,2,2,2,2,2,2,2,2,2,1.18734,1.03367,0.966835,0.929133,
6.2,3.47432,0.903833,-0.347523,1.1352,1.0526,1.00803,0.984759,0.977458,0.98476,1.00804,1.05261,1.13521,2,2,2,2,2,2,2,2,2,2,2,2,2,2,2,2,2,2,2,2,2,2,2,2,2,2,2,1.95297,1.9413,1.97936,2,2,2,2,2,2,2,2,2,2,2,2,2,2,2,2,2,2,2,2,2,2,2,2,2,2,2,2,2,2,2,2,2,2,2,2,2,2,2,2,2,2,2,2,2,2,2,2,2,2,1.1352,
6.3,3.54484,0.87829,-0.497523,2,2,1.22659,1.13121,1.08186,1.05679,1.04966,1.05901,1.08679,1.14035,1.24647,2,2,2,2,2,2,2,2,2,2,2,2,2,2,2,2,2,2,2,2,2,2,2,2,2,2,1.94164,1.88507,1.87901,1.9204,2,2,2,2,2,2,2,2,2,2,2,2,2,2,2,2,2,2,2,2,2,2,2,2,2,2,2,2,2,2,2,2,2,2,2,2,2,2,2,2,2,2,2,2,2,2,2,2,2,
6.4,3.61075,0.842496,-0.647523,2,2,2,2,1.30237,1.20034,1.14907,1.12414,1.11882,1.13194,1.16656,1.23375,1.38786,2,2,2,2,2,2,2,2,2,2,2,2,2,2,2,2,2,2,2,2,2,2,2,2,2,1.99357,1.86371,1.81446,1.81136,1.85296,1.96516,2,2,2,2,2,2,2,2,2,2,2,2,2,2,2,2,2,2,2,2,2,2,2,2,2,2,2,2,2,2,2,2,2,2,2,2,2,2,2,2,2,2,2,2,2,2,
6.5,3.67057,0.797255,-0.797523,2,2,2,2,2,2,1.36022,1.25906,1.20899,1.18625,1.18453,1.20341,1.2479,1.33643,2,2,2,2,2,2,2,2,2,2,2,2,2,2,2,2,2,2,2,2,2,2,2,2,2,2,1.90301,1.78707,1.74181,1.73914,1.7779,1.87997,2,2,2,2,2,2,2,2,2,2,2,2,2,2,2,2,2,2,2,2,2,2,2,2,2,2,2,2,2,2,2,2,2,2,2,2,2,2,2,2,2,2,2,2,
6.6,3.72295,0.743583,-0.947523,2,2,2,2,2,2,2,2,1.40167,1.30768,1.26164,1.2431,1.24683,1.2738,1.33241,1.45859,2,2,2,2,2,2,2,2,2,2,2,2,2,2,2,2,2,2,2,2,2,2,2,2,2,2,1.82203,1.71258,1.66832,1.66375,1.697,1.78453,2,2,2,2,2,2,2,2,2,2,2,2,2,2,2,2,2,2,2,2,2,2,2,2,2,2,2,2,2,2,2,2,2,2,2,2,2,2,2,2,2,2,
6.7,3.76673,0.682685,-1.09752,2,2,2,2,2,2,2,2,2,2,1.43023,1.34726,1.30754,1.29501,1.30614,1.34405,1.42352,1.6672,2,2,2,2,2,2,2,2,2,2,2,2,2,2,2,2,2,2,2,2,2,2,2,2,2,2,1.75125,1.64185,1.59579,1.58723,1.61292,1.6838,1.87185,2,2,2,2,2,2,2,2,2,2,2,2,2,2,2,2,2,2,2,2,2,2,2,2,2,2,2,2,2,2,2,2,2,2,2,2,2,2,2,
6.8,3.80092,0.615929,-1.24752,2,2,2,2,2,2,2,2,2,2,2,1.62262,1.44936,1.37914,1.34742,1.34257,1.36319,1.41587,1.52942,2,2,2,2,2,2,2,2,2,2,2,2,2,2,2,2,2,2,2,2,2,2,2,2,2,2,2,1.69387,1.57735,1.52664,1.51224,1.52897,1.58295,1.70777,2,2,2,2,2,2,2,2,2,2,2,2,2,2,2,2,2,2,2,2,2,2,2,2,2,2,2,2,2,2,2,2,2,2,2,2,2,
6.9,3.82474,0.544814,-1.39752,2,2,2,2,2,2,2,2,2,2,2,2,2,1.58847,1.4616,1.4046,1.38209,1.38647,1.41906,1.49234,1.68311,2,2,2,2,2,2,2,2,2,2,2,2,2,2,2,2,2,2,2,2,2,2,2,2,2,2,2,1.65717,1.52265,1.46397,1.44198,1.44883,1.48674,1.57229,2,2,2,2,2,2,2,2,2,2,2,2,2,2,2,2,2,2,2,2,2,2,2,2,2,2,2,2,2,2,2,2,2,2,2,
7,3.83767,0.470937,-1.54752,2,2,2,2,2,2,2,2,2,2,2,2,2,2,2,1.5649,1.46861,1.42471,1.41235,1.42755,1.47528,1.58001,2,2,2,2,2,2,2,2,2,2,2,2,2,2,2,2,2,2,2,2,2,2,2,2,2,2,2,2,1.66267,1.48295,1.41167,1.3801,1.37639,1.39942,1.45697,1.58519,2,2,2,2,2,2,2,2,2,2,2,2,2,2,2,2,2,2,2,2,2,2,2,2,2,2,2,2,2,2,2,2,
7.1,3.83942,0.395957,-1.69752,2,2,2,2,2,2,2,2,2,2,2,2,2,2,2,2,1.73638,1.54452,1.47141,1.44029,1.43887,1.4667,1.53431,1.69981,2,2,2,2,2,2,2,2,2,2,2,2,2,2,2,2,2,2,2,2,2,2,2,2,2,2,2,2,2,1.46705,1.37468,1.33071,1.31556,1.32477,1.36094,1.438,1.65389,2,2,2,2,2,2,2,2,2,2,2,2,2,2,2,2,2,2,2,2,2,2,2,2,2,2,2,2,2,
7.2,3.82994,0.321559,-1.84752,2,2,2,2,2,2,2,2,2,2,2,2,2,2,2,2,2,2,1.64739,1.52486,1.47062,1.45193,1.46226,1.50504,1.60074,2,2,2,2,2,2,2,2,2,2,2,2,2,2,2,2,2,2,2,2,2,2,2,2,2,2,2,2,2,2,1.49619,1.3601,1.2986,1.27036,1.26621,1.28504,1.33231,1.42989,2,2,2,2,2,2,2,2,2,2,2,2,2,2,2,2,2,2,2,2,2,2,2,2,2,2,2,
7.3,3.80945,0.249412,-1.99752,2,2,2,2,2,2,2,2,2,2,2,2,2,2,2,2,2,2,2,2,1.59153,1.50469,1.46653,1.46003,1.48306,1.54407,1.68669,2,2,2,2,2,2,2,2,2,2,2,2,2,2,2,2,2,2,2,2,2,2,2,2,2,2,2,2,2,2,2,1.38074,1.28992,1.24506,1.22695,1.23062,1.25698,1.31407,1.43519,2,2,2,2,2,2,2,2,2,2,2,2,2,2,2,2,2,2,2,2,2,2,2,2,
7.4,3.77841,0.181138,-2.14752,2,2,2,2,2,2,2,2,2,2,2,2,2,2,2,2,2,2,2,2,2,1.69302,1.54568,1.48322,1.45922,1.46478,1.50175,1.58628,2,2,2,2,2,2,2,2,2,2,2,2,2,2,2,2,2,2,2,2,2,2,2,2,2,2,2,2,2,2,2,2,1.48175,1.31452,1.24479,1.21028,1.19924,1.2089,1.24166,1.30834,1.46167,2,2,2,2,2,2,2,2,2,2,2,2,2,2,2,2,2,2,2,2,2,
7.5,3.73751,0.118269,-2.29752,2,2,2,2,2,2,2,2,2,2,2,2,2,2,2,2,2,2,2,2,2,2,2,1.60149,1.50368,1.45984,1.4486,1.46622,1.5188,1.63686,2,2,2,2,2,2,2,2,2,2,2,2,2,2,2,2,2,2,2,2,2,2,2,2,2,2,2,2,2,2,2,2,2,1.39759,1.27723,1.21996,1.19261,1.18704,1.2019,1.24099,1.31874,1.54528,2,2,2,2,2,2,2,2,2,2,2,2,2,2,2,2,2,2,
7.6,3.68768,0.0622173,-2.44037,2,2,2,2,2,2,2,2,2,2,2,2,2,2,2,2,2,2,2,2,2,2,2,2,1.67253,1.52205,1.45831,1.43275,1.43601,1.46911,1.54543,1.75769,2,2,2,2,2,2,2,2,2,2,2,2,2,2,2,2,2,2,2,2,2,2,2,2,2,2,2,2,2,2,2,2,2,2,1.34549,1.25491,1.20955,1.19019,1.19162,1.21421,1.26424,1.3655,2,2,2,2,2,2,2,2,2,2,2,2,2,2,2,2,
7.7,3.63037,0.0138307,-2.56054,2,2,2,2,2,2,2,2,2,2,2,2,2,2,2,2,2,2,2,2,2,2,2,2,2,1.68743,1.51052,1.44004,1.4097,1.40797,1.43432,1.49827,1.64834,2,2,2,2,2,2,2,2,2,2,2,2,2,2,2,2,2,2,2,2,2,2,2,2,2,2,2,2,2,2,2,2,2,2,2,1.41714,1.29478,1.23702,1.20975,1.20471,1.22067,1.26182,1.34422,2,2,2,2,2,2,2,2,2,2,2,2,2,2,
7.8,3.56768,-0.0273369,-2.66176,2,2,2,2,2,2,2,2,2,2,2,2,2,2,2,2,2,2,2,2,2,2,2,2,2,2,1.61421,1.46752,1.40415,1.37736,1.37772,1.40533,1.47002,1.62144,2,2,2,2,2,2,2,2,2,2,2,2,2,2,2,2,2,2,2,2,2,2,2,2,2,2,2,2,2,2,2,2,2,2,2,2,1.4602,1.32706,1.26611,1.23746,1.23201,1.24838,1.29104,1.37744,2,2,2,2,2,2,2,2,2,2,2,2,
7.9,3.50115,-0.0619589,-2.7471,2,2,2,2,2,2,2,2,2,2,2,2,2,2,2,2,2,2,2,2,2,2,2,2,2,2,2,1.50723,1.40485,1.35676,1.33925,1.34695,1.38207,1.45815,1.66625,2,2,2,2,2,2,2,2,2,2,2,2,2,2,2,2,2,2,2,2,2,2,2,2,2,2,2,2,2,2,2,2,2,2,2,2,2,1.46197,1.34811,1.2942,1.27089,1.27109,1.29485,1.34944,1.46513,2,2,2,2,2,2,2,2,2,2,
8,3.43191,-0.0907841,-2.81913,2,2,2,2,2,2,2,2,2,2,2,2,2,2,2,2,2,2,2,2,2,2,2,2,2,2,2,1.55801,1.40285,1.33644,1.30601,1.30102,1.32011,1.36901,1.47167,2,2,2,2,2,2,2,2,2,2,2,2,2,2,2,2,2,2,2,2,2,2,2,2,2,2,2,2,2,2,2,2,2,2,2,2,2,2,2,1.4471,1.36394,1.32446,1.31262,1.32499,1.36515,1.44965,2,2,2,2,2,2,2,2,2,
8.1,3.36078,-0.114552,-2.87997,2,2,2,2,2,2,2,2,2,2,2,2,2,2,2,2,2,2,2,2,2,2,2,2,2,2,2,1.65352,1.39121,1.31099,1.27197,1.25902,1.2686,1.30326,1.37543,1.55658,2,2,2,2,2,2,2,2,2,2,2,2,2,2,2,2,2,2,2,2,2,2,2,2,2,2,2,2,2,2,2,2,2,2,2,2,2,2,2,1.55395,1.43786,1.38455,1.36407,1.36974,1.40324,1.47743,1.67302,2,2,2,2,2,2,2,
8.2,3.28833,-0.133951,-2.93141,2,2,2,2,2,2,2,2,2,2,2,2,2,2,2,2,2,2,2,2,2,2,2,2,2,2,2,2,1.36489,1.27772,1.23443,1.21722,1.22144,1.24814,1.30543,1.42679,2,2,2,2,2,2,2,2,2,2,2,2,2,2,2,2,2,2,2,2,2,2,2,2,2,2,2,2,2,2,2,2,2,2,2,2,2,2,2,2,1.65518,1.50847,1.44565,1.42034,1.42342,1.45584,1.53042,1.73038,2,2,2,2,2,2,
8.3,3.21498,-0.149599,-2.97495,2,2,2,2,2,2,2,2,2,2,2,2,2,2,2,2,2,2,2,2,2,2,2,2,2,2,2,2,1.32233,1.23621,1.19269,1.17427,1.17612,1.19869,1.24817,1.34757,2,2,2,2,2,2,2,2,2,2,2,2,2,2,2,2,2,2,2,2,2,2,2,2,2,2,2,2,2,2,2,2,2,2,2,2,2,2,2,2,2,1.7317,1.57067,1.50467,1.47895,1.48361,1.52023,1.60498,2,2,2,2,2,2,
8.4,3.14102,-0.162039,-3.01184,2,2,2,2,2,2,2,2,2,2,2,2,2,2,2,2,2,2,2,2,2,2,2,2,2,2,2,1.51352,1.26635,1.18785,1.14737,1.1301,1.13181,1.15286,1.19869,1.2883,2,2,2,2,2,2,2,2,2,2,2,2,2,2,2,2,2,2,2,2,2,2,2,2,2,2,2,2,2,2,2,2,2,2,2,2,2,2,2,2,2,2,1.77391,1.62326,1.56106,1.53953,1.55026,1.59716,1.706,2,2,2,2,2,
8.5,3.06665,-0.171743,-3.04313,2,2,2,2,2,2,2,2,2,2,2,2,2,2,2,2,2,2,2,2,2,2,2,2,2,2,2,1.35644,1.20231,1.13504,1.09978,1.08538,1.08857,1.11002,1.15503,1.24151,2,2,2,2,2,2,2,2,2,2,2,2,2,2,2,2,2,2,2,2,2,2,2,2,2,2,2,2,2,2,2,2,2,2,2,2,2,2,2,2,2,2,2,1.79448,1.6688,1.61635,1.60357,1.62546,1.69114,1.85791,2,2,2,2,
8.6,2.99201,-0.179117,-3.06969,2,2,2,2,2,2,2,2,2,2,2,2,2,2,2,2,2,2,2,2,2,2,2,2,2,2,2,1.24541,1.1354,1.08035,1.05149,1.04106,1.04691,1.0702,1.1166,1.20492,2,2,2,2,2,2,2,2,2,2,2,2,2,2,2,2,2,2,2,2,2,2,2,2,2,2,2,2,2,2,2,2,2,2,2,2,2,2,2,2,2,2,2,2,1.80936,1.71186,1.67356,1.67413,1.7138,1.81403,2,2,2,2,
8.7,2.91721,-0.184505,-3.09227,2,2,2,2,2,2,2,2,2,2,2,2,2,2,2,2,2,2,2,2,2,2,2,2,2,2,2,1.14988,1.06939,1.02605,1.004,0.998205,1.00755,1.03387,1.08364,1.17878,2,2,2,2,2,2,2,2,2,2,2,2,2,2,2,2,2,2,2,2,2,2,2,2,2,2,2,2,2,2,2,2,2,2,2,2,2,2,2,2,2,2,2,2,2,1.8276,1.75736,1.73676,1.75611,1.82444,2,2,2,2,
8.8,2.8423,-0.188203,-3.11148,2,2,2,2,2,2,2,2,2,2,2,2,2,2,2,2,2,2,2,2,2,2,2,2,2,2,1.18729,1.0659,1.00669,0.973922,0.958639,0.957823,0.971327,1.00176,1.05701,1.16596,2,2,2,2,2,2,2,2,2,2,2,2,2,2,2,2,2,2,2,2,2,2,2,2,2,2,2,2,2,2,2,2,2,2,2,2,2,2,2,2,2,2,2,2,2,1.97153,1.85413,1.8101,1.8111,1.8576,1.98065,2,2,2,
8.9,2.76733,-0.190461,-3.12785,2,2,2,2,2,2,2,2,2,2,2,2,2,2,2,2,2,2,2,2,2,2,2,2,2,2,1.0701,0.99191,0.948722,0.925277,0.916508,0.920879,0.939133,0.974867,1.03834,1.17573,2,2,2,2,2,2,2,2,2,2,2,2,2,2,2,2,2,2,2,2,2,2,2,2,2,2,2,2,2,2,2,2,2,2,2,2,2,2,2,2,2,2,2,2,2,2,1.96494,1.89248,1.87523,1.9041,1.99561,2,2,2,
9,2.69234,-0.191491,-3.14182,2,2,2,2,2,2,2,2,2,2,2,2,2,2,2,2,2,2,2,2,2,2,2,2,2,1.08414,0.980738,0.927034,0.896338,0.88109,0.878546,0.888296,0.911981,0.954563,1.03064,2,2,2,2,2,2,2,2,2,2,2,2,2,2,2,2,2,2,2,2,2,2,2,2,2,2,2,2,2,2,2,2,2,2,2,2,2,2,2,2,2,2,2,2,2,2,2,2,1.98317,1.94645,1.95957,2,2,2,2,
9.1,2.61734,-0.191474,-3.29182,2,2,2,2,2,2,2,2,2,2,2,2,2,2,2,2,2,2,2,2,2,2,2,2,2,2,1.10481,0.968761,0.90584,0.869483,0.849467,0.842034,0.846017,0.862028,0.892864,0.945965,1.04728,2,2,2,2,2,2,2,2,2,2,2,2,2,2,2,2,2,2,2,2,2,2,2,2,2,2,2,2,2,2,2,2,2,2,2,2,2,2,2,2,2,2,2,2,2,2,2,2,2,2,2,2,2,
9.2,2.54318,-0.180248,-3.44182,2,2,2,2,2,2,2,2,2,2,2,2,2,2,2,2,2,2,2,2,2,2,2,2,2,2,2,2,0.953024,0.879633,0.837629,0.81311,0.801193,0.800023,0.809432,0.83084,0.868213,0.932206,1.07469,2,2,2,2,2,2,2,2,2,2,2,2,2,2,2,2,2,2,2,2,2,2,2,2,2,2,2,2,2,2,2,2,2,2,2,2,2,2,2,2,2,2,2,2,2,2,2,2,2,2,2,
9.3,2.47154,-0.158068,-3.59182,2,2,2,2,2,2,2,2,2,2,2,2,2,2,2,2,2,2,2,2,2,2,2,2,2,2,2,2,2,0.934293,0.848475,0.800848,0.772137,0.756169,0.750439,0.754169,0.767858,0.793566,0.836373,0.91079,2,2,2,2,2,2,2,2,2,2,2,2,2,2,2,2,2,2,2,2,2,2,2,2,2,2,2,2,2,2,2,2,2,2,2,2,2,2,2,2,2,2,2,2,2,2,2,2,2,2,
9.4,2.40401,-0.12543,-3.74182,2,2,2,2,2,2,2,2,2,2,2,2,2,2,2,2,2,2,2,2,2,2,2,2,2,2,2,2,2,2,0.914072,0.812414,0.759207,0.726669,0.707121,0.697424,0.696306,0.703629,0.720327,0.748901,0.795284,0.877635,2,2,2,2,2,2,2,2,2,2,2,2,2,2,2,2,2,2,2,2,2,2,2,2,2,2,2,2,2,2,2,2,2,2,2,2,2,2,2,2,2,2,2,2,2,2,2,2,
9.5,2.34212,-0.0830673,-3.89182,2,2,2,2,2,2,2,2,2,2,2,2,2,2,2,2,2,2,2,2,2,2,2,2,2,2,2,2,2,2,2,0.896201,0.771469,0.712753,0.676831,0.654221,0.641165,0.635978,0.638072,0.647681,0.665961,0.695593,0.742792,0.827233,2,2,2,2,2,2,2,2,2,2,2,2,2,2,2,2,2,2,2,2,2,2,2,2,2,2,2,2,2,2,2,2,2,2,2,2,2,2,2,2,2,2,2,2,2,2,
9.6,2.28726,-0.0319316,-4.04182,2,2,2,2,2,2,2,2,2,2,2,2,2,2,2,2,2,2,2,2,2,2,2,2,2,2,2,2,2,2,2,2,0.902344,0.725587,0.661498,0.622734,0.597649,0.581867,0.573369,0.571239,0.575263,0.58585,0.604187,0.632812,0.677427,0.755382,2,2,2,2,2,2,2,2,2,2,2,2,2,2,2,2,2,2,2,2,2,2,2,2,2,2,2,2,2,2,2,2,2,2,2,2,2,2,2,2,2,2,2,2,
9.7,2.24065,0.0268287,-4.19182,2,2,2,2,2,2,2,2,2,2,2,2,2,2,2,2,2,2,2,2,2,2,2,2,2,2,2,2,2,2,2,2,2,2,0.674576,0.605393,0.564471,0.537582,0.519758,0.508704,0.503274,0.502971,0.507767,0.5181,0.535018,0.560631,0.599424,0.663587,2,2,2,2,2,2,2,2,2,2,2,2,2,2,2,2,2,2,2,2,2,2,2,2,2,2,2,2,2,2,2,2,2,2,2,2,2,2,2,2,2,2,
9.8,2.20335,0.0918941,-4.34183,2,2,2,2,2,2,2,2,2,2,2,2,2,2,2,2,2,2,2,2,2,2,2,2,2,2,2,2,2,2,2,2,2,2,2,0.617955,0.544283,0.502096,0.474191,0.455072,0.442238,0.434396,0.430871,0.431386,0.435981,0.445024,0.459316,0.480384,0.511235,0.558884,0.649929,2,2,2,2,2,2,2,2,2,2,2,2,2,2,2,2,2,2,2,2,2,2,2,2,2,2,2,2,2,2,2,2,2,2,2,2,2,2,2,
9.9,2.17619,0.161803,-4.49183,2,2,2,2,2,2,2,2,2,2,2,2,2,2,2,2,2,2,2,2,2,2,2,2,2,2,2,2,2,2,2,2,2,2,2,2,0.554677,0.477858,0.435601,0.407626,0.38805,0.374258,0.36488,0.359152,0.35666,0.357239,0.360926,0.367974,0.37891,0.394687,0.417035,0.449413,0.500516,0.617535,2,2,2,2,2,2,2,2,2,2,2,2,2,2,2,2,2,2,2,2,2,2,2,2,2,2,2,2,2,2,2,2,2,2,2,2,
10,2.15978,0.234986,-4.64183,2,2,2,2,2,2,2,2,2,2,2,2,2,2,2,2,2,2,2,2,2,2,2,2,2,2,2,2,2,2,2,2,2,2,2,2,2,0.482607,0.405574,0.364887,0.338003,0.318931,0.305071,0.295058,0.288104,0.283743,0.281712,0.281894,0.284301,0.28907,0.296493,0.307079,0.321688,0.341827,0.370432,0.414607,0.506541,2,2,2,2,2,2,2,2,2,2,2,2,2,2,2,2,2,2,2,2,2,2,2,2,2,2,2,2,2,2,2,2,2,
10.1,2.15449,0.3098,-4.79183,2,2,2,2,2,2,2,2,2,2,2,2,2,2,2,2,2,2,2,2,2,2,2,2,2,2,2,2,2,2,2,2,2,2,2,2,2,2,0.397991,0.32658,0.289717,0.265376,0.247943,0.235012,0.225316,0.218114,0.212947,0.209529,0.207685,0.207327,0.208438,0.211071,0.215355,0.221518,0.229924,0.241157,0.256181,0.276726,0.306373,0.355204,2,2,2,2,2,2,2,2,2,2,2,2,2,2,2,2,2,2,2,2,2,2,2,2,2,2,2,2,2,2,
10.2,2.16044,0.384563,-4.94183,2,2,2,2,2,2,2,2,2,2,2,2,2,2,2,2,2,2,2,2,2,2,2,2,2,2,2,2,2,2,2,2,2,2,2,2,2,2,2,0.296547,0.239708,0.209672,0.189708,0.175288,0.164437,0.156106,0.149673,0.144745,0.141063,0.138456,0.136811,0.136063,0.136182,0.137173,0.139074,0.141964,0.145969,0.151282,0.158191,0.167141,0.178845,0.194534,0.216629,0.251171,0.329399,2,2,2,2,2,2,2,2,2,2,2,2,2,2,2,2,2,2,2,2,2,2,2,2,2,
10.3,2.1775,0.457598,-5.09183,2,2,2,2,2,2,2,2,2,2,2,2,2,2,2,2,2,2,2,2,2,2,2,2,2,2,2,2,2,2,2,2,2,2,2,2,2,2,2,2,0.177656,0.143669,0.124111,0.110828,0.101121,0.0937308,0.0879686,0.0834157,0.0798022,0.0769461,0.074721,0.0730388,0.071838,0.0710774,0.0707319,0.0707906,0.0712551,0.0721407,0.0734767,0.0753094,0.0777076,0.0807692,0.0846344,0.0895063,0.0956903,0.103666,0.114247,0.128968,0.151377,0.194475,2,2,2,2,2,2,2,2,2,2,2,2,2,2,2,2,2,2,2,2,
10.4,2.20528,0.527263,-5.24183,2,2,2,2,2,2,2,2,2,2,2,2,2,2,2,2,2,2,2,2,2,2,2,2,2,2,2,2,2,2,2,2,2,2,2,2,2,2,2,2,0.0605922,0.0458159,0.0375844,0.0321952,0.0283693,0.0255161,0.0233168,0.0215828,0.0201942,0.0190714,0.0181588,0.0174176,0.0168191,0.0163425,0.0159727,0.0156985,0.015512,0.0154082,0.0153843,0.0154396,0.0155757,0.0157961,0.016107,0.0165175,0.0170402,0.0176924,0.0184974,0.0194878,0.0207081,0.0222219,0.0241227,0.0265528,0.0297421,0.0340919,0.040386,0.0504792,0.0710569,2,2,2,2,2,2,2,2,2,2,2,2,2,
10.5,2.24316,0.591995,-5.37341,
