0,4,-1,-3.11336,2,2,2,2,2,2,2,2,2,2,2,2,2,2,2,2,2,2,2,2,2,2,2,2,2,2,2,2,2,2,2,2,2,2,2,2,2,2,2,2,2,2,2,2,2,2,2,2,1.92312,1.79512,1.74481,1.73821,1.77243,1.86575,2,2,2,2,2,2,2,2,2,2,2,2,2,2,2,2,2,2,2,2,2,2,2,2,2,2,2,2,2,2,2,2,2,2,2,2,
0.1,3.92503,-1.00212,-3.13898,2,2,2,2,2,2,2,2,2,2,2,2,2,2,2,2,2,2,2,2,2,2,2,2,2,2,2,2,2,2,2,2,2,2,2,2,2,2,2,2,2,2,2,2,2,2,2,2,2,1.77567,1.69719,1.66931,1.67897,1.73015,1.85627,2,2,2,2,2,2,2,2,2,2,2,2,2,2,2,2,2,2,2,2,2,2,2,2,2,2,2,2,2,2,2,2,2,2,2,
0.2,3.85003,-1.00231,-3.16256,2,2,2,2,2,2,2,2,2,2,2,2,2,2,2,2,2,2,2,2,2,2,2,2,2,2,2,2,2,2,2,2,2,2,2,2,2,2,2,2,2,2,2,2,2,2,2,2,2,1.77929,1.66201,1.6129,1.60256,1.62696,1.6965,1.87924,2,2,2,2,2,2,2,2,2,2,2,2,2,2,2,2,2,2,2,2,2,2,2,2,2,2,2,2,2,2,2,2,2,2,
0.3,3.77505,-1.00074,-3.18426,2,2,2,2,2,2,2,2,2,2,2,2,2,2,2,2,2,2,2,2,2,2,2,2,2,2,2,2,2,2,2,2,2,2,2,2,2,2,2,2,2,2,2,2,2,2,2,2,2,1.83853,1.64091,1.56765,1.53909,1.5433,1.58176,1.67284,2,2,2,2,2,2,2,2,2,2,2,2,2,2,2,2,2,2,2,2,2,2,2,2,2,2,2,2,2,2,2,2,2,2,
0.4,3.70011,-0.997542,-3.20425,2,2,2,2,2,2,2,2,2,2,2,2,2,2,2,2,2,2,2,2,2,2,2,2,2,2,2,2,2,2,2,2,2,2,2,2,2,2,2,2,2,2,2,2,2,2,2,2,2,2,1.63949,1.53358,1.48657,1.47372,1.49059,1.54316,1.6624,2,2,2,2,2,2,2,2,2,2,2,2,2,2,2,2,2,2,2,2,2,2,2,2,2,2,2,2,2,2,2,2,2,
0.5,3.62526,-0.992846,-3.22267,2,2,2,2,2,2,2,2,2,2,2,2,2,2,2,2,2,2,2,2,2,2,2,2,2,2,2,2,2,2,2,2,2,2,2,2,2,2,2,2,2,2,2,2,2,2,2,2,2,2,1.6791,1.51242,1.44427,1.4155,1.41532,1.44368,1.51115,1.67499,2,2,2,2,2,2,2,2,2,2,2,2,2,2,2,2,2,2,2,2,2,2,2,2,2,2,2,2,2,2,2,2,
0.6,3.55051,-0.986772,-3.23965,2,2,2,2,2,2,2,2,2,2,2,2,2,2,2,2,2,2,2,2,2,2,2,2,2,2,2,2,2,2,2,2,2,2,2,2,2,2,2,2,2,2,2,2,2,2,2,2,2,2,2,1.50915,1.4126,1.36738,1.35231,1.36279,1.40194,1.48607,2,2,2,2,2,2,2,2,2,2,2,2,2,2,2,2,2,2,2,2,2,2,2,2,2,2,2,2,2,2,2,2,
0.7,3.47587,-0.979429,-3.25532,2,2,2,2,2,2,2,2,2,2,2,2,2,2,2,2,2,2,2,2,2,2,2,2,2,2,2,2,2,2,2,2,2,2,2,2,2,2,2,2,2,2,2,2,2,2,2,2,2,2,2,1.5406,1.39347,1.32911,1.29978,1.29555,1.31526,1.36485,1.46892,2,2,2,2,2,2,2,2,2,2,2,2,2,2,2,2,2,2,2,2,2,2,2,2,2,2,2,2,2,2,2,
0.8,3.40135,-0.970918,-3.26978,2,2,2,2,2,2,2,2,2,2,2,2,2,2,2,2,2,2,2,2,2,2,2,2,2,2,2,2,2,2,2,2,2,2,2,2,2,2,2,2,2,2,2,2,2,2,2,2,2,2,2,2,1.39193,1.30148,1.25701,1.23951,1.24412,1.272,1.33197,1.46221,2,2,2,2,2,2,2,2,2,2,2,2,2,2,2,2,2,2,2,2,2,2,2,2,2,2,2,2,2,2,
0.9,3.32697,-0.96133,-3.28315,2,2,2,2,2,2,2,2,2,2,2,2,2,2,2,2,2,2,2,2,2,2,2,2,2,2,2,2,2,2,2,2,2,2,2,2,2,2,2,2,2,2,2,2,2,2,2,2,2,2,2,2,1.42423,1.28682,1.2242,1.19355,1.18521,1.19717,1.2324,1.30293,1.47401,2,2,2,2,2,2,2,2,2,2,2,2,2,2,2,2,2,2,2,2,2,2,2,2,2,2,2,2,2,
1,3.25272,-0.950749,-3.2955,2,2,2,2,2,2,2,2,2,2,2,2,2,2,2,2,2,2,2,2,2,2,2,2,2,2,2,2,2,2,2,2,2,2,2,2,2,2,2,2,2,2,2,2,2,2,2,2,2,2,2,2,2,1.29097,1.20261,1.15744,1.13696,1.13591,1.15406,1.19593,1.27739,2,2,2,2,2,2,2,2,2,2,2,2,2,2,2,2,2,2,2,2,2,2,2,2,2,2,2,2,2,
1.1,3.1786,-0.939252,-3.30692,2,2,2,2,2,2,2,2,2,2,2,2,2,2,2,2,2,2,2,2,2,2,2,2,2,2,2,2,2,2,2,2,2,2,2,2,2,2,2,2,2,2,2,2,2,2,2,2,2,2,2,2,2,1.33364,1.19533,1.13186,1.09879,1.08608,1.0909,1.11427,1.16215,1.2551,2,2,2,2,2,2,2,2,2,2,2,2,2,2,2,2,2,2,2,2,2,2,2,2,2,2,2,2,
1.2,3.10463,-0.926908,-3.3175,2,2,2,2,2,2,2,2,2,2,2,2,2,2,2,2,2,2,2,2,2,2,2,2,2,2,2,2,2,2,2,2,2,2,2,2,2,2,2,2,2,2,2,2,2,2,2,2,2,2,2,2,2,2,1.21023,1.11878,1.07099,1.04676,1.0401,1.04967,1.07745,1.13072,1.23584,2,2,2,2,2,2,2,2,2,2,2,2,2,2,2,2,2,2,2,2,2,2,2,2,2,2,2,
1.3,3.03078,-0.913783,-3.32729,2,2,2,2,2,2,2,2,2,2,2,2,2,2,2,2,2,2,2,2,2,2,2,2,2,2,2,2,2,2,2,2,2,2,2,2,2,2,2,2,2,2,2,2,2,2,2,2,2,2,2,2,2,2,1.27975,1.12274,1.0549,1.01795,1.00039,0.998501,1.01191,1.04334,1.10138,1.21949,2,2,2,2,2,2,2,2,2,2,2,2,2,2,2,2,2,2,2,2,2,2,2,2,2,2,
1.4,2.95707,-0.899936,-3.33637,2,2,2,2,2,2,2,2,2,2,2,2,2,2,2,2,2,2,2,2,2,2,2,2,2,2,2,2,2,2,2,2,2,2,2,2,2,2,2,2,2,2,2,2,2,2,2,2,2,2,2,2,2,2,2,1.1565,1.05365,1.00057,0.971488,0.959066,0.960931,0.977419,1.01184,1.07401,1.20605,2,2,2,2,2,2,2,2,2,2,2,2,2,2,2,2,2,2,2,2,2,2,2,2,2,
1.5,2.88349,-0.885419,-3.3448,2,2,2,2,2,2,2,2,2,2,2,2,2,2,2,2,2,2,2,2,2,2,2,2,2,2,2,2,2,2,2,2,2,2,2,2,2,2,2,2,2,2,2,2,2,2,2,2,2,2,2,2,2,2,2,2,1.07487,0.997003,0.954027,0.930828,0.922387,0.927217,0.946149,0.98298,1.04862,1.1958,2,2,2,2,2,2,2,2,2,2,2,2,2,2,2,2,2,2,2,2,2,2,2,2,
1.6,2.81004,-0.870284,-3.35262,2,2,2,2,2,2,2,2,2,2,2,2,2,2,2,2,2,2,2,2,2,2,2,2,2,2,2,2,2,2,2,2,2,2,2,2,2,2,2,2,2,2,2,2,2,2,2,2,2,2,2,2,2,2,2,2,1.14744,1.01269,0.949904,0.914197,0.895482,0.890146,0.897309,0.918168,0.956904,1.02543,1.18956,2,2,2,2,2,2,2,2,2,2,2,2,2,2,2,2,2,2,2,2,2,2,2,
1.7,2.79014,-0.866021,-3.2418,2,2,2,2,2,2,2,2,2,2,2,2,2,2,2,2,2,2,2,2,2,2,2,2,2,2,2,2,2,2,2,2,2,2,2,2,2,2,2,2,2,2,2,2,2,2,2,2,2,2,2,2,2,2,2,1.06721,0.974864,0.925281,0.897153,0.883948,0.883346,0.895249,0.921717,0.968663,1.05458,2,2,2,2,2,2,2,2,2,2,2,2,2,2,2,2,2,2,2,2,2,2,2,2,2,
1.8,2.76997,-0.863993,-3.12153,2,2,2,2,2,2,2,2,2,2,2,2,2,2,2,2,2,2,2,2,2,2,2,2,2,2,2,2,2,2,2,2,2,2,2,2,2,2,2,2,2,2,2,2,2,2,2,2,2,2,2,2,2,1.1369,0.998268,0.934641,0.898263,0.878752,0.872362,0.878058,0.896758,0.932003,0.993536,1.12329,2,2,2,2,2,2,2,2,2,2,2,2,2,2,2,2,2,2,2,2,2,2,2,2,2,2,
1.9,2.74979,-0.864398,-2.99188,2,2,2,2,2,2,2,2,2,2,2,2,2,2,2,2,2,2,2,2,2,2,2,2,2,2,2,2,2,2,2,2,2,2,2,2,2,2,2,2,2,2,2,2,2,2,2,2,2,2,2,2,1.01431,0.938508,0.895893,0.871907,0.861571,0.863176,0.876973,0.905344,0.954805,1.04652,2,2,2,2,2,2,2,2,2,2,2,2,2,2,2,2,2,2,2,2,2,2,2,2,2,2,2,2,
2,2.72991,-0.867397,-2.85293,2,2,2,2,2,2,2,2,2,2,2,2,2,2,2,2,2,2,2,2,2,2,2,2,2,2,2,2,2,2,2,2,2,2,2,2,2,2,2,2,2,2,2,2,2,2,2,2,2,2,1.01605,0.933537,0.887787,0.861553,0.849168,0.84857,0.859665,0.884275,0.927517,1.00442,2,2,2,2,2,2,2,2,2,2,2,2,2,2,2,2,2,2,2,2,2,2,2,2,2,2,2,2,2,2,
2.1,2.71071,-0.873098,-2.70333,2,2,2,2,2,2,2,2,2,2,2,2,2,2,2,2,2,2,2,2,2,2,2,2,2,2,2,2,2,2,2,2,2,2,2,2,2,2,2,2,2,2,2,2,2,2,2,2,0.996268,0.916666,0.872081,0.846369,0.834113,0.833313,0.843849,0.867403,0.908697,0.981171,1.1926,2,2,2,2,2,2,2,2,2,2,2,2,2,2,2,2,2,2,2,2,2,2,2,2,2,2,2,2,2,2,2,
2.2,2.69264,-0.881566,-2.55333,2,2,2,2,2,2,2,2,2,2,2,2,2,2,2,2,2,2,2,2,2,2,2,2,2,2,2,2,2,2,2,2,2,2,2,2,2,2,2,2,2,2,2,2,2,2,0.971239,0.896276,0.853666,0.828989,0.817243,0.816563,0.826852,0.84971,0.889581,0.958816,1.13431,2,2,2,2,2,2,2,2,2,2,2,2,2,2,2,2,2,2,2,2,2,2,2,2,2,2,2,2,2,2,2,2,2,
2.3,2.67609,-0.892604,-2.40333,2,2,2,2,2,2,2,2,2,2,2,2,2,2,2,2,2,2,2,2,2,2,2,2,2,2,2,2,2,2,2,2,2,2,2,2,2,2,2,2,2,2,2,1.12045,0.942387,0.873132,0.833093,0.809848,0.798916,0.798619,0.808917,0.831374,0.870244,0.937139,1.09665,2,2,2,2,2,2,2,2,2,2,2,2,2,2,2,2,2,2,2,2,2,2,2,2,2,2,2,2,2,2,2,2,2,2,2,
2.4,2.66142,-0.905954,-2.25333,2,2,2,2,2,2,2,2,2,2,2,2,2,2,2,2,2,2,2,2,2,2,2,2,2,2,2,2,2,2,2,2,2,2,2,2,2,2,2,2,2,1.04842,0.910688,0.84781,0.810817,0.789355,0.779521,0.779864,0.790435,0.812803,0.851124,0.916592,1.0684,2,2,2,2,2,2,2,2,2,2,2,2,2,2,2,2,2,2,2,2,2,2,2,2,2,2,2,2,2,2,2,2,2,2,2,2,2,
2.5,2.64894,-0.921313,-2.10333,2,2,2,2,2,2,2,2,2,2,2,2,2,2,2,2,2,2,2,2,2,2,2,2,2,2,2,2,2,2,2,2,2,2,2,2,2,2,2,0.988233,0.877198,0.820983,0.787378,0.767984,0.759501,0.760731,0.771838,0.794447,0.832704,0.897715,1.04811,2,2,2,2,2,2,2,2,2,2,2,2,2,2,2,2,2,2,2,2,2,2,2,2,2,2,2,2,2,2,2,2,2,2,2,2,2,2,2,
2.6,2.6389,-0.938339,-1.95333,2,2,2,2,2,2,2,2,2,2,2,2,2,2,2,2,2,2,2,2,2,2,2,2,2,2,2,2,2,2,2,2,2,2,2,2,2,0.933861,0.84298,0.793395,0.763379,0.74627,0.739355,0.741699,0.753611,0.776805,0.815529,0.881162,1.03725,2,2,2,2,2,2,2,2,2,2,2,2,2,2,2,2,2,2,2,2,2,2,2,2,2,2,2,2,2,2,2,2,2,2,2,2,2,2,2,2,2,
2.7,2.63153,-0.956657,-1.80333,2,2,2,2,2,2,2,2,2,2,2,2,2,2,2,2,2,2,2,2,2,2,2,2,2,2,2,2,2,2,2,2,2,2,2,0.884017,0.809037,0.76582,0.739467,0.724789,0.71962,0.723293,0.736277,0.760428,0.800216,0.86775,1.04218,2,2,2,2,2,2,2,2,2,2,2,2,2,2,2,2,2,2,2,2,2,2,2,2,2,2,2,2,2,2,2,2,2,2,2,2,2,2,2,2,2,2,2,
2.8,2.62698,-0.975868,-1.65333,2,2,2,2,2,2,2,2,2,2,2,2,2,2,2,2,2,2,2,2,2,2,2,2,2,2,2,2,2,2,2,2,0.976508,0.838446,0.776289,0.739028,0.716307,0.704145,0.700868,0.706069,0.720402,0.74592,0.787469,0.858534,2,2,2,2,2,2,2,2,2,2,2,2,2,2,2,2,2,2,2,2,2,2,2,2,2,2,2,2,2,2,2,2,2,2,2,2,2,2,2,2,2,2,2,2,2,2,
2.9,2.62536,-0.995553,-1.50333,2,2,2,2,2,2,2,2,2,2,2,2,2,2,2,2,2,2,2,2,2,2,2,2,2,2,2,2,2,2,0.894241,0.797236,0.745552,0.713758,0.694564,0.684952,0.683685,0.690609,0.706588,0.733944,0.778108,0.854978,2,2,2,2,2,2,2,2,2,2,2,2,2,2,2,2,2,2,2,2,2,2,2,2,2,2,2,2,2,2,2,2,2,2,2,2,2,2,2,2,2,2,2,2,2,2,2,2,
3,2.62802,-1.03502,-1.50195,2,2,2,2,2,2,2,2,2,2,2,2,2,2,2,2,2,2,2,2,2,2,2,2,2,2,2,2,2,1.00934,0.806378,0.73863,0.698393,0.673151,0.658301,0.651814,0.652922,0.661753,0.679382,0.708387,0.754755,0.836973,2,2,2,2,2,2,2,2,2,2,2,2,2,2,2,2,2,2,2,2,2,2,2,2,2,2,2,2,2,2,2,2,2,2,2,2,2,2,2,2,2,2,2,2,2,2,2,2,
3.1,2.63075,-1.07463,-1.50056,2,2,2,2,2,2,2,2,2,2,2,2,2,2,2,2,2,2,2,2,2,2,2,2,2,2,2,2,2,0.829974,0.736395,0.686064,0.654519,0.634696,0.623604,0.619899,0.623174,0.633788,0.653014,0.683704,0.732518,0.821572,2,2,2,2,2,2,2,2,2,2,2,2,2,2,2,2,2,2,2,2,2,2,2,2,2,2,2,2,2,2,2,2,2,2,2,2,2,2,2,2,2,2,2,2,2,2,2,2,
3.2,2.63355,-1.11439,-1.49917,2,2,2,2,2,2,2,2,2,2,2,2,2,2,2,2,2,2,2,2,2,2,2,2,2,2,2,2,0.901603,0.739983,0.676608,0.638212,0.613516,0.598242,0.590424,0.589207,0.594467,0.606759,0.627549,0.659995,0.711597,0.809907,2,2,2,2,2,2,2,2,2,2,2,2,2,2,2,2,2,2,2,2,2,2,2,2,2,2,2,2,2,2,2,2,2,2,2,2,2,2,2,2,2,2,2,2,2,2,2,2,
3.3,2.63641,-1.15429,-1.49777,2,2,2,2,2,2,2,2,2,2,2,2,2,2,2,2,2,2,2,2,2,2,2,2,2,2,2,2,0.752249,0.670015,0.623855,0.594253,0.575093,0.56368,0.558731,0.55975,0.566838,0.580723,0.603071,0.637389,0.692265,0.804281,2,2,2,2,2,2,2,2,2,2,2,2,2,2,2,2,2,2,2,2,2,2,2,2,2,2,2,2,2,2,2,2,2,2,2,2,2,2,2,2,2,2,2,2,2,2,2,2,
3.4,2.63935,-1.19436,-1.49637,2,2,2,2,2,2,2,2,2,2,2,2,2,2,2,2,2,2,2,2,2,2,2,2,2,2,2,0.782816,0.666477,0.611121,0.57647,0.553642,0.539039,0.530933,0.528513,0.531552,0.540334,0.555753,0.579679,0.616048,0.674909,0.811289,2,2,2,2,2,2,2,2,2,2,2,2,2,2,2,2,2,2,2,2,2,2,2,2,2,2,2,2,2,2,2,2,2,2,2,2,2,2,2,2,2,2,2,2,2,2,2,2,
3.5,2.64234,-1.23458,-1.49496,2,2,2,2,2,2,2,2,2,2,2,2,2,2,2,2,2,2,2,2,2,2,2,2,2,2,2,0.66654,0.599709,0.559776,0.533456,0.516003,0.505204,0.499954,0.499774,0.504648,0.515019,0.531935,0.557502,0.596184,0.660109,2,2,2,2,2,2,2,2,2,2,2,2,2,2,2,2,2,2,2,2,2,2,2,2,2,2,2,2,2,2,2,2,2,2,2,2,2,2,2,2,2,2,2,2,2,2,2,2,2,
3.6,2.64541,-1.27496,-1.49355,2,2,2,2,2,2,2,2,2,2,2,2,2,2,2,2,2,2,2,2,2,2,2,2,2,2,0.67153,0.589325,0.543809,0.514164,0.49417,0.481073,0.473485,0.470716,0.472534,0.479092,0.49097,0.50938,0.536699,0.578088,0.648805,2,2,2,2,2,2,2,2,2,2,2,2,2,2,2,2,2,2,2,2,2,2,2,2,2,2,2,2,2,2,2,2,2,2,2,2,2,2,2,2,2,2,2,2,2,2,2,2,2,
3.7,2.64855,-1.3155,-1.49213,2,2,2,2,2,2,2,2,2,2,2,2,2,2,2,2,2,2,2,2,2,2,2,2,2,0.68524,0.579659,0.528225,0.495448,0.473215,0.458179,0.448668,0.443815,0.443219,0.446834,0.454951,0.468286,0.488225,0.517481,0.562163,0.642731,2,2,2,2,2,2,2,2,2,2,2,2,2,2,2,2,2,2,2,2,2,2,2,2,2,2,2,2,2,2,2,2,2,2,2,2,2,2,2,2,2,2,2,2,2,2,2,2,2,
3.8,2.65176,-1.3562,-1.4907,2,2,2,2,2,2,2,2,2,2,2,2,2,2,2,2,2,2,2,2,2,2,2,2,0.732302,0.570365,0.512699,0.477039,0.452885,0.436246,0.425183,0.418663,0.41616,0.417482,0.422731,0.432318,0.447093,0.468648,0.500127,0.549008,0.645871,2,2,2,2,2,2,2,2,2,2,2,2,2,2,2,2,2,2,2,2,2,2,2,2,2,2,2,2,2,2,2,2,2,2,2,2,2,2,2,2,2,2,2,2,2,2,2,2,2,
3.9,2.65504,-1.39707,-1.48927,2,2,2,2,2,2,2,2,2,2,2,2,2,2,2,2,2,2,2,2,2,2,2,2,0.561031,0.496932,0.458725,0.432994,0.415085,0.402802,0.394977,0.39098,0.390515,0.393549,0.400304,0.411307,0.427551,0.450878,0.48502,0.539583,0.67467,2,2,2,2,2,2,2,2,2,2,2,2,2,2,2,2,2,2,2,2,2,2,2,2,2,2,2,2,2,2,2,2,2,2,2,2,2,2,2,2,2,2,2,2,2,2,2,2,2,
4,2.65839,-1.4381,-1.48784,2,2,2,2,2,2,2,2,2,2,2,2,2,2,2,2,2,2,2,2,2,2,2,0.551157,0.480678,0.440366,0.413434,0.39458,0.381387,0.372573,0.367427,0.365579,0.366904,0.371489,0.379663,0.392068,0.409867,0.435224,0.472721,0.535607,2,2,2,2,2,2,2,2,2,2,2,2,2,2,2,2,2,2,2,2,2,2,2,2,2,2,2,2,2,2,2,2,2,2,2,2,2,2,2,2,2,2,2,2,2,2,2,2,2,2,
4.1,2.66182,-1.4793,-1.48639,2,2,2,2,2,2,2,2,2,2,2,2,2,2,2,2,2,2,2,2,2,2,0.54015,0.463775,0.421914,0.394176,0.374697,0.360879,0.351354,0.345354,0.342453,0.342462,0.34538,0.3514,0.360948,0.374796,0.394314,0.422114,0.464093,0.540855,2,2,2,2,2,2,2,2,2,2,2,2,2,2,2,2,2,2,2,2,2,2,2,2,2,2,2,2,2,2,2,2,2,2,2,2,2,2,2,2,2,2,2,2,2,2,2,2,2,2,
4.2,2.66532,-1.52067,-1.48494,2,2,2,2,2,2,2,2,2,2,2,2,2,2,2,2,2,2,2,2,2,0.527367,0.446197,0.403423,0.375282,0.355481,0.341295,0.331301,0.324695,0.321013,0.320022,0.321662,0.326032,0.333417,0.344347,0.359746,0.381265,0.412173,0.460608,0.56864,2,2,2,2,2,2,2,2,2,2,2,2,2,2,2,2,2,2,2,2,2,2,2,2,2,2,2,2,2,2,2,2,2,2,2,2,2,2,2,2,2,2,2,2,2,2,2,2,2,2,
4.3,2.66889,-1.56221,-1.48349,2,2,2,2,2,2,2,2,2,2,2,2,2,2,2,2,2,2,2,2,0.512292,0.428091,0.38507,0.356906,0.337053,0.322722,0.312466,0.305459,0.30122,0.299484,0.300148,0.303253,0.308984,0.317718,0.330105,0.347264,0.371245,0.406371,0.465211,2,2,2,2,2,1.99519,1.96092,1.97693,2,2,2,2,2,2,2,2,2,2,2,2,2,2,2,2,2,2,2,2,2,2,2,2,2,2,2,2,2,2,2,2,2,2,2,2,2,2,2,2,2,2,2,
4.4,2.67254,-1.60391,-1.48203,2,2,2,2,2,2,2,2,2,2,2,2,2,2,2,2,2,2,2,0.49484,0.409804,0.367146,0.339285,0.319604,0.305311,0.294959,0.287719,0.2831,0.280821,0.280751,0.282888,0.287351,0.294413,0.304547,0.318556,0.337832,0.365042,0.406386,0.486023,2,2,2,2,2,1.95144,1.919,1.93483,2,2,2,2,2,2,2,2,2,2,2,2,2,2,2,2,2,2,2,2,2,2,2,2,2,2,2,2,2,2,2,2,2,2,2,2,2,2,2,2,2,2,2,
4.5,2.67627,-1.64579,-1.48056,2,2,2,2,2,2,2,2,2,2,2,2,2,2,2,2,2,2,0.475644,0.391861,0.350048,0.322733,0.303388,0.289266,0.278941,0.271595,0.266735,0.264071,0.263455,0.264856,0.268347,0.274128,0.282556,0.294231,0.310161,0.332154,0.363924,0.415639,2,2,2,2,2,2,1.90759,1.87692,1.89253,1.9626,2,2,2,2,2,2,2,2,2,2,2,2,2,2,2,2,2,2,2,2,2,2,2,2,2,2,2,2,2,2,2,2,2,2,2,2,2,2,2,2,2,2,
4.6,2.68007,-1.68784,-1.47909,2,2,2,2,2,2,2,2,2,2,2,2,2,2,2,2,2,0.456048,0.374931,0.334247,0.307614,0.288699,0.274829,0.264613,0.257247,0.252246,0.249316,0.248299,0.249142,0.25189,0.256689,0.263818,0.273742,0.287226,0.305589,0.331329,0.37021,0.444053,2,2,2,2,2,1.95298,1.86364,1.83466,1.85004,1.91749,2,2,2,2,2,2,2,2,2,2,2,2,2,2,2,2,2,2,2,2,2,2,2,2,2,2,2,2,2,2,2,2,2,2,2,2,2,2,2,2,2,2,
4.7,2.68396,-1.73005,-1.47761,2,2,2,2,2,2,2,2,2,2,2,2,2,2,2,2,0.437752,0.359753,0.320257,0.294327,0.27586,0.262267,0.252194,0.244858,0.239781,0.236669,0.235359,0.235783,0.237963,0.242011,0.248149,0.256752,0.268427,0.284189,0.305865,0.337259,0.389157,2,2,2,2,2,2,1.90371,1.81959,1.79224,1.80737,1.87222,2,2,2,2,2,2,2,2,2,2,2,2,2,2,2,2,2,2,2,2,2,2,2,2,2,2,2,2,2,2,2,2,2,2,2,2,2,2,2,2,2,2,
4.8,2.68792,-1.77244,-1.47612,2,2,2,2,2,2,2,2,2,2,2,2,2,2,2,0.422459,0.347084,0.308603,0.283279,0.265202,0.251855,0.241919,0.234626,0.229504,0.226263,0.224734,0.224841,0.226589,0.230066,0.235454,0.243064,0.253397,0.267274,0.286122,0.312717,0.353841,0.441651,2,2,2,2,2,2,1.85461,1.77543,1.74965,1.7645,1.82679,1.99071,2,2,2,2,2,2,2,2,2,2,2,2,2,2,2,2,2,2,2,2,2,2,2,2,2,2,2,2,2,2,2,2,2,2,2,2,2,2,2,2,2,
4.9,2.69196,-1.81499,-1.47463,2,2,2,2,2,2,2,2,2,2,2,2,2,2,0.411736,0.337657,0.299798,0.274866,0.257049,0.243866,0.234016,0.226743,0.221579,0.218233,0.216534,0.216397,0.217816,0.220861,0.225686,0.232558,0.241906,0.254425,0.271289,0.294686,0.329502,0.392482,2,2,2,2,2,2,2,1.80565,1.73116,1.7069,1.72144,1.78119,1.93385,2,2,2,2,2,2,2,2,2,2,2,2,2,2,2,2,2,2,2,2,2,2,2,2,2,2,2,2,2,2,2,2,2,2,2,2,2,2,2,2,2,
5,2.69608,-1.85771,-1.47313,2,2,2,2,2,2,2,2,2,2,2,2,2,0.407166,0.332183,0.29433,0.269466,0.251706,0.238553,0.228703,0.221396,0.216164,0.212712,0.210865,0.210532,0.211698,0.214419,0.21883,0.225167,0.233812,0.245373,0.260868,0.282131,0.313035,0.364949,2,2,2,2,2,2,2,1.94579,1.75681,1.68678,1.66397,1.67819,1.73544,1.87777,2,2,2,2,2,2,2,2,2,2,2,2,2,2,2,2,2,2,2,2,2,2,2,2,2,2,2,2,2,2,2,2,2,2,2,2,2,2,2,2,2,
5.1,2.70028,-1.9006,-1.47163,2,2,2,2,2,2,2,2,2,2,2,2,0.410826,0.331388,0.292676,0.267436,0.249457,0.236149,0.226173,0.218749,0.213397,0.209816,0.207822,0.20732,0.208286,0.210766,0.21488,0.220846,0.229012,0.239934,0.25453,0.274424,0.30292,0.348918,2,2,2,2,2,2,2,2,1.87635,1.70809,1.64229,1.62087,1.63475,1.68953,1.82234,2,2,2,2,2,2,2,2,2,2,2,2,2,2,2,2,2,2,2,2,2,2,2,2,2,2,2,2,2,2,2,2,2,2,2,2,2,2,2,2,2,
5.2,2.70457,-1.94366,-1.47012,2,2,2,2,2,2,2,2,2,2,2,0.426853,0.336097,0.29532,0.26912,0.250567,0.236869,0.226601,0.218945,0.213396,0.20964,0.207482,0.206818,0.207617,0.209916,0.213827,0.219553,0.227424,0.237966,0.252038,0.271144,0.298283,0.341142,0.447835,2,2,2,2,2,2,2,2,1.8108,1.65946,1.59769,1.5776,1.59113,1.64347,1.76743,2,2,2,2,2,2,2,2,2,2,2,2,2,2,2,2,2,2,2,2,2,2,2,2,2,2,2,2,2,2,2,2,2,2,2,2,2,2,2,2,2,
5.3,2.70893,-1.98688,-1.4686,2,2,2,2,2,2,2,2,2,2,0.47579,0.347419,0.302811,0.274874,0.255293,0.240905,0.230138,0.222103,0.216256,0.212257,0.209896,0.209058,0.209704,0.211863,0.215642,0.221235,0.228963,0.239336,0.253189,0.271972,0.298545,0.340068,0.43493,2,2,2,2,2,2,2,2,2,1.74791,1.61092,1.55298,1.53417,1.54732,1.59726,1.71297,2,2,2,2,2,2,2,2,2,2,2,2,2,2,2,2,2,2,2,2,2,2,2,2,2,2,2,2,2,2,2,2,2,2,2,2,2,2,2,2,2,
5.4,2.71338,-2.03027,-1.46708,2,2,2,2,2,2,2,2,2,2,0.367158,0.315853,0.285104,0.263903,0.248448,0.236923,0.228325,0.222048,0.217714,0.215092,0.21405,0.214538,0.21658,0.220276,0.225819,0.233525,0.243905,0.25779,0.276628,0.303262,0.344764,0.437767,2,2,2,2,2,2,2,2,2,2,1.68698,1.56244,1.50815,1.49056,1.50333,1.5509,1.6589,2,2,2,2,2,2,2,2,2,2,2,2,2,2,2,2,2,2,2,2,2,2,2,2,2,2,2,2,2,2,2,2,2,2,2,2,2,2,2,2,2,
5.5,2.71792,-2.07382,-1.46555,2,2,2,2,2,2,2,2,2,0.399057,0.335487,0.300333,0.276714,0.259704,0.247094,0.237702,0.230828,0.226041,0.223074,0.221777,0.222084,0.224011,0.227653,0.233203,0.240983,0.251509,0.265631,0.284832,0.312031,0.354544,0.451643,2,2,2,2,2,2,2,2,2,2,2,1.62759,1.51403,1.46322,1.4468,1.45915,1.5044,1.60515,2,2,2,2,2,2,2,2,2,2,2,2,2,2,2,2,2,2,2,2,2,2,2,2,2,2,2,2,2,2,2,2,2,2,2,2,2,2,2,2,2,
5.6,2.72253,-2.11753,-1.46401,2,2,2,2,2,2,2,2,0.455351,0.363499,0.32132,0.294143,0.274926,0.260809,0.250329,0.242648,0.237254,0.233833,0.232203,0.232282,0.234074,0.237669,0.24326,0.251177,0.261953,0.27647,0.296275,0.324439,0.368781,0.475672,2,2,2,2,2,2,2,2,2,2,2,2,1.56943,1.46566,1.41816,1.40286,1.4148,1.45777,1.55169,2,2,2,2,2,2,2,2,2,2,2,2,2,2,2,2,2,2,2,2,2,2,2,2,2,2,2,2,2,2,2,2,2,2,2,2,2,2,2,2,2,
5.7,2.72724,-2.16139,-1.46247,2,2,2,2,2,2,2,2,0.403572,0.349289,0.316794,0.294458,0.278272,0.266326,0.257568,0.25137,0.247349,0.245282,0.245059,0.246669,0.250197,0.255834,0.26392,0.27501,0.290028,0.310607,0.340026,0.386811,0.511848,2,2,2,2,2,2,2,2,2,2,2,2,2,1.51228,1.41735,1.373,1.35876,1.37027,1.41099,1.49848,2,2,2,2,2,2,2,2,2,2,2,2,2,2,2,2,2,2,2,2,2,2,2,2,2,2,2,2,2,2,2,2,2,2,2,2,2,2,2,2,2,
5.8,2.73202,-2.20542,-1.46093,2,2,2,2,2,2,2,0.466577,0.386478,0.34563,0.318814,0.299779,0.285862,0.275676,0.268419,0.263609,0.260962,0.260332,0.261685,0.265093,0.270749,0.279001,0.290426,0.305995,0.32744,0.358275,0.407865,2,2,2,2,2,2,2,2,2,2,2,2,2,2,2,1.45599,1.36906,1.32772,1.3145,1.32557,1.36409,1.4455,2,2,2,2,2,2,2,2,2,2,2,2,2,2,2,2,2,2,2,2,2,2,2,2,2,2,2,2,2,2,2,2,2,2,2,2,2,2,2,2,2,
5.9,2.7369,-2.2496,-1.45938,2,2,2,2,2,2,2,0.437809,0.382311,0.3488,0.325778,0.309196,0.297115,0.288466,0.282621,0.279206,0.278023,0.279007,0.282211,0.287822,0.296194,0.307925,0.324033,0.346345,0.378614,0.431054,2,2,2,2,2,2,2,2,2,2,2,2,2,2,2,1.64817,1.40043,1.32081,1.28233,1.27008,1.28069,1.31706,1.39273,1.59699,2,2,2,2,2,2,2,2,2,2,2,2,2,2,2,2,2,2,2,2,2,2,2,2,2,2,2,2,2,2,2,2,2,2,2,2,2,2,2,2,
6,2.74186,-2.29393,-1.45782,2,2,2,2,2,2,0.520099,0.430095,0.385776,0.356983,0.336737,0.322122,0.311638,0.304432,0.300003,0.298075,0.298536,0.301411,0.306873,0.315275,0.327231,0.343798,0.366884,0.400442,0.45539,2,2,2,2,2,2,2,2,2,2,2,2,2,2,2,2,1.53055,1.3455,1.27259,1.23683,1.2255,1.23565,1.26991,1.34014,1.5103,2,2,2,2,2,2,2,2,2,2,2,2,2,2,2,2,2,2,2,2,2,2,2,2,2,2,2,2,2,2,2,2,2,2,2,2,2,2,2,2,
6.1,2.7469,-2.33841,-1.45626,2,2,2,2,2,2,0.497126,0.432245,0.394569,0.36913,0.351075,0.338153,0.329157,0.323391,0.320468,0.320201,0.322576,0.32774,0.336035,0.348083,0.364959,0.388629,0.423169,0.479884,2,2,2,2,2,2,2,2,2,2,2,2,2,2,2,2,2,1.44429,1.29112,1.22438,1.19121,1.18076,1.19044,1.22265,1.28772,1.43412,2,2,2,2,2,2,2,2,2,2,2,2,2,2,2,2,2,2,2,2,2,2,2,2,2,2,2,2,2,2,2,2,2,2,2,2,2,2,2,2,
6.2,2.75204,-2.38304,-1.45469,2,2,2,2,2,0.633075,0.493657,0.440619,0.407437,0.384578,0.368373,0.357006,0.349481,0.345233,0.343976,0.345628,0.350297,0.358301,0.37025,0.387224,0.411199,0.446272,0.503687,2,2,2,2,2,2,2,2,2,2,2,2,2,2,2,2,2,2,1.36792,1.23723,1.17619,1.14549,1.13586,1.14508,1.17527,1.23545,1.36333,2,2,2,2,2,2,2,2,2,2,2,2,2,2,2,2,2,2,2,2,2,2,2,2,2,2,2,2,2,2,2,2,2,2,2,2,2,2,2,2,
6.3,2.75726,-2.42782,-1.45311,2,2,2,2,2,0.587868,0.49932,0.453479,0.423615,0.402878,0.388335,0.378481,0.372483,0.369897,0.370544,0.374469,0.381947,0.393559,0.410358,0.434289,0.469345,0.526231,2,2,2,2,2,2,2,2,2,2,2,2,2,2,2,2,2,2,2,1.29701,1.18377,1.12801,1.09965,1.09081,1.09955,1.12778,1.18333,1.29599,2,2,2,2,2,2,2,2,2,2,2,2,2,2,2,2,2,2,2,2,2,2,2,2,2,2,2,2,2,2,2,2,2,2,2,2,2,2,2,2,
6.4,2.76257,-2.47274,-1.45154,2,2,2,2,2,0.581748,0.510726,0.469835,0.442596,0.423709,0.410748,0.402437,0.398088,0.397374,0.400246,0.406913,0.4179,0.434208,0.457695,0.492139,0.547294,0.685655,2,2,2,2,2,2,2,2,2,2,2,2,2,2,2,2,2,2,2,1.22971,1.1307,1.07984,1.05371,1.04561,1.05387,1.08019,1.13135,1.2311,2,2,2,2,2,2,2,2,2,2,2,2,2,2,2,2,2,2,2,2,2,2,2,2,2,2,2,2,2,2,2,2,2,2,2,2,2,2,2,2,
6.5,2.76797,-2.51779,-1.44995,2,2,2,2,2,0.587319,0.526256,0.489061,0.464024,0.446843,0.435457,0.428779,0.426259,0.4277,0.433215,0.443247,0.458709,0.481326,0.514566,0.566977,0.6793,2,2,2,2,2,2,2,2,2,2,2,2,2,2,2,2,2,2,2,2,1.16503,1.07799,1.03168,1.00766,1.00026,1.00804,1.0325,1.0795,1.16809,2,2,2,2,2,2,2,2,2,2,2,2,2,2,2,2,2,2,2,2,2,2,2,2,2,2,2,2,2,2,2,2,2,2,2,2,2,2,2,2,
6.6,2.77346,-2.56299,-1.44836,2,2,2,2,0.718777,0.599419,0.544987,0.510732,0.487644,0.472109,0.462351,0.457451,0.457,0.460959,0.469658,0.48389,0.505205,0.536692,0.585603,0.679764,2,2,2,2,2,2,2,2,2,2,2,2,2,2,2,2,2,2,2,2,2,1.10236,1.0256,0.983514,0.961506,0.954762,0.962059,0.984726,1.02777,1.10655,2,2,2,2,2,2,2,2,2,2,2,2,2,2,2,2,2,2,2,2,2,2,2,2,2,2,2,2,2,2,2,2,2,2,2,2,2,2,2,2,
6.7,2.77904,-2.60831,-1.44677,2,2,2,2,0.710906,0.615924,0.566332,0.534545,0.513263,0.49938,0.491354,0.48843,0.490354,0.497291,0.50988,0.529462,0.558708,0.603613,0.683543,2,2,2,2,2,2,2,2,2,2,2,2,2,2,2,2,2,2,2,2,2,1.20027,1.0413,0.973492,0.93535,0.915245,0.909122,0.915938,0.93686,0.976169,1.04625,1.21989,2,2,2,2,2,2,2,2,2,2,2,2,2,2,2,2,2,2,2,2,2,2,2,2,2,2,2,2,2,2,2,2,2,2,2,2,2,2,2,
6.8,2.7847,-2.65377,-1.44517,2,2,2,2,0.717577,0.635713,0.589893,0.560278,0.54074,0.528565,0.522422,0.521722,0.526403,0.536902,0.554319,0.580898,0.621488,0.689747,2,2,2,2,2,2,2,2,2,2,2,2,2,2,2,2,2,2,2,2,2,2,1.1052,0.981586,0.921657,0.887185,0.868881,0.86334,0.869679,0.888914,0.924683,0.986976,1.11994,2,2,2,2,2,2,2,2,2,2,2,2,2,2,2,2,2,2,2,2,2,2,2,2,2,2,2,2,2,2,2,2,2,2,2,2,2,2,2,
6.9,2.79046,-2.69936,-1.44357,2,2,2,2,0.731362,0.658108,0.615386,0.587764,0.569964,0.559598,0.555533,0.557367,0.565278,0.580089,0.603617,0.639709,0.698106,0.827889,2,2,2,2,2,2,2,2,2,2,2,2,2,2,2,2,2,2,2,2,2,2,1.02363,0.922996,0.870069,0.839016,0.822415,0.81742,0.823286,0.840892,0.873313,0.928599,1.03636,2,2,2,2,2,2,2,2,2,2,2,2,2,2,2,2,2,2,2,2,2,2,2,2,2,2,2,2,2,2,2,2,2,2,2,2,2,2,2,
7,2.79631,-2.74507,-1.44196,2,2,2,2,0.749672,0.682663,0.6426,0.616872,0.600854,0.592437,0.59069,0.595433,0.607165,0.627272,0.658744,0.708586,0.801147,2,2,2,2,2,2,2,2,2,2,2,2,2,2,2,2,2,2,2,2,2,2,2,0.949016,0.865379,0.818709,0.790841,0.775848,0.771363,0.776762,0.7928,0.822059,0.871008,0.960387,2,2,2,2,2,2,2,2,2,2,2,2,2,2,2,2,2,2,2,2,2,2,2,2,2,2,2,2,2,2,2,2,2,2,2,2,2,2,2,
7.1,2.80225,-2.7909,-1.44034,2,2,2,0.916206,0.771236,0.709066,0.671376,0.647505,0.633349,0.627059,0.627921,0.63603,0.652328,0.679059,0.721278,0.793307,2,2,2,2,2,2,2,2,2,2,2,2,2,2,2,2,2,2,2,2,2,2,2,1.09681,0.878879,0.80861,0.76756,0.742659,0.729183,0.725174,0.730113,0.744643,0.770918,0.814119,0.889118,2,2,2,2,2,2,2,2,2,2,2,2,2,2,2,2,2,2,2,2,2,2,2,2,2,2,2,2,2,2,2,2,2,2,2,2,2,2,2,
7.2,2.80827,-2.83685,-1.43873,2,2,2,0.91641,0.795318,0.737089,0.701588,0.679583,0.667405,0.663458,0.667277,0.679311,0.701133,0.736363,0.794073,0.912941,2,2,2,2,2,2,2,2,2,2,2,2,2,2,2,2,2,2,2,2,2,2,2,0.937391,0.811954,0.752593,0.71661,0.694469,0.68242,0.678854,0.683343,0.696429,0.719893,0.757865,0.821158,0.967661,2,2,2,2,2,2,2,2,2,2,2,2,2,2,2,2,2,2,2,2,2,2,2,2,2,2,2,2,2,2,2,2,2,2,2,2,2,2,
7.3,2.81439,-2.88292,-1.4371,2,2,2,0.928615,0.821447,0.766561,0.733141,0.713048,0.702996,0.701648,0.708837,0.725486,0.754102,0.80065,0.883438,2,2,2,2,2,2,2,2,2,2,2,2,2,2,2,2,2,2,2,2,2,2,2,2,0.84064,0.747493,0.697249,0.665845,0.646271,0.635562,0.632407,0.636456,0.648161,0.668984,0.702194,0.755712,0.8595,2,2,2,2,2,2,2,2,2,2,2,2,2,2,2,2,2,2,2,2,2,2,2,2,2,2,2,2,2,2,2,2,2,2,2,2,2,2,
7.4,2.82061,-2.9291,-1.43548,2,2,2,0.94686,0.849298,0.797347,0.765954,0.747852,0.740105,0.741658,0.752714,0.774846,0.812,0.874527,1.01226,2,2,2,2,2,2,2,2,2,2,2,2,2,2,2,2,2,2,2,2,2,2,2,2,0.757626,0.685008,0.642511,0.615254,0.598063,0.58861,0.585836,0.589458,0.599848,0.618192,0.647062,0.692275,0.771694,2,2,2,2,2,2,2,2,2,2,2,2,2,2,2,2,2,2,2,2,2,2,2,2,2,2,2,2,2,2,2,2,2,2,2,2,2,2,
7.5,2.82691,-2.97539,-1.43385,2,2,2,0.968979,0.878638,0.829343,0.799968,0.783963,0.778733,0.783541,0.799061,0.82779,0.876018,0.963604,2,2,2,2,2,2,2,2,2,2,2,2,2,2,2,2,2,2,2,2,2,2,2,2,0.810085,0.68195,0.624159,0.588327,0.564827,0.549845,0.541566,0.539145,0.542352,0.551493,0.567519,0.592432,0.630503,0.693013,0.860921,2,2,2,2,2,2,2,2,2,2,2,2,2,2,2,2,2,2,2,2,2,2,2,2,2,2,2,2,2,2,2,2,2,2,2,2,2,
7.6,2.8333,-3.02178,-1.43221,2,2,2,0.99389,0.909292,0.862466,0.835131,0.821359,0.818892,0.827366,0.848081,0.884889,0.948178,1.08651,2,2,2,2,2,2,2,2,2,2,2,2,2,2,2,2,2,2,2,2,2,2,2,2,0.695309,0.611089,0.564702,0.534649,0.514555,0.501616,0.494432,0.492336,0.495145,0.503105,0.516968,0.538278,0.570155,0.619937,0.715416,2,2,2,2,2,2,2,2,2,2,2,2,2,2,2,2,2,2,2,2,2,2,2,2,2,2,2,2,2,2,2,2,2,2,2,2,2,
7.7,2.83979,-3.06827,-1.43057,2,2,2,1.02096,0.941127,0.896647,0.871406,0.860025,0.860603,0.873232,0.900051,0.946988,1.03247,2,2,2,2,2,2,2,2,2,2,2,2,2,2,2,2,2,2,2,2,2,2,2,2,2,0.604807,0.543733,0.506449,0.481439,0.46443,0.453375,0.44721,0.445412,0.44784,0.454687,0.466541,0.484573,0.511049,0.550809,0.61779,2,2,2,2,2,2,2,2,2,2,2,2,2,2,2,2,2,2,2,2,2,2,2,2,2,2,2,2,2,2,2,2,2,2,2,2,2,
7.8,2.84636,-3.11487,-1.42893,2,2,2,1.04978,0.974037,0.931832,0.908763,0.899958,0.903908,0.921268,0.955348,1.01543,1.13954,2,2,2,2,2,2,2,2,2,2,2,2,2,2,2,2,2,2,2,2,2,2,2,2,0.610868,0.524815,0.479097,0.449256,0.428663,0.414444,0.405123,0.3999,0.398377,0.400443,0.406248,0.416241,0.4313,0.453048,0.484695,0.533962,0.634145,2,2,2,2,2,2,2,2,2,2,2,2,2,2,2,2,2,2,2,2,2,2,2,2,2,2,2,2,2,2,2,2,2,2,2,2,
7.9,2.85303,-3.16156,-1.42728,2,2,1.26776,1.08007,1.00794,0.967975,0.947179,0.941163,0.948858,0.971644,1.0145,1.09256,2,2,2,2,2,2,2,2,2,2,2,2,2,2,2,2,2,2,2,2,2,2,2,2,2,0.507234,0.451213,0.416669,0.393011,0.376292,0.364592,0.35686,0.352507,0.351234,0.352958,0.357792,0.366072,0.378442,0.396047,0.421006,0.457792,0.519247,2,2,2,2,2,2,2,2,2,2,2,2,2,2,2,2,2,2,2,2,2,2,2,2,2,2,2,2,2,2,2,2,2,2,2,2,
8,2.85979,-3.20834,-1.42563,2,2,1.2745,1.11163,1.04276,1.00504,0.986638,0.983651,0.995524,1.02458,1.0783,1.18336,2,2,2,2,2,2,2,2,2,2,2,2,2,2,2,2,2,2,2,2,2,2,2,2,0.489794,0.420872,0.382087,0.356088,0.337619,0.324302,0.314867,0.308584,0.30503,0.303986,0.30539,0.309326,0.316039,0.325987,0.339962,0.359347,0.386777,0.428297,0.506286,2,2,2,2,2,2,2,2,2,2,2,2,2,2,2,2,2,2,2,2,2,2,2,2,2,2,2,2,2,2,2,2,2,2,2,
8.1,2.86664,-3.25521,-1.42398,2,2,1.29177,1.1443,1.07844,1.04299,1.02713,1.02745,1.044,1.08039,1.14795,1.30338,2,2,2,2,2,2,2,2,2,2,2,2,2,2,2,2,2,2,2,2,2,2,2,0.469471,0.385233,0.343553,0.316361,0.297095,0.283006,0.272669,0.265264,0.260296,0.257472,0.256636,0.257745,0.260857,0.266144,0.273924,0.284727,0.299435,0.319599,0.348273,0.393086,0.494371,2,2,2,2,2,2,2,2,2,2,2,2,2,2,2,2,2,2,2,2,2,2,2,2,2,2,2,2,2,2,2,2,2,2,
8.2,2.87359,-3.30217,-1.42232,2,2,1.3143,1.17796,1.11494,1.08181,1.06865,1.07258,1.09441,1.13947,1.22557,2,2,2,2,2,2,2,2,2,2,2,2,2,2,2,2,2,2,2,2,2,2,2,0.435606,0.34035,0.298763,0.272158,0.253356,0.239491,0.229109,0.221375,0.215777,0.211996,0.209835,0.209189,0.210027,0.21239,0.216393,0.222246,0.230289,0.241065,0.255468,0.275072,0.303046,0.347736,0.477707,2,2,2,2,2,2,2,2,2,2,2,2,2,2,2,2,2,2,2,2,2,2,2,2,2,2,2,2,2,2,2,2,2,
8.3,2.88062,-3.34921,-1.42066,2,2,1.34018,1.21252,1.15222,1.12148,1.11121,1.1191,1.1469,1.20241,1.31548,2,2,2,2,2,2,2,2,2,2,2,2,2,2,2,2,2,2,2,2,2,2,0.363352,0.282161,0.245465,0.22187,0.205099,0.192615,0.183124,0.175875,0.170402,0.166403,0.163683,0.16212,0.161646,0.162242,0.163933,0.16679,0.170945,0.176603,0.18408,0.193866,0.206758,0.224142,0.248788,0.287838,0.387135,2,2,2,2,2,2,2,2,2,2,2,2,2,2,2,2,2,2,2,2,2,2,2,2,2,2,2,2,2,2,2,2,
8.4,2.88775,-3.39634,-1.419,2,2,1.36847,1.24791,1.19024,1.16198,1.15481,1.16705,1.20167,1.27007,1.43018,2,2,2,2,2,2,2,2,2,2,2,2,2,2,2,2,2,2,2,2,2,0.259088,0.209333,0.182385,0.164368,0.151305,0.141434,0.133811,0.127872,0.12326,0.119735,0.117137,0.115358,0.114329,0.114012,0.114394,0.11549,0.117341,0.120019,0.123636,0.128359,0.134436,0.142238,0.152356,0.165783,0.184401,0.21256,0.266653,2,2,2,2,2,2,2,2,2,2,2,2,2,2,2,2,2,2,2,2,2,2,2,2,2,2,2,2,2,2,2,
8.5,2.89497,-3.44354,-1.41733,2,2,1.39859,1.28406,1.22898,1.2033,1.19945,1.21651,1.25899,1.34386,2,2,2,2,2,2,2,2,2,2,2,2,2,2,2,2,2,2,2,2,0.195683,0.148232,0.125093,0.110168,0.0995389,0.0915675,0.0854041,0.0805523,0.0766995,0.0736383,0.0712255,0.0693617,0.0679766,0.0670216,0.0664651,0.0662894,0.0664887,0.0670695,0.0680505,0.069464,0.07136,0.0738101,0.0769165,0.0808249,0.0857484,0.0920083,0.100116,0.110954,0.12624,0.150159,0.201186,2,2,2,2,2,2,2,2,2,2,2,2,2,2,2,2,2,2,2,2,2,2,2,2,2,2,2,2,2,
8.6,2.90229,-3.49081,-1.41566,2,2,1.4302,1.32092,1.26842,1.24543,1.24518,1.26757,1.31921,1.4263,2,2,2,2,2,2,2,2,2,2,2,2,2,2,2,2,2,0.0844696,0.0593733,0.047521,0.0401817,0.0351185,0.0314068,0.0285784,0.0263658,0.0246034,0.0231833,0.022032,0.0210972,0.020342,0.0197393,0.0192691,0.0189166,0.018672,0.0185283,0.0184816,0.0185306,0.0186766,0.0189236,0.0192786,0.0197519,0.0203581,0.0211172,0.0220564,0.0232137,0.0246407,0.0264123,0.0286374,0.0314831,0.0352202,0.0403239,0.0477352,0.059748,0.0854986,2,2,2,2,2,2,2,2,2,2,2,2,2,2,2,2,2,2,2,2,2,2,2,2,2,2,
8.7,2.90969,-3.53815,-1.41399,
