0,4,1,1.43321,2,2,2,2,2,2,1.89452,1.78404,1.74127,1.74062,1.78183,1.88897,2,2,2,2,2,2,2,2,2,2,2,2,2,2,2,2,2,2,2,2,2,2,2,2,2,2,2,2,2,2,2,2,2,2,2,2,2,2,2,2,2,1.12065,1.01538,0.961179,0.93072,0.916345,0.915386,0.927682,0.955456,1.00527,1.09876,2,2,2,2,2,2,2,2,2,2,2,2,2,2,2,2,2,2,2,2,2,2,2,2,2,2,2,
0.1,4.01029,1.07429,1.58321,2,2,2,2,1.90983,1.82576,1.79866,1.81428,1.88021,2,2,2,2,2,2,2,2,2,2,2,2,2,2,2,2,2,2,2,2,2,2,2,2,2,2,2,2,2,2,2,2,2,2,2,2,2,2,2,2,2,2,1.14294,0.998911,0.934142,0.897129,0.877133,0.870288,0.875484,0.893555,0.927876,0.987689,1.11086,2,2,2,2,2,2,2,2,2,2,2,2,2,2,2,2,2,2,2,2,2,2,2,2,2,2,2,2,
0.2,4.00936,1.14929,1.43321,2,2,2,2,2,2,1.97866,1.89267,1.8667,1.88637,1.96209,2,2,2,2,2,2,2,2,2,2,2,2,2,2,2,2,2,2,2,2,2,2,2,2,2,2,2,2,2,2,2,2,2,2,2,2,2,2,2,2,2,2,2,1.0026,0.914337,0.866021,0.837781,0.823341,0.820307,0.828228,0.848315,0.884262,0.945961,1.07712,2,2,2,2,2,2,2,2,2,2,2,2,2,2,2,2,2,2,2,2,2,2,2,2,2,
0.3,4.01964,1.22358,1.28321,2,2,2,2,2,2,2,2,2,1.95217,1.93015,1.95664,2,2,2,2,2,2,2,2,2,2,2,2,2,2,2,2,2,2,2,2,2,2,2,2,2,2,2,2,2,2,2,2,2,2,2,2,2,2,2,2,2,2,2,2,1.10543,0.927379,0.858377,0.818328,0.794846,0.783439,0.782382,0.791529,0.812223,0.848173,0.909128,1.03796,2,2,2,2,2,2,2,2,2,2,2,2,2,2,2,2,2,2,2,2,2,2,
0.4,4.04092,1.2955,1.13321,2,2,2,2,2,2,2,2,2,2,2,2,1.98874,2,2,2,2,2,2,2,2,2,2,2,2,2,2,2,2,2,2,2,2,2,2,2,2,2,2,2,2,2,2,2,2,2,2,2,2,2,2,2,2,2,2,2,2,2,2,1.01451,0.886054,0.825345,0.789288,0.768153,0.758201,0.758007,0.767543,0.788171,0.823493,0.882823,1.00548,2,2,2,2,2,2,2,2,2,2,2,2,2,2,2,2,2,2,2,
0.5,4.0727,1.36343,0.990834,2,2,2,2,2,2,2,2,2,2,2,2,2,2,2,2,2,2,2,2,2,2,2,2,2,2,2,2,2,2,2,2,2,2,2,2,2,2,2,2,2,2,2,2,2,2,2,2,2,2,2,2,2,2,2,2,2,2,2,2,2,2,0.968165,0.862666,0.808134,0.775353,0.756371,0.748026,0.749159,0.75992,0.78185,0.818866,0.881253,1.0179,2,2,2,2,2,2,2,2,2,2,2,2,2,2,2,2,
0.6,4.1138,1.42617,0.874262,2,2,2,2,2,2,2,2,2,2,2,2,2,2,2,2,2,2,2,2,2,2,2,2,2,2,2,2,2,2,2,2,2,2,2,2,2,2,2,2,2,2,2,2,2,2,2,2,2,2,2,2,2,2,2,2,2,2,2,2,2,2,2,2,2,0.912725,0.838483,0.795769,0.770154,0.756579,0.752999,0.758933,0.77519,0.804346,0.852757,0.940601,2,2,2,2,2,2,2,2,2,2,2,2,2,2,
0.7,4.16191,1.4837,0.780302,2,2,2,2,2,2,2,2,2,2,2,2,2,2,2,2,2,2,2,2,2,2,2,2,2,2,2,2,2,2,2,2,2,2,2,2,2,2,2,2,2,2,2,2,2,2,2,2,2,2,2,2,2,2,2,2,2,2,2,2,2,2,2,2,2,2,2,0.957786,0.869789,0.821376,0.792442,0.776648,0.771465,0.776166,0.791406,0.819605,0.866814,0.951777,2,2,2,2,2,2,2,2,2,2,2,2,
0.8,4.21522,1.53646,0.704668,2,2,2,2,2,2,2,2,2,2,2,2,2,2,2,2,2,2,2,2,2,2,2,2,2,2,2,2,2,2,2,2,2,2,2,2,2,2,2,2,2,2,2,2,2,2,2,2,2,2,2,2,2,2,2,2,2,2,2,2,2,2,2,2,2,2,2,2,2,0.982427,0.895413,0.847504,0.819253,0.804466,0.800731,0.80751,0.825801,0.858784,0.914703,1.02451,2,2,2,2,2,2,2,2,2,2,
0.9,4.27235,1.58504,0.642266,2,2,2,2,2,2,2,2,2,2,2,2,2,2,2,2,2,2,2,2,2,2,2,2,2,2,2,2,2,2,2,2,2,2,2,2,2,2,2,2,2,2,2,2,2,2,2,2,2,2,2,2,2,2,2,2,2,2,2,2,2,2,2,2,2,2,2,2,2,2,2,0.990453,0.916213,0.874133,0.850148,0.83938,0.84009,0.852386,0.878291,0.923313,1.00401,2,2,2,2,2,2,2,2,2,
1,4.33241,1.62997,0.588201,2,2,2,2,2,2,2,2,2,2,2,2,2,2,2,2,2,2,2,2,2,2,2,2,2,2,2,2,2,2,2,2,2,2,2,2,2,2,2,2,2,2,2,2,2,2,2,2,2,2,2,2,2,2,2,2,2,2,2,2,2,2,2,2,2,2,2,2,2,2,2,2,1.11332,0.995683,0.937433,0.904158,0.887078,0.883011,0.891297,0.913318,0.953558,1.0249,1.21133,2,2,2,2,2,2,2,
1.1,4.39481,1.67158,0.545617,2,2,2,2,2,2,2,2,2,2,2,2,2,2,2,2,2,2,2,2,2,2,2,2,2,2,2,2,2,2,2,2,2,2,2,2,2,2,2,2,2,2,2,2,2,2,2,2,2,2,2,2,2,2,2,2,2,2,2,2,2,2,2,2,2,2,2,2,2,2,2,2,2,1.27411,1.07484,1.00163,0.961034,0.939646,0.932948,0.939758,0.961278,1.00207,1.07567,1.2795,2,2,2,2,2,2,
1.2,4.45892,1.7105,0.695617,2,2,2,2,2,2,2,2,2,2,2,2,2,2,2,2,2,2,2,2,2,2,2,2,2,2,2,2,2,2,2,2,2,2,2,2,2,2,2,2,2,2,2,2,2,2,2,2,2,2,2,2,2,2,2,2,2,2,2,2,2,2,2,2,2,2,2,2,2,2,2,2,1.20294,1.08907,1.03234,1.00153,0.988377,0.990265,1.00754,1.04384,1.11018,1.25992,2,2,2,2,2,2,2,2,
1.3,4.51649,1.75857,0.845617,2,2,2,2,2,2,2,2,2,2,2,2,2,2,2,2,2,2,2,2,2,2,2,2,2,2,2,2,2,2,2,2,2,2,2,2,2,2,2,2,2,2,2,2,2,2,2,2,2,2,2,2,2,2,2,2,2,2,2,2,2,2,2,2,2,2,2,2,2,2,2,1.1886,1.10603,1.06218,1.04053,1.03595,1.04755,1.07772,1.13477,1.25051,2,2,2,2,2,2,2,2,2,2,
1.4,4.56624,1.8147,0.995617,2,2,2,2,2,2,2,2,2,2,2,2,2,2,2,2,2,2,2,2,2,2,2,2,2,2,2,2,2,2,2,2,2,2,2,2,2,2,2,2,2,2,2,2,2,2,2,2,2,2,2,2,2,2,2,2,2,2,2,2,2,2,2,2,2,2,2,2,2,1.32092,1.18571,1.12304,1.09027,1.0776,1.08224,1.10515,1.15208,1.24259,2,2,2,2,2,2,2,2,2,2,2,2,
1.5,4.60703,1.87763,1.14562,2,2,2,2,2,2,2,2,2,2,2,2,2,2,2,2,2,2,2,2,2,2,2,2,2,2,2,2,2,2,2,2,2,2,2,2,2,2,2,2,2,2,2,2,2,2,2,2,2,2,2,2,2,2,2,2,2,2,2,2,2,2,2,2,2,2,2,2,1.27942,1.18631,1.1387,1.11605,1.11251,1.12732,1.16394,1.23454,1.40567,2,2,2,2,2,2,2,2,2,2,2,2,2,
1.6,4.63797,1.94595,1.29562,2,2,2,2,2,2,2,2,2,2,2,2,2,2,2,2,2,2,2,2,2,2,2,2,2,2,2,2,2,2,2,2,2,2,2,2,2,2,2,2,2,2,2,2,2,2,2,2,2,2,2,2,2,2,2,2,2,2,2,2,2,2,2,2,2,2,1.41716,1.2559,1.18722,1.15215,1.13917,1.14518,1.17156,1.22573,1.3359,2,2,2,2,2,2,2,2,2,2,2,2,2,2,2,
1.7,4.65835,2.01813,1.44562,2,2,2,2,2,2,2,2,2,2,2,2,2,2,2,2,2,2,2,2,2,2,2,2,2,2,2,2,2,2,2,2,2,2,2,2,2,2,2,2,2,2,2,2,2,2,2,2,2,2,2,2,2,2,2,2,2,2,2,2,2,2,2,2,2,1.34077,1.23793,1.18684,1.16289,1.15944,1.17572,1.2158,1.2945,1.53965,2,2,2,2,2,2,2,2,2,2,2,2,2,2,2,2,
1.8,4.66771,2.09254,1.59562,2,2,2,2,2,2,2,2,2,2,2,2,2,2,2,2,2,2,2,2,2,2,2,2,2,2,2,2,2,2,2,2,2,2,2,2,2,2,2,2,2,2,2,2,2,2,2,2,2,2,2,2,2,2,2,2,2,2,2,2,2,2,2,1.48122,1.29446,1.22126,1.18428,1.17061,1.17685,1.20449,1.26167,1.38125,2,2,2,2,2,2,2,2,2,2,2,2,2,2,2,2,2,2,
1.9,4.66585,2.16752,1.74562,2,2,2,2,2,2,2,2,2,2,2,2,2,2,2,2,2,2,2,2,2,2,2,2,2,2,2,2,2,2,2,2,2,2,2,2,2,2,2,2,2,2,2,2,2,2,2,2,2,2,2,2,2,2,2,2,2,2,2,2,2,2,1.36526,1.25695,1.20391,1.17901,1.17518,1.19152,1.2322,1.31262,2,2,2,2,2,2,2,2,2,2,2,2,2,2,2,2,2,2,2,2,
2,4.65281,2.24138,1.89562,2,2,2,2,2,2,2,2,2,2,2,2,2,2,2,2,2,2,2,2,2,2,2,2,2,2,2,2,2,2,2,2,2,2,2,2,2,2,2,2,2,2,2,2,2,2,2,2,2,2,2,2,2,2,2,2,2,2,2,2,1.49025,1.29653,1.22233,1.18482,1.17074,1.1766,1.20377,1.26022,1.3777,2,2,2,2,2,2,2,2,2,2,2,2,2,2,2,2,2,2,2,2,2,
2.1,4.62887,2.31245,2.04562,2,2,2,2,2,2,2,2,2,2,2,2,2,2,2,2,2,2,2,2,2,2,2,2,2,2,2,2,2,2,2,2,2,2,2,2,2,2,2,2,2,2,2,2,2,2,2,2,2,2,2,2,2,2,2,2,2,2,2,1.34575,1.24024,1.18808,1.16342,1.15938,1.17502,1.21425,1.29129,1.5112,2,2,2,2,2,2,2,2,2,2,2,2,2,2,2,2,2,2,2,2,2,2,
2.2,4.59458,2.37916,2.19562,2,2,2,2,2,2,2,2,2,2,2,2,2,2,2,2,2,2,2,2,2,2,2,2,2,2,2,2,2,2,2,2,2,2,2,2,2,2,2,2,2,2,2,2,2,2,2,2,2,2,2,2,2,2,2,2,2,1.42591,1.25857,1.18867,1.15293,1.13944,1.14497,1.17078,1.22407,1.3319,2,2,2,2,2,2,2,2,2,2,2,2,2,2,2,2,2,2,2,2,2,2,2,2,
2.3,4.55071,2.43999,2.34562,2,2,2,2,2,2,2,2,2,2,2,2,2,2,2,2,2,2,2,2,2,2,2,2,2,2,2,2,2,2,2,2,2,2,2,2,2,2,2,2,2,2,2,2,2,2,2,2,2,2,2,2,2,2,2,2,1.27905,1.18625,1.13877,1.11622,1.11278,1.12769,1.16445,1.23533,1.40803,2,2,2,2,2,2,2,2,2,2,2,2,2,2,2,2,2,2,2,2,2,2,2,2,2,
2.4,4.49824,2.49358,2.49562,2,2,2,2,2,2,2,2,2,2,2,2,2,2,2,2,2,2,2,2,2,2,2,2,2,2,2,2,2,2,2,2,2,2,2,2,2,2,2,2,2,2,2,2,2,2,2,2,2,2,2,2,2,2,1.30582,1.18014,1.12021,1.08906,1.07766,1.08353,1.10789,1.15701,1.25262,2,2,2,2,2,2,2,2,2,2,2,2,2,2,2,2,2,2,2,2,2,2,2,2,2,2,2,
2.5,4.43835,2.53873,2.64562,2,2,2,2,2,2,2,2,2,2,2,2,2,2,2,2,2,2,2,2,2,2,2,2,2,2,2,2,2,2,2,2,2,2,2,2,2,2,2,2,2,2,2,2,2,2,2,2,2,2,2,2,1.35728,1.16915,1.0962,1.05712,1.03882,1.03719,1.05192,1.08617,1.15019,1.28998,2,2,2,2,2,2,2,2,2,2,2,2,2,2,2,2,2,2,2,2,2,2,2,2,2,2,2,2,
2.6,4.37239,2.57442,2.79562,2,2,2,2,2,2,2,2,2,2,2,2,2,2,2,2,2,2,2,2,2,2,2,2,2,2,2,2,2,2,2,2,2,2,2,2,2,2,2,2,2,2,2,2,2,2,2,2,2,2,2,1.15119,1.06534,1.01941,0.995423,0.987757,0.994954,1.01838,1.06346,1.14744,2,2,2,2,2,2,2,2,2,2,2,2,2,2,2,2,2,2,2,2,2,2,2,2,2,2,2,2,2,2,
2.7,4.30184,2.59985,2.94562,2,2,2,2,2,2,2,2,2,2,2,2,2,2,2,2,2,2,2,2,2,2,2,2,2,2,2,2,2,2,2,2,2,2,2,2,2,2,2,2,2,2,2,2,2,2,2,2,2,1.12271,1.02586,0.97486,0.946657,0.934414,0.935865,0.95126,0.983563,1.04137,1.15789,2,2,2,2,2,2,2,2,2,2,2,2,2,2,2,2,2,2,2,2,2,2,2,2,2,2,2,2,2,2,2,
2.8,4.22827,2.61446,3.07788,2,2,2,2,2,2,2,2,2,2,2,2,2,2,2,2,2,2,2,2,2,2,2,2,2,2,2,2,2,2,2,2,2,2,2,2,2,2,2,2,2,2,2,2,2,2,2,1.12558,0.994973,0.933226,0.897877,0.87912,0.873397,0.879783,0.899315,0.935749,0.999502,1.13869,2,2,2,2,2,2,2,2,2,2,2,2,2,2,2,2,2,2,2,2,2,2,2,2,2,2,2,2,2,2,2,2,
2.9,4.15342,2.61923,2.92788,2,2,2,2,2,2,2,2,2,2,2,2,2,2,2,2,2,2,2,2,2,2,2,2,2,2,2,2,2,2,2,2,2,2,2,2,2,2,2,2,2,2,2,2,2,2,2,2,2,1.14976,0.95653,0.885676,0.844958,0.821435,0.810492,0.810426,0.821226,0.844571,0.885023,0.955328,1.14212,2,2,2,2,2,2,2,2,2,2,2,2,2,2,2,2,2,2,2,2,2,2,2,2,2,2,2,2,2,
3,4.08013,2.63514,2.77788,2,2,2,2,2,2,2,2,2,2,2,2,2,2,2,2,2,2,2,2,2,2,2,2,2,2,2,2,2,2,2,2,2,2,2,2,2,2,2,2,2,2,2,2,2,2,2,2,2,2,2,2,0.94851,0.856621,0.806686,0.776621,0.759692,0.753184,0.756203,0.769153,0.793965,0.835437,0.906979,2,2,2,2,2,2,2,2,2,2,2,2,2,2,2,2,2,2,2,2,2,2,2,2,2,2,2,
3.1,4.01004,2.66182,2.62788,2,2,2,2,2,2,2,2,2,2,2,2,2,2,2,2,2,2,2,2,2,2,2,2,2,2,2,2,2,2,2,2,2,2,2,2,2,2,2,2,2,2,2,2,2,2,2,2,2,2,2,2,2,2,1.03639,0.857263,0.789535,0.74958,0.725169,0.711792,0.707551,0.711913,0.725427,0.750017,0.790245,0.858548,1.04486,2,2,2,2,2,2,2,2,2,2,2,2,2,2,2,2,2,2,2,2,2,2,2,
3.2,3.94472,2.69868,2.47788,2,2,2,2,2,2,2,2,2,2,2,2,2,2,2,2,2,2,2,2,2,2,2,2,2,2,2,2,2,2,2,2,2,2,2,2,2,2,2,2,2,2,2,2,2,2,2,2,2,2,2,2,2,2,2,2,2,0.923956,0.804899,0.747039,0.711811,0.690132,0.678389,0.675031,0.679657,0.692823,0.716316,0.754262,0.817457,0.963713,2,2,2,2,2,2,2,2,2,2,2,2,2,2,2,2,2,2,2,2,
3.3,3.88564,2.74488,2.32788,2,2,2,2,2,2,2,2,2,2,2,2,2,2,2,2,2,2,2,2,2,2,2,2,2,2,2,2,2,2,2,2,2,2,2,2,2,2,2,2,2,2,2,2,2,2,2,2,2,2,2,2,2,2,2,2,2,2,2,2,0.888173,0.780995,0.726349,0.692706,0.671886,0.660554,0.657257,0.661615,0.674135,0.696456,0.732318,0.791165,0.915315,2,2,2,2,2,2,2,2,2,2,2,2,2,2,2,2,2,
3.4,3.83413,2.79939,2.17788,2,2,2,2,2,2,2,2,2,2,2,2,2,2,2,2,2,2,2,2,2,2,2,2,2,2,2,2,2,2,2,2,2,2,2,2,2,2,2,2,2,2,2,2,2,2,2,2,2,2,2,2,2,2,2,2,2,2,2,2,2,2,2,0.891983,0.781464,0.725923,0.691784,0.670602,0.658952,0.655339,0.659342,0.671427,0.693159,0.72811,0.785182,0.901718,2,2,2,2,2,2,2,2,2,2,2,2,2,2,
3.5,3.79134,2.86099,2.02788,2,2,2,2,2,2,2,2,2,2,2,2,2,2,2,2,2,2,2,2,2,2,2,2,2,2,2,2,2,2,2,2,2,2,2,2,2,2,2,2,2,2,2,2,2,2,2,2,2,2,2,2,2,2,2,2,2,2,2,2,2,2,2,2,2,2,0.927751,0.802882,0.743745,0.707814,0.685591,0.673332,0.669416,0.673376,0.685683,0.707967,0.743991,0.803306,0.928995,2,2,2,2,2,2,2,2,2,2,2,
3.6,3.75824,2.92829,1.87788,2,2,2,2,2,2,2,2,2,2,2,2,2,2,2,2,2,2,2,2,2,2,2,2,2,2,2,2,2,2,2,2,2,2,2,2,2,2,2,2,2,2,2,2,2,2,2,2,2,2,2,2,2,2,2,2,2,2,2,2,2,2,2,2,2,2,2,2,2,0.98877,0.840427,0.776547,0.738408,0.715075,0.702398,0.698619,0.703272,0.716935,0.741537,0.781616,0.849498,1.03287,2,2,2,2,2,2,2,2,
3.7,3.73557,2.99978,1.72788,2,2,2,2,2,2,2,2,2,2,2,2,2,2,2,2,2,2,2,2,2,2,2,2,2,2,2,2,2,2,2,2,2,2,2,2,2,2,2,2,2,2,2,2,2,2,2,2,2,2,2,2,2,2,2,2,2,2,2,2,2,2,2,2,2,2,2,2,2,2,2,2,1.05778,0.887332,0.819825,0.780196,0.756432,0.744106,0.741426,0.748039,0.76484,0.794482,0.843477,0.932786,2,2,2,2,2,2,
3.8,3.72384,3.07386,1.57788,2,2,2,2,2,2,2,2,2,2,2,2,2,2,2,2,2,2,2,2,2,2,2,2,2,2,2,2,2,2,2,2,2,2,2,2,2,2,2,2,2,2,2,2,2,2,2,2,2,2,2,2,2,2,2,2,2,2,2,2,2,2,2,2,2,2,2,2,2,2,2,2,2,2,2,1.1001,0.936248,0.86876,0.829571,0.806862,0.796317,0.796332,0.806908,0.829656,0.868902,0.936504,1.1012,2,2,2,
3.9,3.72331,3.14886,1.42788,2,2,2,2,2,2,2,2,2,2,2,2,2,2,2,2,2,2,2,2,2,2,2,2,2,2,2,2,2,2,2,2,2,2,2,2,2,2,2,2,2,2,2,2,2,2,2,2,2,2,2,2,2,2,2,2,2,2,2,2,2,2,2,2,2,2,2,2,2,2,2,2,2,2,2,2,2,2,1.11618,0.982204,0.919693,0.883737,0.86427,0.857616,0.862715,0.880372,0.913812,0.97177,1.08836,2,
4,3.73399,3.22309,1.29881,1.04853,1.18758,2,2,2,2,2,2,2,2,2,2,2,2,2,2,2,2,2,2,2,2,2,2,2,2,2,2,2,2,2,2,2,2,2,2,2,2,2,2,2,2,2,2,2,2,2,2,2,2,2,2,2,2,2,2,2,2,2,2,2,2,2,2,2,2,2,2,2,2,2,2,2,2,2,2,2,2,2,2,2,1.08757,1.00539,0.960467,0.936044,0.926685,0.93072,0.948845,0.984662,1.04853,
4.1,3.75414,3.29534,1.44881,2,2,2,2,2,2,2,2,2,2,2,2,2,2,2,2,2,2,2,2,2,2,2,2,2,2,2,2,2,2,2,2,2,2,2,2,2,2,2,2,2,2,2,2,2,2,2,2,2,2,2,2,2,2,2,2,2,2,2,2,2,2,2,2,2,2,2,2,2,2,2,2,2,2,2,2,2,2,2,1.20168,1.09453,1.04018,1.011,0.99938,1.003,1.02254,1.0623,1.13553,1.32821,2,
4.2,3.76327,3.36978,1.59881,2,2,2,2,2,2,2,2,2,2,2,2,2,2,2,2,2,2,2,2,2,2,2,2,2,2,2,2,2,2,2,2,2,2,2,2,2,2,2,2,2,2,2,2,2,2,2,2,2,2,2,2,2,2,2,2,2,2,2,2,2,2,2,2,2,2,2,2,2,2,2,2,2,2,2,2,2,1.35135,1.19012,1.12137,1.08503,1.06943,1.07108,1.0903,1.13164,1.20995,2,2,2,2,
4.3,3.76117,3.44475,1.74881,2,2,2,2,2,2,2,2,2,2,2,2,2,2,2,2,2,2,2,2,2,2,2,2,2,2,2,2,2,2,2,2,2,2,2,2,2,2,2,2,2,2,2,2,2,2,2,2,2,2,2,2,2,2,2,2,2,2,2,2,2,2,2,2,2,2,2,2,2,2,2,2,2,2,2,2,1.2965,1.20475,1.15803,1.13645,1.1344,1.15143,1.19172,1.26998,1.511,2,2,2,2,2,
4.4,3.74789,3.51857,1.89881,2,2,2,2,2,2,2,2,2,2,2,2,2,2,2,2,2,2,2,2,2,2,2,2,2,2,2,2,2,2,2,2,2,2,2,2,2,2,2,2,2,2,2,2,2,2,2,2,2,2,2,2,2,2,2,2,2,2,2,2,2,2,2,2,2,2,2,2,2,2,2,2,2,2,1.42688,1.29223,1.23047,1.20049,1.19291,1.20586,1.24264,1.31623,1.50557,2,2,2,2,2,2,2,
4.5,3.72372,3.58957,2.04881,2,2,2,2,2,2,2,2,2,2,2,2,2,2,2,2,2,2,2,2,2,2,2,2,2,2,2,2,2,2,2,2,2,2,2,2,2,2,2,2,2,2,2,2,2,2,2,2,2,2,2,2,2,2,2,2,2,2,2,2,2,2,2,2,2,2,2,2,2,2,2,2,2,1.38803,1.30348,1.26202,1.24691,1.25401,1.28518,1.35083,1.50128,2,2,2,2,2,2,2,2,2,
4.6,3.68922,3.65616,2.19881,2,2,2,2,2,2,2,2,2,2,2,2,2,2,2,2,2,2,2,2,2,2,2,2,2,2,2,2,2,2,2,2,2,2,2,2,2,2,2,2,2,2,2,2,2,2,2,2,2,2,2,2,2,2,2,2,2,2,2,2,2,2,2,2,2,2,2,2,2,2,2,1.50316,1.37911,1.32185,1.29697,1.29655,1.32045,1.37622,1.49607,2,2,2,2,2,2,2,2,2,2,2,
4.7,3.64516,3.71685,2.34881,2,2,2,2,2,2,2,2,2,2,2,2,2,2,2,2,2,2,2,2,2,2,2,2,2,2,2,2,2,2,2,2,2,2,2,2,2,2,2,2,2,2,2,2,2,2,2,2,2,2,2,2,2,2,2,2,2,2,2,2,2,2,2,2,2,2,2,2,2,1.71182,1.46127,1.38123,1.34384,1.33422,1.34955,1.39447,1.4896,2,2,2,2,2,2,2,2,2,2,2,2,2,
4.8,3.59252,3.77027,2.49881,2,2,2,2,2,2,2,2,2,2,2,2,2,2,2,2,2,2,2,2,2,2,2,2,2,2,2,2,2,2,2,2,2,2,2,2,2,2,2,2,2,2,2,2,2,2,2,2,2,2,2,2,2,2,2,2,2,2,2,2,2,2,2,2,2,2,2,2,1.55916,1.44205,1.38841,1.3678,1.37347,1.40712,1.48169,1.67991,2,2,2,2,2,2,2,2,2,2,2,2,2,2,
4.9,3.53248,3.81523,2.64881,2,2,2,2,2,2,2,2,2,2,2,2,2,2,2,2,2,2,2,2,2,2,2,2,2,2,2,2,2,2,2,2,2,2,2,2,2,2,2,2,2,2,2,2,2,2,2,2,2,2,2,2,2,2,2,2,2,2,2,2,2,2,2,2,2,2,1.71483,1.50756,1.43176,1.398,1.39299,1.41521,1.4722,1.59956,2,2,2,2,2,2,2,2,2,2,2,2,2,2,2,2,
5,3.46641,3.85071,2.79881,2,2,2,2,2,2,2,2,2,2,2,2,2,2,2,2,2,2,2,2,2,2,2,2,2,2,2,2,2,2,2,2,2,2,2,2,2,2,2,2,2,2,2,2,2,2,2,2,2,2,2,2,2,2,2,2,2,2,2,2,2,2,2,2,2,1.58464,1.4753,1.42552,1.40873,1.41942,1.46097,1.55224,2,2,2,2,2,2,2,2,2,2,2,2,2,2,2,2,2,2,
5.1,3.39577,3.87592,2.94881,2,2,2,2,2,2,2,2,2,2,2,2,2,2,2,2,2,2,2,2,2,2,2,2,2,2,2,2,2,2,2,2,2,2,2,2,2,2,2,2,2,2,2,2,2,2,2,2,2,2,2,2,2,2,2,2,2,2,2,2,2,2,2,1.6974,1.52123,1.45101,1.42112,1.42015,1.44779,1.51431,1.67452,2,2,2,2,2,2,2,2,2,2,2,2,2,2,2,2,2,2,2,
5.2,3.32216,3.89029,3.09881,2,2,2,2,2,2,2,2,2,2,2,2,2,2,2,2,2,2,2,2,2,2,2,2,2,2,2,2,2,2,2,2,2,2,2,2,2,2,2,2,2,2,2,2,2,2,2,2,2,2,2,2,2,2,2,2,2,2,2,2,2,2,1.57362,1.47521,1.43043,1.41756,1.43243,1.47991,1.5843,2,2,2,2,2,2,2,2,2,2,2,2,2,2,2,2,2,2,2,2,2,
5.3,3.24723,3.89349,3.24881,2,2,2,2,2,2,2,2,2,2,2,2,2,2,2,2,2,2,2,2,2,2,2,2,2,2,2,2,2,2,2,2,2,2,2,2,2,2,2,2,2,2,2,2,2,2,2,2,2,2,2,2,2,2,2,2,2,2,2,2,1.64331,1.49901,1.43679,1.41164,1.41456,1.44648,1.51981,1.7119,2,2,2,2,2,2,2,2,2,2,2,2,2,2,2,2,2,2,2,2,2,2,
5.4,3.17266,3.88547,3.38627,2,2,2,2,2,2,2,2,2,2,2,2,2,2,2,2,2,2,2,2,2,2,2,2,2,2,2,2,2,2,2,2,2,2,2,2,2,2,2,2,2,2,2,2,2,2,2,2,2,2,2,2,2,2,2,2,2,2,2,1.54708,1.45083,1.40655,1.39336,1.40707,1.45203,1.54976,2,2,2,2,2,2,2,2,2,2,2,2,2,2,2,2,2,2,2,2,2,2,2,2,
5.5,3.09989,3.8673,3.50096,2,2,2,2,2,2,2,2,2,2,2,2,2,2,2,2,2,2,2,2,2,2,2,2,2,2,2,2,2,2,2,2,2,2,2,2,2,2,2,2,2,2,2,2,2,2,2,2,2,2,2,2,2,2,2,2,2,2,1.50649,1.42036,1.38056,1.37009,1.38576,1.4325,1.53312,2,2,2,2,2,2,2,2,2,2,2,2,2,2,2,2,2,2,2,2,2,2,2,2,2,
5.6,3.02968,3.84092,3.59671,2,2,2,2,2,2,2,2,2,2,2,2,2,2,2,2,2,2,2,2,2,2,2,2,2,2,2,2,2,2,2,2,2,2,2,2,2,2,2,2,2,2,2,2,2,2,2,2,2,2,2,2,2,2,2,2,2,1.49341,1.39981,1.35574,1.34123,1.35189,1.39086,1.4742,2,2,2,2,2,2,2,2,2,2,2,2,2,2,2,2,2,2,2,2,2,2,2,2,2,2,
5.7,2.96232,3.80796,3.67672,2,2,2,2,2,2,2,2,2,2,2,2,2,2,2,2,2,2,2,2,2,2,2,2,2,2,2,2,2,2,2,2,2,2,2,2,2,2,2,2,2,2,2,2,2,2,2,2,2,2,2,2,2,2,2,2,1.51333,1.39123,1.33486,1.31091,1.31174,1.33757,1.39686,1.5275,2,2,2,2,2,2,2,2,2,2,2,2,2,2,2,2,2,2,2,2,2,2,2,2,2,2,
5.8,2.8978,3.76971,3.7436,2,2,2,2,2,2,2,2,2,2,2,2,2,2,2,2,2,2,2,2,2,2,2,2,2,2,2,2,2,2,2,2,2,2,2,2,2,2,2,2,2,2,2,2,2,2,2,2,2,2,2,2,2,2,2,1.66554,1.40414,1.32386,1.28508,1.27268,1.28322,1.31959,1.39534,1.60032,2,2,2,2,2,2,2,2,2,2,2,2,2,2,2,2,2,2,2,2,2,2,2,2,2,2,
5.9,2.83599,3.72724,3.79953,2,2,2,2,2,2,2,2,2,2,2,2,2,2,2,2,2,2,2,2,2,2,2,2,2,2,2,2,2,2,2,2,2,2,2,2,2,2,2,2,2,2,2,2,2,2,2,2,2,2,2,2,2,2,2,1.46992,1.33282,1.27072,1.24144,1.23557,1.25161,1.29394,1.37981,2,2,2,2,2,2,2,2,2,2,2,2,2,2,2,2,2,2,2,2,2,2,2,2,2,2,2,
6,2.77664,3.68138,3.84634,2,2,2,2,2,2,2,2,2,2,2,2,2,2,2,2,2,2,2,2,2,2,2,2,2,2,2,2,2,2,2,2,2,2,2,2,2,2,2,2,2,2,2,2,2,2,2,2,2,2,2,2,2,2,2,1.38684,1.27777,1.22472,1.2003,1.19747,1.21557,1.2594,1.34699,2,2,2,2,2,2,2,2,2,2,2,2,2,2,2,2,2,2,2,2,2,2,2,2,2,2,2,
6.1,2.71951,3.63279,3.88552,2,2,2,2,2,2,2,2,2,2,2,2,2,2,2,2,2,2,2,2,2,2,2,2,2,2,2,2,2,2,2,2,2,2,2,2,2,2,2,2,2,2,2,2,2,2,2,2,2,2,2,2,2,2,2,1.33008,1.23216,1.18308,1.16043,1.15807,1.17547,1.21703,1.2986,2,2,2,2,2,2,2,2,2,2,2,2,2,2,2,2,2,2,2,2,2,2,2,2,2,2,2,
6.2,2.66432,3.582,3.91834,2,2,2,2,2,2,2,2,2,2,2,2,2,2,2,2,2,2,2,2,2,2,2,2,2,2,2,2,2,2,2,2,2,2,2,2,2,2,2,2,2,2,2,2,2,2,2,2,2,2,2,2,2,2,2,1.28874,1.19341,1.14491,1.12179,1.11798,1.13266,1.16928,1.24007,1.4122,2,2,2,2,2,2,2,2,2,2,2,2,2,2,2,2,2,2,2,2,2,2,2,2,2,2,
6.3,2.61083,3.52943,3.94583,2,2,2,2,2,2,2,2,2,2,2,2,2,2,2,2,2,2,2,2,2,2,2,2,2,2,2,2,2,2,2,2,2,2,2,2,2,2,2,2,2,2,2,2,2,2,2,2,2,2,2,2,2,2,2,1.26012,1.16087,1.11026,1.08493,1.07827,1.08887,1.11904,1.17736,1.2979,2,2,2,2,2,2,2,2,2,2,2,2,2,2,2,2,2,2,2,2,2,2,2,2,2,2,
6.4,2.55881,3.4754,3.96889,2,2,2,2,2,2,2,2,2,2,2,2,2,2,2,2,2,2,2,2,2,2,2,2,2,2,2,2,2,2,2,2,2,2,2,2,2,2,2,2,2,2,2,2,2,2,2,2,2,2,2,2,2,2,2,1.24542,1.1349,1.07967,1.05068,1.04013,1.04583,1.06891,1.11499,1.20254,2,2,2,2,2,2,2,2,2,2,2,2,2,2,2,2,2,2,2,2,2,2,2,2,2,2,
6.5,2.50804,3.4202,3.98822,2,2,2,2,2,2,2,2,2,2,2,2,2,2,2,2,2,2,2,2,2,2,2,2,2,2,2,2,2,2,2,2,2,2,2,2,2,2,2,2,2,2,2,2,2,2,2,2,2,2,2,2,2,2,2,1.25132,1.11682,1.05408,1.02003,1.00473,1.00502,1.02094,1.05583,1.12005,1.26046,2,2,2,2,2,2,2,2,2,2,2,2,2,2,2,2,2,2,2,2,2,2,2,2,2,
6.6,2.45836,3.36402,4.00445,2,2,2,2,2,2,2,2,2,2,2,2,2,2,2,2,2,2,2,2,2,2,2,2,2,2,2,2,2,2,2,2,2,2,2,2,2,2,2,2,2,2,2,2,2,2,2,2,2,2,2,2,2,2,2,1.3173,1.10917,1.03479,0.994043,0.973194,0.967723,0.976628,1.00158,1.0484,1.13579,2,2,2,2,2,2,2,2,2,2,2,2,2,2,2,2,2,2,2,2,2,2,2,2,2,
6.7,2.40959,3.30704,4.01807,2,2,2,2,2,2,2,2,2,2,2,2,2,2,2,2,2,2,2,2,2,2,2,2,2,2,2,2,2,2,2,2,2,2,2,2,2,2,2,2,2,2,2,2,2,2,2,2,2,2,2,2,2,2,2,2,1.11732,1.0237,0.973976,0.946585,0.935,0.937089,0.953213,0.986513,1.04607,1.16846,2,2,2,2,2,2,2,2,2,2,2,2,2,2,2,2,2,2,2,2,2,2,2,2,
6.8,2.3616,3.2494,4.02951,2,2,2,2,2,2,2,2,2,2,2,2,2,2,2,2,2,2,2,2,2,2,2,2,2,2,2,2,2,2,2,2,2,2,2,2,2,2,2,2,2,2,2,2,2,2,2,2,2,2,2,2,2,2,2,2,1.15726,1.0239,0.961421,0.926053,0.907817,0.903174,0.911346,0.933733,0.975015,1.04892,1.26352,2,2,2,2,2,2,2,2,2,2,2,2,2,2,2,2,2,2,2,2,2,2,2,
6.9,2.31427,3.19122,4.03913,2,2,2,2,2,2,2,2,2,2,2,2,2,2,2,2,2,2,2,2,2,2,2,2,2,2,2,2,2,2,2,2,2,2,2,2,2,2,2,2,2,2,2,2,2,2,2,2,2,2,2,2,2,2,2,2,2,1.04167,0.958708,0.912972,0.887163,0.875632,0.876414,0.889632,0.917591,0.966716,1.05779,2,2,2,2,2,2,2,2,2,2,2,2,2,2,2,2,2,2,2,2,2,2,2,
7,2.2675,3.13259,4.18913,2,2,2,2,2,2,2,2,2,2,2,2,2,2,2,2,2,2,2,2,2,2,2,2,2,2,2,2,2,2,2,2,2,2,2,2,2,2,2,2,2,2,2,2,2,2,2,2,2,2,2,2,2,2,2,1.09413,0.969075,0.908789,0.87394,0.855113,0.848826,0.854093,0.871736,0.904945,0.962299,1.07684,2,2,2,2,2,2,2,2,2,2,2,2,2,2,2,2,2,2,2,2,2,2,2,2,
7.1,2.23003,3.06762,4.33913,2,2,2,2,2,2,2,2,2,2,2,2,2,2,2,2,2,2,2,2,2,2,2,2,2,2,2,2,2,2,2,2,2,2,2,2,2,2,2,2,2,2,2,2,2,2,2,2,2,2,2,2,2,2,0.980273,0.901357,0.85696,0.831136,0.818498,0.817017,0.826473,0.848329,0.886739,0.953078,1.10775,2,2,2,2,2,2,2,2,2,2,2,2,2,2,2,2,2,2,2,2,2,2,2,2,2,
7.2,2.20268,2.99779,4.48913,2,2,2,2,2,2,2,2,2,2,2,2,2,2,2,2,2,2,2,2,2,2,2,2,2,2,2,2,2,2,2,2,2,2,2,2,2,2,2,2,2,2,2,2,2,2,2,2,2,2,2,2,0.994448,0.889575,0.835206,0.802837,0.784612,0.777447,0.780316,0.793621,0.819416,0.862914,0.93923,2,2,2,2,2,2,2,2,2,2,2,2,2,2,2,2,2,2,2,2,2,2,2,2,2,2,2,
7.3,2.18607,2.92465,4.63913,2,2,2,2,2,2,2,2,2,2,2,2,2,2,2,2,2,2,2,2,2,2,2,2,2,2,2,2,2,2,2,2,2,2,2,2,2,2,2,2,2,2,2,2,2,2,2,2,2,2,1.01968,0.871563,0.807261,0.769145,0.74626,0.734472,0.732104,0.738848,0.755605,0.78499,0.83338,0.921045,2,2,2,2,2,2,2,2,2,2,2,2,2,2,2,2,2,2,2,2,2,2,2,2,2,2,2,2,
7.4,2.18058,2.84985,4.78913,2,2,2,2,2,2,2,2,2,2,2,2,2,2,2,2,2,2,2,2,2,2,2,2,2,2,2,2,2,2,2,2,2,2,2,2,2,2,2,2,2,2,2,2,2,2,2,2,2,0.84419,0.771263,0.728793,0.70246,0.687207,0.680859,0.682633,0.692742,0.712493,0.745027,0.797989,0.899031,2,2,2,2,2,2,2,2,2,2,2,2,2,2,2,2,2,2,2,2,2,2,2,2,2,2,2,2,2,
7.5,2.18633,2.77507,4.93913,2,2,2,2,2,2,2,2,2,2,2,2,2,2,2,2,2,2,2,2,2,2,2,2,2,2,2,2,2,2,2,2,2,2,2,2,2,2,2,2,2,2,2,2,2,2,2,0.802788,0.725041,0.680437,0.652234,0.634826,0.625751,0.623944,0.629206,0.642127,0.664341,0.699465,0.756497,0.874242,2,2,2,2,2,2,2,2,2,2,2,2,2,2,2,2,2,2,2,2,2,2,2,2,2,2,2,2,2,2,
7.6,2.20319,2.70199,5.08913,2,2,2,2,2,2,2,2,2,2,2,2,2,2,2,2,2,2,2,2,2,2,2,2,2,2,2,2,2,2,2,2,2,2,2,2,2,2,2,2,2,2,2,2,2,0.74231,0.666634,0.62293,0.594773,0.576666,0.566139,0.562027,0.563921,0.572006,0.587134,0.611189,0.648196,0.708512,0.849726,2,2,2,2,2,2,2,2,2,2,2,2,2,2,2,2,2,2,2,2,2,2,2,2,2,2,2,2,2,2,2,
7.7,2.23079,2.63225,5.23913,2,2,2,2,2,2,2,2,2,2,2,2,2,2,2,2,2,2,2,2,2,2,2,2,2,2,2,2,2,2,2,2,2,2,2,2,2,2,2,2,2,2,2,0.661022,0.595245,0.555768,0.5297,0.512393,0.501668,0.496434,0.496218,0.501002,0.511214,0.52788,0.553048,0.591042,0.653423,2,2,2,2,2,2,2,2,2,2,2,2,2,2,2,2,2,2,2,2,2,2,2,2,2,2,2,2,2,2,2,2,2,
7.8,2.26849,2.56742,5.38913,2,2,2,2,2,2,2,2,2,2,2,2,2,2,2,2,2,2,2,2,2,2,2,2,2,2,2,2,2,2,2,2,2,2,2,2,2,2,2,2,0.668643,0.563171,0.512134,0.479567,0.457372,0.442212,0.432417,0.427103,0.425844,0.428543,0.435409,0.447012,0.464466,0.48989,0.527735,0.590331,2,2,2,2,2,2,2,2,2,2,2,2,2,2,2,2,2,2,2,2,2,2,2,2,2,2,2,2,2,2,2,2,2,2,
7.9,2.31546,2.50894,5.53913,2,2,2,2,2,2,2,2,2,2,2,2,2,2,2,2,2,2,2,2,2,2,2,2,2,2,2,2,2,2,2,2,2,2,2,2,2,2,0.515348,0.456443,0.420669,0.396294,0.379094,0.367043,0.359039,0.354466,0.353007,0.354566,0.359245,0.367371,0.379571,0.396967,0.421632,0.457906,0.518038,2,2,2,2,2,2,2,2,2,2,2,2,2,2,2,2,2,2,2,2,2,2,2,2,2,2,2,2,2,2,2,2,2,2,2,
8,2.37064,2.45815,5.68913,2,2,2,2,2,2,2,2,2,2,2,2,2,2,2,2,2,2,2,2,2,2,2,2,2,2,2,2,2,2,2,2,2,2,2,0.435454,0.381223,0.348213,0.325474,0.309082,0.297143,0.28861,0.282866,0.279546,0.278457,0.279539,0.282852,0.288589,0.297113,0.309041,0.325417,0.348133,0.381102,0.435232,2,2,2,2,2,2,2,2,2,2,2,2,2,2,2,2,2,2,2,2,2,2,2,2,2,2,2,2,2,2,2,2,2,2,2,2,
8.1,2.43279,2.41617,5.83913,2,2,2,2,2,2,2,2,2,2,2,2,2,2,2,2,2,2,2,2,2,2,2,2,2,2,2,2,2,2,2,0.393626,0.322472,0.285817,0.261621,0.244289,0.231422,0.221759,0.214563,0.209377,0.205912,0.203994,0.203531,0.204501,0.20695,0.210998,0.216853,0.224855,0.235544,0.249803,0.269189,0.296837,0.340991,0.468383,2,2,2,2,2,2,2,2,2,2,2,2,2,2,2,2,2,2,2,2,2,2,2,2,2,2,2,2,2,2,2,2,2,2,2,2,
8.2,2.50052,2.38395,5.98913,2,2,2,2,2,2,2,2,2,2,2,2,2,2,2,2,2,2,2,2,2,2,2,2,2,2,2,0.275755,0.226734,0.199282,0.180725,0.16721,0.15699,0.149117,0.143023,0.138346,0.134844,0.132359,0.130785,0.13006,0.130157,0.131078,0.13286,0.135573,0.139335,0.144321,0.150795,0.15916,0.170051,0.184552,0.204725,0.235414,0.295998,2,2,2,2,2,2,2,2,2,2,2,2,2,2,2,2,2,2,2,2,2,2,2,2,2,2,2,2,2,2,2,2,2,2,2,2,2,
8.3,2.5723,2.36221,6.13913,2,2,2,2,2,2,2,2,2,2,2,2,2,2,2,2,2,2,2,2,2,0.234044,0.150139,0.123235,0.10691,0.0956063,0.0872617,0.0808689,0.0758605,0.0718864,0.0687185,0.0662015,0.0642268,0.0627177,0.0616206,0.0608985,0.0605286,0.0604991,0.0608092,0.0614686,0.0624981,0.063932,0.0658207,0.0682365,0.0712813,0.0751009,0.0799084,0.0860269,0.0939755,0.104658,0.11987,0.144139,0.200566,2,2,2,2,2,2,2,2,2,2,2,2,2,2,2,2,2,2,2,2,2,2,2,2,2,2,2,2,2,2,2,2,2,2,2,2,2,
8.4,2.64652,2.35145,6.28913,
