0,5,3,0.652798,2,2,2,2,2,2,2,2,2,2,2,2,2,2,2,2,2,2,2,2,2,2,2,2,2,2,2,2,2,2,2,2,2,2,2,2,2,2,2,2,2,2,2,2,2,2,2,2,2,2,2,2,2,2,2,2,2,2,2,2,2,2,2,2,2,2,2,2,2,2,2,2,2,2,2,2,2,2,2,2,2,2,2,2,2,2,2,2,2,2,
0.1,5.05958,3.04556,0.802798,2,2,2,2,2,2,2,2,2,2,2,2,2,2,2,2,2,2,2,2,2,2,2,2,2,2,2,2,2,2,2,2,2,2,2,2,2,2,2,2,2,2,2,2,2,2,2,2,2,2,2,2,2,2,2,2,2,2,2,2,2,2,2,2,2,2,2,2,2,2,2,2,2,2,2,2,2,2,2,2,2,2,2,2,2,2,2,2,2,2,
0.2,5.11168,3.0995,0.952798,2,2,2,2,2,2,2,2,2,2,2,2,2,2,2,2,2,2,2,2,2,2,2,2,2,2,2,2,2,2,2,2,2,2,2,2,2,2,2,2,2,2,2,2,2,2,2,2,2,2,2,2,2,2,2,2,2,2,2,2,2,2,2,2,2,2,2,2,2,2,2,2,2,2,2,2,2,2,2,2,2,2,2,2,2,2,2,2,2,2,
0.3,5.15514,3.16063,1.1028,2,2,2,2,2,2,2,2,2,2,2,2,2,2,2,2,2,2,2,2,2,2,2,2,2,2,2,2,2,2,2,2,2,2,2,2,2,2,2,2,2,2,2,2,2,2,2,2,2,2,2,2,2,2,2,2,2,2,2,2,2,2,2,2,2,2,2,2,2,2,2,2,2,2,2,2,2,2,2,2,2,2,2,2,2,2,2,2,2,2,
0.4,5.18897,3.22757,1.2528,2,2,2,2,2,2,2,2,2,2,2,2,2,2,2,2,2,2,2,2,2,2,2,2,2,2,2,2,2,2,2,2,2,2,2,2,2,2,2,2,2,2,2,2,2,2,2,2,2,2,2,2,2,2,2,2,2,2,2,2,2,2,2,2,2,2,2,2,2,2,2,2,2,2,2,2,2,2,2,2,2,2,2,2,2,2,2,2,2,2,
0.5,5.21242,3.29881,1.4028,2,2,2,2,2,2,2,2,2,2,2,2,2,2,2,2,2,2,2,2,2,2,2,2,2,2,2,2,2,2,2,2,2,2,2,2,2,2,2,2,2,2,2,2,2,2,2,2,2,2,2,2,2,2,2,2,2,2,2,2,2,2,2,2,2,2,2,2,2,2,2,2,2,2,2,2,2,2,2,2,2,2,2,2,2,2,2,2,2,2,
0.6,5.22496,3.37275,1.5528,2,2,2,2,2,2,2,2,2,2,2,2,2,2,2,2,2,2,2,2,2,2,2,2,2,2,2,2,2,2,2,2,2,2,2,2,2,2,2,2,2,2,2,2,2,2,2,2,2,2,2,2,2,2,2,2,2,2,2,2,2,2,2,2,2,2,2,2,2,2,2,2,2,2,2,2,2,2,2,2,2,2,2,2,2,2,2,2,2,2,
0.7,5.22631,3.44774,1.7028,2,2,2,2,2,2,2,2,2,2,2,2,2,2,2,2,2,2,2,2,2,2,2,2,2,2,2,2,2,2,2,2,2,2,2,2,2,2,2,2,2,2,2,2,2,2,2,2,2,2,2,2,2,2,2,2,2,2,2,2,2,2,2,2,2,2,2,2,2,2,2,2,2,2,2,2,2,2,2,2,2,2,2,2,2,2,2,2,2,2,
0.8,5.21644,3.52209,1.8528,2,2,2,2,2,2,2,2,2,2,2,2,2,2,2,2,2,2,2,2,2,2,2,2,2,2,2,2,2,2,2,2,2,2,2,2,2,2,2,2,2,2,2,2,2,2,2,2,2,2,2,2,2,2,2,2,2,2,2,2,2,2,2,2,2,2,2,2,2,2,2,2,2,2,2,2,2,2,2,2,2,2,2,2,2,2,2,2,2,2,
0.9,5.19557,3.59412,2.0028,2,2,2,2,2,2,2,2,2,2,2,2,2,2,2,2,2,2,2,2,2,2,2,2,2,2,2,2,2,2,2,2,2,2,2,2,2,2,2,2,2,2,2,2,2,2,2,2,2,2,2,2,2,2,2,2,2,2,2,2,2,2,2,2,2,2,2,2,2,2,2,2,2,2,2,2,2,2,2,2,2,2,2,2,2,2,2,2,2,2,
1,5.16417,3.66223,2.1528,2,2,2,2,2,2,2,2,2,2,2,2,2,2,2,2,2,2,2,2,2,2,2,2,2,2,2,2,2,2,2,2,2,2,2,2,2,2,2,2,2,2,2,2,2,2,2,2,2,2,2,2,2,2,2,2,2,2,2,2,2,2,2,2,2,2,2,2,2,2,2,2,2,2,2,2,2,2,2,2,2,2,2,2,2,2,2,2,2,2,
1.1,5.12294,3.72489,2.3028,2,2,2,2,2,2,2,2,2,2,2,2,2,2,2,2,2,2,2,2,2,2,2,2,2,2,2,2,2,2,2,2,2,2,2,2,2,2,2,2,2,2,2,2,2,2,2,2,2,2,2,2,2,2,2,2,2,2,2,2,2,2,2,2,2,2,2,2,2,2,2,2,2,2,2,2,2,2,2,2,2,2,2,2,2,2,2,2,2,2,
1.2,5.07281,3.78067,2.44851,2,2,2,2,2,2,2,2,2,2,2,2,2,2,2,2,2,2,2,2,2,2,2,2,2,2,2,2,2,2,2,2,2,2,2,2,2,2,2,2,2,2,2,2,2,2,2,2,2,2,2,2,2,2,2,2,2,2,2,2,2,2,2,2,2,2,2,2,2,2,2,2,2,2,2,2,2,2,2,2,2,2,2,2,2,2,2,2,2,2,
1.3,5.01512,3.82859,2.58091,2,2,2,2,2,2,2,2,2,2,2,2,2,2,2,2,2,2,2,2,2,2,2,2,2,2,2,2,2,2,2,2,2,2,2,2,2,2,2,2,2,2,2,2,2,2,2,2,2,2,2,2,2,2,2,2,2,2,2,2,2,2,2,2,2,2,2,2,2,2,2,2,2,2,2,2,2,2,2,2,2,2,2,2,2,2,2,2,2,2,
1.4,4.9516,3.86847,2.70131,2,2,2,2,2,2,2,2,2,2,2,2,2,2,2,2,2,2,2,2,2,2,2,2,2,2,2,2,2,2,2,2,2,2,2,2,2,2,2,2,2,2,2,2,2,2,2,2,2,2,2,2,2,2,2,2,2,2,2,2,2,2,2,2,2,2,2,2,2,2,2,2,2,2,2,2,2,2,2,2,2,2,2,2,2,2,2,2,2,2,
1.5,4.88375,3.90044,2.81084,2,2,2,2,2,2,2,2,2,2,2,2,2,2,2,2,2,2,2,2,2,2,2,2,2,2,2,2,2,2,2,2,2,2,2,2,2,2,2,2,2,2,2,2,2,2,2,2,2,2,2,2,2,2,2,2,2,2,2,2,2,2,2,2,2,2,2,2,2,2,2,2,2,2,2,2,2,2,2,2,2,2,2,2,2,2,2,2,2,2,
1.6,4.81282,3.9248,2.91053,2,2,2,2,2,2,2,2,2,2,2,2,2,2,2,2,2,2,2,2,2,2,2,2,2,2,2,2,2,2,2,2,2,2,2,2,2,2,2,2,2,2,2,2,2,2,2,2,2,2,2,2,2,2,2,2,2,2,2,2,2,2,2,2,2,2,2,2,2,2,2,2,2,2,2,2,2,2,2,2,2,2,2,2,2,2,2,2,2,2,
1.7,4.73981,3.94197,3.00132,2,2,2,2,2,2,2,2,2,2,2,2,2,2,2,2,2,2,2,2,2,2,2,2,2,2,2,2,2,2,2,2,2,2,2,2,2,2,2,2,2,2,2,2,2,2,2,2,2,2,2,2,2,2,2,2,2,2,2,2,2,2,2,2,2,2,2,2,2,2,2,2,2,2,2,2,2,2,2,2,2,2,2,2,2,2,2,2,2,2,
1.8,4.66555,3.95246,3.08402,2,2,2,2,2,2,2,2,2,2,2,2,2,2,2,2,2,2,2,2,2,2,2,2,2,2,2,2,2,2,2,2,2,2,2,2,2,2,2,2,2,2,2,2,2,2,2,2,2,2,2,2,2,2,2,2,2,2,2,2,2,2,2,2,2,2,2,2,2,2,2,2,2,2,2,2,2,2,2,2,2,2,2,2,2,2,2,2,2,2,
1.9,4.59067,3.95677,3.1594,2,2,2,2,2,2,2,2,2,2,2,2,2,2,2,2,2,2,2,2,2,2,2,2,2,2,2,2,2,2,2,2,2,2,2,2,2,2,2,2,2,2,2,2,2,2,2,2,2,2,2,2,2,2,2,2,2,2,2,2,2,2,2,2,2,2,2,2,2,2,2,2,2,2,2,2,2,2,2,2,2,2,2,2,2,2,2,2,2,2,
2,4.51568,3.95544,3.22811,2,2,2,2,2,2,2,2,2,2,2,2,2,2,2,2,2,2,2,2,2,2,2,2,2,2,2,2,2,2,2,2,2,2,2,2,2,2,2,2,2,2,2,2,2,2,2,2,2,2,2,2,2,2,2,2,2,2,2,2,2,2,2,2,2,2,2,2,2,2,2,2,2,2,2,2,2,2,2,2,2,2,2,2,2,2,2,2,2,2,
2.1,4.44096,3.94896,3.29077,2,2,2,2,2,2,2,2,2,2,2,2,2,2,2,2,2,2,2,2,2,2,2,2,2,2,2,2,2,2,2,2,2,2,2,2,2,2,2,2,2,2,2,2,2,2,2,2,2,2,2,2,2,2,2,2,2,2,2,2,2,2,2,2,2,2,2,2,2,2,2,2,2,2,2,2,2,2,2,2,2,2,2,2,2,2,2,2,2,2,
2.2,4.3668,3.93781,3.34793,2,2,2,2,2,2,2,2,2,2,2,2,2,2,2,2,2,2,2,2,2,2,2,2,2,2,2,2,2,2,2,2,2,2,2,2,2,2,2,2,2,2,2,2,2,2,2,2,2,2,2,2,2,2,2,2,2,2,2,2,2,2,2,2,2,2,2,2,2,2,2,2,2,2,2,2,2,2,2,2,2,2,2,2,2,2,2,2,2,2,
2.3,4.29339,3.92244,3.40009,2,2,2,2,2,2,2,2,2,2,2,2,2,2,2,2,2,2,2,2,2,2,2,2,2,2,2,2,2,2,2,2,2,2,2,2,2,2,2,2,2,2,2,2,2,2,1.97353,1.9857,2,2,2,2,2,2,2,2,2,2,2,2,2,2,2,2,2,2,2,2,2,2,2,2,2,2,2,2,2,2,2,2,2,2,2,2,2,2,2,2,2,2,
2.4,4.22088,3.90327,3.4477,2,2,2,2,2,2,2,2,2,2,2,2,2,2,2,2,2,2,2,2,2,2,2,2,2,2,2,2,2,2,2,2,2,2,2,2,2,2,2,2,2,2,2,2,1.96481,1.90683,1.90056,1.94276,2,2,2,2,2,2,2,2,2,2,2,2,2,2,2,2,2,2,2,2,2,2,2,2,2,2,2,2,2,2,2,2,2,2,2,2,2,2,2,2,2,2,
2.5,4.14937,3.88067,3.49117,2,2,2,2,2,2,2,2,2,2,2,2,2,2,2,2,2,2,2,2,2,2,2,2,2,2,2,2,2,2,2,2,2,2,2,2,2,2,2,2,2,2,2,1.92814,1.84725,1.82286,1.84214,1.91486,2,2,2,2,2,2,2,2,2,2,2,2,2,2,2,2,2,2,2,2,2,2,2,2,2,2,2,2,2,2,2,2,2,2,2,2,2,2,2,2,2,2,
2.6,4.0789,3.85498,3.53086,2,2,2,2,2,2,2,2,2,2,2,2,2,2,2,2,2,2,2,2,2,2,2,2,2,2,2,2,2,2,2,2,2,2,2,2,2,2,2,2,2,2,1.90822,1.79621,1.75304,1.75253,1.79443,1.90373,2,2,2,2,2,2,2,2,2,2,2,2,2,2,2,2,2,2,2,2,2,2,2,2,2,2,2,2,2,2,2,2,2,2,2,2,2,2,2,2,2,2,
2.7,4.00951,3.82652,3.56712,2,2,2,2,2,2,2,2,2,2,2,2,2,2,2,2,2,2,2,2,2,2,2,2,2,2,2,2,2,2,2,2,2,2,2,2,2,2,2,2,2,1.92085,1.75561,1.6915,1.67285,1.69152,1.75565,1.92097,2,2,2,2,2,2,2,2,2,2,2,2,2,2,2,2,2,2,2,2,2,2,2,2,2,2,2,2,2,2,2,2,2,2,2,2,2,2,2,2,2,2,
2.8,3.9412,3.79556,3.60025,2,2,2,2,2,2,2,2,2,2,2,2,2,2,2,2,2,2,2,2,2,2,2,2,2,2,2,2,2,2,2,2,2,2,2,2,2,2,2,2,2,1.72888,1.63873,1.60232,1.60189,1.63729,1.72553,2,2,2,2,2,2,2,2,2,2,2,2,2,2,2,2,2,2,2,2,2,2,2,2,2,2,2,2,2,2,2,2,2,2,2,2,2,2,2,2,2,2,2,
2.9,3.87395,3.76235,3.63053,2,2,2,2,2,2,2,2,2,2,2,2,2,2,2,2,2,2,2,2,2,2,2,2,2,2,2,2,2,2,2,2,2,2,2,2,2,2,2,2,1.72447,1.59567,1.54041,1.52312,1.53736,1.58832,1.70598,2,2,2,2,2,2,2,2,2,2,2,2,2,2,2,2,2,2,2,2,2,2,2,2,2,2,2,2,2,2,2,2,2,2,2,2,2,2,2,2,2,2,2,
3,3.80774,3.72713,3.65821,2,2,2,2,2,2,2,2,2,2,2,2,2,2,2,2,2,2,2,2,2,2,2,2,2,2,2,2,2,2,2,2,2,2,2,2,2,2,2,1.78544,1.56423,1.48686,1.45359,1.45077,1.47747,1.54378,1.70465,2,2,2,2,2,2,2,2,2,2,2,2,2,2,2,2,2,2,2,2,2,2,2,2,2,2,2,2,2,2,2,2,2,2,2,2,2,2,2,2,2,2,2,
3.1,3.74253,3.69008,3.68352,2,2,2,2,2,2,2,2,2,2,2,2,2,2,2,2,2,2,2,2,2,2,2,2,2,2,2,2,2,2,2,2,2,2,2,2,2,2,2,1.54914,1.44175,1.39215,1.37455,1.38329,1.42103,1.50339,2,2,2,2,2,2,2,2,2,2,2,2,2,2,2,2,2,2,2,2,2,2,2,2,2,2,2,2,2,2,2,2,2,2,2,2,2,2,2,2,2,2,2,2,
3.2,3.67827,3.6514,3.70668,2,2,2,2,2,2,2,2,2,2,2,2,2,2,2,2,2,2,2,2,2,2,2,2,2,2,2,2,2,2,2,2,2,2,2,2,2,2,1.56681,1.4058,1.33798,1.30672,1.30105,1.3194,1.36727,1.46758,2,2,2,2,2,2,2,2,2,2,2,2,2,2,2,2,2,2,2,2,2,2,2,2,2,2,2,2,2,2,2,2,2,2,2,2,2,2,2,2,2,2,2,2,
3.3,3.61493,3.61124,3.72786,2,2,2,2,2,2,2,2,2,2,2,2,2,2,2,2,2,2,2,2,2,2,2,2,2,2,2,2,2,2,2,2,2,2,2,2,2,2,1.381,1.29049,1.24579,1.22783,1.23165,1.25823,1.31568,1.43789,2,2,2,2,2,2,2,2,2,2,2,2,2,2,2,2,2,2,2,2,2,2,2,2,2,2,2,2,2,2,2,2,2,2,2,2,2,2,2,2,2,2,2,2,
3.4,3.55246,3.56974,3.74725,2,2,2,2,2,2,2,2,2,2,2,2,2,2,2,2,2,2,2,2,2,2,2,2,2,2,2,2,2,2,2,2,2,2,2,2,2,1.37325,1.24933,1.19055,1.16157,1.15379,1.16539,1.19914,1.26598,1.41905,2,2,2,2,2,2,2,2,2,2,2,2,2,2,2,2,2,2,2,2,2,2,2,2,2,2,2,2,2,2,2,2,2,2,2,2,2,2,2,2,2,2,2,2,
3.5,3.4908,3.52704,3.765,2,2,2,2,2,2,2,2,2,2,2,2,2,2,2,2,2,2,2,2,2,2,2,2,2,2,2,2,2,2,2,2,2,2,2,2,1.41429,1.21451,1.13991,1.10066,1.08321,1.08351,1.1016,1.14174,1.21808,1.43633,2,2,2,2,2,2,2,2,2,2,2,2,2,2,2,2,2,2,2,2,2,2,2,2,2,2,2,2,2,2,2,2,2,2,2,2,2,2,2,2,2,2,2,2,
3.6,3.42991,3.48326,3.78126,2,2,2,2,2,2,2,2,2,2,2,2,2,2,2,2,2,2,2,2,2,2,2,2,2,2,2,2,2,2,2,2,2,2,2,2,1.18661,1.09279,1.04366,1.01797,1.00938,1.01622,1.03981,1.08574,1.17216,2,2,2,2,2,2,2,2,2,2,2,2,2,2,2,2,2,2,2,2,2,2,2,2,2,2,2,2,2,2,2,2,2,2,2,2,2,2,2,2,2,2,2,2,2,
3.7,3.36973,3.43849,3.79615,2,2,2,2,2,2,2,2,2,2,2,2,2,2,2,2,2,2,2,2,2,2,2,2,2,2,2,2,2,2,2,2,2,2,2,1.16774,1.048,0.989232,0.956445,0.940781,0.939198,0.95142,0.979723,1.03101,1.12869,2,2,2,2,2,2,2,2,2,2,2,2,2,2,2,2,2,2,2,2,2,2,2,2,2,2,2,2,2,2,2,2,2,2,2,2,2,2,2,2,2,2,2,2,2,
3.8,3.31024,3.39283,3.80979,2,2,2,2,2,2,2,2,2,2,2,2,2,2,2,2,2,2,2,2,2,2,2,2,2,2,2,2,2,2,2,2,2,2,1.16668,1.00409,0.935998,0.897231,0.875969,0.86801,0.872057,0.888754,0.921138,0.977483,1.08879,2,2,2,2,2,2,2,2,2,2,2,2,2,2,2,2,2,2,2,2,2,2,2,2,2,2,2,2,2,2,2,2,2,2,2,2,2,2,2,2,2,2,2,2,2,
3.9,3.29128,3.37787,3.95979,2,2,2,2,2,2,2,2,2,2,2,2,2,2,2,2,2,2,2,2,2,2,2,2,2,2,2,2,2,2,2,2,1.06843,0.957002,0.900588,0.867871,0.850529,0.845454,0.851858,0.870744,0.905592,0.965804,1.0906,2,2,2,2,2,2,2,2,2,2,2,2,2,2,2,2,2,2,2,2,2,2,2,2,2,2,2,2,2,2,2,2,2,2,2,2,2,2,2,2,2,2,2,2,2,2,2,
4,3.27479,3.36026,4.10979,2,2,2,2,2,2,2,2,2,2,2,2,2,2,2,2,2,2,2,2,2,2,2,2,2,2,2,2,2,2,0.998345,0.914353,0.867819,0.840755,0.827304,0.825255,0.834303,0.855857,0.89402,0.960039,1.11236,2,2,2,2,2,2,2,2,2,2,2,2,2,2,2,2,2,2,2,2,2,2,2,2,2,2,2,2,2,2,2,2,2,2,2,2,2,2,2,2,2,2,2,2,2,2,2,2,2,
4.1,3.26113,3.3404,4.25979,2,2,2,2,2,2,2,2,2,2,2,2,2,2,2,2,2,2,2,2,2,2,2,2,2,2,2,1.09352,0.942357,0.876709,0.838553,0.816716,0.807086,0.808192,0.820195,0.844983,0.887554,0.962278,2,2,2,2,2,2,2,2,2,2,2,2,2,2,2,2,2,2,2,2,2,2,2,2,2,2,2,2,2,2,2,2,2,2,2,2,2,2,2,2,2,2,2,2,2,2,2,2,2,2,2,2,
4.2,3.2506,3.31874,4.40979,2,2,2,2,2,2,2,2,2,2,2,2,2,2,2,2,2,2,2,2,2,2,2,2,2,0.99548,0.89682,0.844526,0.813513,0.796491,0.790606,0.795011,0.810333,0.839064,0.887541,0.975877,2,2,2,2,2,2,2,2,2,2,2,2,2,2,2,2,2,2,2,2,2,2,2,2,2,2,2,2,2,2,2,2,2,2,2,2,2,2,2,2,2,2,2,2,2,2,2,2,2,2,2,2,2,2,
4.3,3.24343,3.29577,4.55979,2,2,2,2,2,2,2,2,2,2,2,2,2,2,2,2,2,2,2,2,2,2,2,0.93348,0.860238,0.818148,0.793273,0.780703,0.778514,0.786402,0.805504,0.839116,0.895709,1.00788,2,2,2,2,2,2,2,2,2,2,2,2,2,2,2,2,2,2,2,2,2,2,2,2,2,2,2,2,2,2,2,2,2,2,2,2,2,2,2,2,2,2,2,2,2,2,2,2,2,2,2,2,2,2,2,2,
4.4,3.23978,3.27201,4.70979,2,2,2,2,2,2,2,2,2,2,2,2,2,2,2,2,2,2,2,2,1.00328,0.888993,0.83182,0.797793,0.778259,0.769848,0.771355,0.782987,0.806478,0.846277,0.914562,1.08782,2,2,2,2,2,2,2,2,2,2,2,2,2,2,2,2,2,2,2,2,2,2,2,2,2,2,2,2,2,2,2,2,2,2,2,2,2,2,2,2,2,2,2,2,2,2,2,2,2,2,2,2,2,2,2,2,2,2,
4.5,3.23971,3.24799,4.55979,2,2,2,2,2,2,2,2,2,2,2,2,2,2,2,2,2,2,2,2,2,2,0.971242,0.872684,0.820397,0.78908,0.771413,0.764482,0.767314,0.780297,0.805396,0.84754,0.920693,2,2,2,2,2,2,2,2,2,2,2,2,2,2,2,2,2,2,2,2,2,2,2,2,2,2,2,2,2,2,2,2,2,2,2,2,2,2,2,2,2,2,2,2,2,2,2,2,2,2,2,2,2,2,2,2,2,
4.6,3.23606,3.22426,4.70979,2,2,2,2,2,2,2,2,2,2,2,2,2,2,2,2,2,2,2,2,0.91269,0.839863,0.797816,0.772674,0.75952,0.756381,0.762831,0.779761,0.809897,0.860014,0.952413,2,2,2,2,2,2,2,2,2,2,2,2,2,2,2,2,2,2,2,2,2,2,2,2,2,2,2,2,2,2,2,2,2,2,2,2,2,2,2,2,2,2,2,2,2,2,2,2,2,2,2,2,2,2,2,2,2,2,2,
4.7,3.236,3.20027,4.55979,2,2,2,2,2,2,2,2,2,2,2,2,2,2,2,2,2,2,2,2,2,1.04968,0.893464,0.827633,0.788909,0.765895,0.754346,0.752582,0.760366,0.778779,0.810867,0.864263,0.966153,2,2,2,2,2,2,2,2,2,2,2,2,2,2,2,2,2,2,2,2,2,2,2,2,2,2,2,2,2,2,2,2,2,2,2,2,2,2,2,2,2,2,2,2,2,2,2,2,2,2,2,2,2,2,2,2,2,
4.8,3.23236,3.17658,4.70979,2,2,2,2,2,2,2,2,2,2,2,2,2,2,2,2,2,2,2,0.951942,0.854271,0.802282,0.770925,0.752929,0.745367,0.747203,0.758679,0.781449,0.819659,0.884351,1.03383,2,2,2,2,2,2,2,2,2,2,2,2,2,2,2,2,2,2,2,2,2,2,2,2,2,2,2,2,2,2,2,2,2,2,2,2,2,2,2,2,2,2,2,2,2,2,2,2,2,2,2,2,2,2,2,2,2,2,2,
4.9,3.2323,3.15262,4.55979,2,2,2,2,2,2,2,2,2,2,2,2,2,2,2,2,2,2,2,2,2,0.926858,0.840804,0.79306,0.764176,0.747942,0.741824,0.744998,0.757883,0.78237,0.82311,0.892941,1.09081,2,2,2,2,2,2,2,2,2,2,2,2,2,2,2,2,2,2,2,2,2,2,2,2,2,2,2,2,2,2,2,2,2,2,2,2,2,2,2,2,2,2,2,2,2,2,2,2,2,2,2,2,2,2,2,2,2,
5,3.22866,3.12897,4.70979,2,2,2,2,2,2,2,2,2,2,2,2,2,2,2,2,2,2,1.03145,0.877121,0.811799,0.7732,0.750041,0.738096,0.735651,0.742388,0.759211,0.788761,0.837493,0.926076,2,2,2,2,2,2,2,2,2,2,2,2,2,2,2,2,2,2,2,2,2,2,2,2,2,2,2,2,2,2,2,2,2,2,2,2,2,2,2,2,2,2,2,2,2,2,2,2,2,2,2,2,2,2,2,2,2,2,2,2,
5.1,3.2286,3.10505,4.55979,2,2,2,2,2,2,2,2,2,2,2,2,2,2,2,2,2,2,2,2,0.985738,0.861608,0.802072,0.766423,0.745228,0.734816,0.733731,0.741834,0.760224,0.791882,0.844172,0.942754,2,2,2,2,2,2,2,2,2,2,2,2,2,2,2,2,2,2,2,2,2,2,2,2,2,2,2,2,2,2,2,2,2,2,2,2,2,2,2,2,2,2,2,2,2,2,2,2,2,2,2,2,2,2,2,2,2,2,
5.2,3.22496,3.08143,4.70979,2,2,2,2,2,2,2,2,2,2,2,2,2,2,2,2,2,2,0.912827,0.827401,0.779869,0.75095,0.734475,0.727896,0.730343,0.742132,0.76493,0.802833,0.866649,1.01217,2,2,2,2,2,2,2,2,2,2,2,2,2,2,2,2,2,2,2,2,2,2,2,2,2,2,2,2,2,2,2,2,2,2,2,2,2,2,2,2,2,2,2,2,2,2,2,2,2,2,2,2,2,2,2,2,2,2,2,2,
5.3,3.2249,3.05756,4.55979,2,2,2,2,2,2,2,2,2,2,2,2,2,2,2,2,2,2,2,2,0.893414,0.816854,0.772975,0.746286,0.731458,0.726278,0.73007,0.743325,0.767963,0.808628,0.878091,1.07568,2,2,2,2,2,2,2,2,2,2,2,2,2,2,2,2,2,2,2,2,2,2,2,2,2,2,2,2,2,2,2,2,2,2,2,2,2,2,2,2,2,2,2,2,2,2,2,2,2,2,2,2,2,2,2,2,2,2,
5.4,3.22127,3.03397,4.70979,2,2,2,2,2,2,2,2,2,2,2,2,2,2,2,2,2,0.974725,0.850924,0.791551,0.75589,0.734529,0.723793,0.722195,0.729534,0.74678,0.776624,0.825597,0.914772,2,2,2,2,2,2,2,2,2,2,2,2,2,2,2,2,2,2,2,2,2,2,2,2,2,2,2,2,2,2,2,2,2,2,2,2,2,2,2,2,2,2,2,2,2,2,2,2,2,2,2,2,2,2,2,2,2,2,2,2,2,
5.5,3.22121,3.01014,4.55979,2,2,2,2,2,2,2,2,2,2,2,2,2,2,2,2,2,2,2,0.944824,0.838969,0.784395,0.751332,0.731768,0.722487,0.722231,0.730967,0.749871,0.782003,0.834919,0.935453,2,2,2,2,2,2,2,2,2,2,2,2,2,2,2,2,2,2,2,2,2,2,2,2,2,2,2,2,2,2,2,2,2,2,2,2,2,2,2,2,2,2,2,2,2,2,2,2,2,2,2,2,2,2,2,2,2,2,2,
5.6,3.21759,2.98659,4.70979,2,2,2,2,2,2,2,2,2,2,2,2,2,2,2,2,2,0.886023,0.809269,0.76527,0.738404,0.723308,0.71774,0.720981,0.733444,0.75689,0.795568,0.860794,1.01625,2,2,2,2,2,2,2,2,2,2,2,2,2,2,2,2,2,2,2,2,2,2,2,2,2,2,2,2,2,2,2,2,2,2,2,2,2,2,2,2,2,2,2,2,2,2,2,2,2,2,2,2,2,2,2,2,2,2,2,2,2,
5.7,3.21753,2.9628,4.55979,2,2,2,2,2,2,2,2,2,2,2,2,2,2,2,2,2,2,1.07979,0.871385,0.801608,0.760747,0.735879,0.722316,0.7181,0.722693,0.736684,0.762107,0.803832,0.875474,2,2,2,2,2,2,2,2,2,2,2,2,2,2,2,2,2,2,2,2,2,2,2,2,2,2,2,2,2,2,2,2,2,2,2,2,2,2,2,2,2,2,2,2,2,2,2,2,2,2,2,2,2,2,2,2,2,2,2,2,
5.8,3.21392,2.93929,4.70979,2,2,2,2,2,2,2,2,2,2,2,2,2,2,2,2,0.942258,0.834787,0.779753,0.74638,0.726517,0.71689,0.716202,0.724365,0.742461,0.773348,0.823988,0.917772,2,2,2,2,2,2,2,2,2,2,2,2,2,2,2,2,2,2,2,2,2,2,2,2,2,2,2,2,2,2,2,2,2,2,2,2,2,2,2,2,2,2,2,2,2,2,2,2,2,2,2,2,2,2,2,2,2,2,2,2,2,2,
5.9,3.21385,2.91554,4.55979,2,2,2,2,2,2,2,2,2,2,2,2,2,2,2,2,2,2,0.921044,0.826169,0.775149,0.744056,0.725832,0.717585,0.718219,0.727814,0.747668,0.781055,0.836135,0.94375,2,2,2,2,2,2,2,2,2,2,2,2,2,2,2,2,2,2,2,2,2,2,2,2,2,2,2,2,2,2,2,2,2,2,2,2,2,2,2,2,2,2,2,2,2,2,2,2,2,2,2,2,2,2,2,2,2,2,2,2,
6,3.21025,2.89208,4.70979,2,2,2,2,2,2,2,2,2,2,2,2,2,2,2,2,0.871497,0.80041,0.758923,0.733615,0.719664,0.715052,0.719187,0.732599,0.757209,0.797612,0.866377,1.05687,2,2,2,2,2,2,2,2,2,2,2,2,2,2,2,2,2,2,2,2,2,2,2,2,2,2,2,2,2,2,2,2,2,2,2,2,2,2,2,2,2,2,2,2,2,2,2,2,2,2,2,2,2,2,2,2,2,2,2,2,2,2,
6.1,3.21018,2.86836,4.55979,2,2,2,2,2,2,2,2,2,2,2,2,2,2,2,2,2,1.01797,0.860964,0.795526,0.756742,0.733221,0.720694,0.717389,0.722884,0.737891,0.764632,0.808424,0.884694,2,2,2,2,2,2,2,2,2,2,2,2,2,2,2,2,2,2,2,2,2,2,2,2,2,2,2,2,2,2,2,2,2,2,2,2,2,2,2,2,2,2,2,2,2,2,2,2,2,2,2,2,2,2,2,2,2,2,2,2,2,
6.2,3.20658,2.84494,4.70979,2,2,2,2,2,2,2,2,2,2,2,2,2,2,2,0.927718,0.829064,0.776768,0.744941,0.726187,0.717493,0.717699,0.726832,0.746116,0.778689,0.832304,0.935073,2,2,2,2,2,2,2,2,2,2,2,2,2,2,2,2,2,2,2,2,2,2,2,2,2,2,2,2,2,2,2,2,2,2,2,2,2,2,2,2,2,2,2,2,2,2,2,2,2,2,2,2,2,2,2,2,2,2,2,2,2,2,2,
6.3,3.20652,2.82127,4.55979,2,2,2,2,2,2,2,2,2,2,2,2,2,2,2,2,2,0.912505,0.823532,0.774631,0.744808,0.727547,0.720159,0.72167,0.732271,0.753419,0.788731,0.847411,0.968387,2,2,2,2,2,2,2,2,2,2,2,2,2,2,2,2,2,2,2,2,2,2,2,2,2,2,2,2,2,2,2,2,2,2,2,2,2,2,2,2,2,2,2,2,2,2,2,2,2,2,2,2,2,2,2,2,2,2,2,2,2,
6.4,3.20293,2.7979,4.70979,2,2,2,2,2,2,2,2,2,2,2,2,2,2,1.04971,0.869198,0.801097,0.761038,0.736712,0.723595,0.719808,0.724864,0.739418,0.765612,0.808581,0.883002,2,2,2,2,2,2,2,2,2,2,2,2,2,2,2,2,2,2,2,2,2,2,2,2,2,2,2,2,2,2,2,2,2,2,2,2,2,2,2,2,2,2,2,2,2,2,2,2,2,2,2,2,2,2,2,2,2,2,2,2,2,2,2,2,
6.5,3.20287,2.77427,4.55979,2,2,2,2,2,2,2,2,2,2,2,2,2,2,2,2,1.00561,0.862232,0.798835,0.761114,0.738387,0.726592,0.724069,0.730492,0.746708,0.775197,0.821949,0.905379,2,2,2,2,2,2,2,2,2,2,2,2,2,2,2,2,2,2,2,2,2,2,2,2,2,2,2,2,2,2,2,2,2,2,2,2,2,2,2,2,2,2,2,2,2,2,2,2,2,2,2,2,2,2,2,2,2,2,2,2,2,2,
6.6,3.19928,2.75094,4.70979,2,2,2,2,2,2,2,2,2,2,2,2,2,2,0.929241,0.833927,0.782752,0.751651,0.73354,0.725528,0.726539,0.736705,0.757425,0.792217,0.850012,0.967331,2,2,2,2,2,2,2,2,2,2,2,2,2,2,2,2,2,2,2,2,2,2,2,2,2,2,2,2,2,2,2,2,2,2,2,2,2,2,2,2,2,2,2,2,2,2,2,2,2,2,2,2,2,2,2,2,2,2,2,2,2,2,2,2,
6.7,3.19922,2.72736,4.55979,2,2,2,2,2,2,2,2,2,2,2,2,2,2,2,2,0.918568,0.831223,0.782952,0.753615,0.736863,0.730087,0.732384,0.744051,0.766742,0.804528,0.868145,1.01235,2,2,2,2,2,2,2,2,2,2,2,2,2,2,2,2,2,2,2,2,2,2,2,2,2,2,2,2,2,2,2,2,2,2,2,2,2,2,2,2,2,2,2,2,2,2,2,2,2,2,2,2,2,2,2,2,2,2,2,2,2,2,
6.8,3.19563,2.70407,4.70979,2,2,2,2,2,2,2,2,2,2,2,2,2,1.05318,0.879169,0.811451,0.771653,0.747651,0.734982,0.731814,0.737736,0.753533,0.781621,0.827865,0.910091,2,2,2,2,2,2,2,2,2,2,2,2,2,2,2,2,2,2,2,2,2,2,2,2,2,2,2,2,2,2,2,2,2,2,2,2,2,2,2,2,2,2,2,2,2,2,2,2,2,2,2,2,2,2,2,2,2,2,2,2,2,2,2,2,2,
6.9,3.19557,2.68054,4.55979,2,2,2,2,2,2,2,2,2,2,2,2,2,2,2,1.01948,0.875327,0.81163,0.773863,0.751289,0.739844,0.737895,0.745187,0.762706,0.793252,0.843708,0.936981,2,2,2,2,2,2,2,2,2,2,2,2,2,2,2,2,2,2,2,2,2,2,2,2,2,2,2,2,2,2,2,2,2,2,2,2,2,2,2,2,2,2,2,2,2,2,2,2,2,2,2,2,2,2,2,2,2,2,2,2,2,2,2,
7,3.192,2.65729,4.70979,2,2,2,2,2,2,2,2,2,2,2,2,2,0.946604,0.849521,0.797733,0.766442,0.748423,0.740759,0.742405,0.753575,0.775865,0.813267,0.876288,1.01656,2,2,2,2,2,2,2,2,2,2,2,2,2,2,2,2,2,2,2,2,2,2,2,2,2,2,2,2,2,2,2,2,2,2,2,2,2,2,2,2,2,2,2,2,2,2,2,2,2,2,2,2,2,2,2,2,2,2,2,2,2,2,2,2,2,
7.1,3.19194,2.63381,4.55979,2,2,2,2,2,2,2,2,2,2,2,2,2,2,2,0.939475,0.849393,0.800118,0.770375,0.753587,0.747089,0.749994,0.76269,0.787046,0.827691,0.897396,1.09144,2,2,2,2,2,2,2,2,2,2,2,2,2,2,2,2,2,2,2,2,2,2,2,2,2,2,2,2,2,2,2,2,2,2,2,2,2,2,2,2,2,2,2,2,2,2,2,2,2,2,2,2,2,2,2,2,2,2,2,2,2,2,2,
7.2,3.18837,2.61061,4.70979,2,2,2,2,2,2,2,2,2,2,2,2,1.10236,0.901745,0.831559,0.790709,0.766268,0.753566,0.750724,0.757362,0.774388,0.804534,0.854557,0.946674,2,2,2,2,2,2,2,2,2,2,2,2,2,2,2,2,2,2,2,2,2,2,2,2,2,2,2,2,2,2,2,2,2,2,2,2,2,2,2,2,2,2,2,2,2,2,2,2,2,2,2,2,2,2,2,2,2,2,2,2,2,2,2,2,2,2,
7.3,3.18831,2.58717,4.55979,2,2,2,2,2,2,2,2,2,2,2,2,2,2,1.06208,0.900646,0.833992,0.794907,0.771732,0.760156,0.75848,0.766478,0.785272,0.818016,0.872677,0.978535,2,2,2,2,2,2,2,2,2,2,2,2,2,2,2,2,2,2,2,2,2,2,2,2,2,2,2,2,2,2,2,2,2,2,2,2,2,2,2,2,2,2,2,2,2,2,2,2,2,2,2,2,2,2,2,2,2,2,2,2,2,2,2,2,
7.4,3.18475,2.56403,4.70979,2,2,2,2,2,2,2,2,2,2,2,2,0.981162,0.87613,0.821721,0.789167,0.770578,0.762832,0.764839,0.776872,0.800719,0.840911,0.909899,1.09115,2,2,2,2,2,2,2,2,2,2,2,2,2,2,2,2,2,2,2,2,2,2,2,2,2,2,2,2,2,2,2,2,2,2,2,2,2,2,2,2,2,2,2,2,2,2,2,2,2,2,2,2,2,2,2,2,2,2,2,2,2,2,2,2,2,2,
7.5,3.18469,2.54063,4.55979,2,2,2,2,2,2,2,2,2,2,2,2,2,2,0.976728,0.878349,0.826128,0.794922,0.777437,0.770777,0.774005,0.787566,0.813546,0.857196,0.933761,2,2,2,2,2,2,2,2,2,2,2,2,2,2,2,2,2,2,2,2,2,2,2,2,2,2,2,2,2,2,2,2,2,2,2,2,2,2,2,2,2,2,2,2,2,2,2,2,2,2,2,2,2,2,2,2,2,2,2,2,2,2,2,2,2,
7.6,3.18114,2.51754,4.70979,2,2,2,2,2,2,2,2,2,2,2,2,0.937865,0.861615,0.818137,0.792337,0.779006,0.776085,0.78317,0.801271,0.833438,0.887428,0.991118,2,2,2,2,2,2,2,2,2,2,2,2,2,2,2,2,2,2,2,2,2,2,2,2,2,2,2,2,2,2,2,2,2,2,2,2,2,2,2,2,2,2,2,2,2,2,2,2,2,2,2,2,2,2,2,2,2,2,2,2,2,2,2,2,2,2,2,
7.7,3.18108,2.49419,4.55979,2,2,2,2,2,2,2,2,2,2,2,2,2,2,0.939186,0.866128,0.824169,0.799475,0.787164,0.785343,0.793758,0.813639,0.848498,0.907485,1.02828,2,2,2,2,2,2,2,2,2,2,2,2,2,2,2,2,2,2,2,2,2,2,2,2,2,2,2,2,2,2,2,2,2,2,2,2,2,2,2,2,2,2,2,2,2,2,2,2,2,2,2,2,2,2,2,2,2,2,2,2,2,2,2,2,2,
7.8,3.17753,2.47115,4.70979,2,2,2,2,2,2,2,2,2,2,2,1.03755,0.914435,0.854824,0.81969,0.799708,0.791322,0.793294,0.805903,0.83111,0.873987,0.949131,2,2,2,2,2,2,2,2,2,2,2,2,2,2,2,2,2,2,2,2,2,2,2,2,2,2,2,2,2,2,2,2,2,2,2,2,2,2,2,2,2,2,2,2,2,2,2,2,2,2,2,2,2,2,2,2,2,2,2,2,2,2,2,2,2,2,2,2,
7.9,3.17747,2.44786,4.55979,2,2,2,2,2,2,2,2,2,2,2,2,2,1.03471,0.918811,0.861104,0.827118,0.808104,0.800711,0.803842,0.817951,0.84531,0.891779,0.975276,2,2,2,2,2,2,2,2,2,2,2,2,2,2,2,2,2,2,2,2,2,2,2,2,2,2,2,2,2,2,2,2,2,2,2,2,2,2,2,2,2,2,2,2,2,2,2,2,2,2,2,2,2,2,2,2,2,2,2,2,2,2,2,2,2,2,
8,3.17394,2.42486,4.70979,2,2,2,2,2,2,2,2,2,2,2,0.989818,0.902122,0.853971,0.82566,0.810941,0.8074,0.814519,0.833363,0.867262,0.924953,1.04075,2,2,2,2,2,2,2,2,2,2,2,2,2,2,2,2,2,2,2,2,2,2,2,2,2,2,2,2,2,2,2,2,2,2,2,2,2,2,2,2,2,2,2,2,2,2,2,2,2,2,2,2,2,2,2,2,2,2,2,2,2,2,2,2,2,2,2,2,
8.1,3.17388,2.40162,4.55979,2,2,2,2,2,2,2,2,2,2,2,2,2,0.993278,0.908576,0.861701,0.834322,0.820501,0.817971,0.82636,0.846952,0.883562,0.946457,1.08298,2,2,2,2,2,2,2,2,2,2,2,2,2,2,2,2,2,2,2,2,2,2,2,2,2,2,2,2,2,2,2,2,2,2,2,2,2,2,2,2,2,2,2,2,2,2,2,2,2,2,2,2,2,2,2,2,2,2,2,2,2,2,2,2,2,2,
8.2,3.17035,2.37867,4.70979,2,2,2,2,2,2,2,2,2,2,1.13486,0.965965,0.89742,0.857982,0.835564,0.825812,0.827199,0.83993,0.866076,0.911173,0.991817,2,2,2,2,2,2,2,2,2,2,2,2,2,2,2,2,2,2,2,2,2,2,2,2,2,2,2,2,2,2,2,2,2,2,2,2,2,2,2,2,2,2,2,2,2,2,2,2,2,2,2,2,2,2,2,2,2,2,2,2,2,2,2,2,2,2,2,2,2,
8.3,3.17029,2.35549,4.55979,2,2,2,2,2,2,2,2,2,2,2,2,1.1294,0.972371,0.905456,0.86695,0.845342,0.836467,0.838925,0.853087,0.88134,0.930035,1.01946,2,2,2,2,2,2,2,2,2,2,2,2,2,2,2,2,2,2,2,2,2,2,2,2,2,2,2,2,2,2,2,2,2,2,2,2,2,2,2,2,2,2,2,2,2,2,2,2,2,2,2,2,2,2,2,2,2,2,2,2,2,2,2,2,2,2,2,
8.4,3.16677,2.33259,4.70979,2,2,2,2,2,2,2,2,2,2,1.06346,0.954226,0.898498,0.866159,0.849073,0.844194,0.850768,0.869822,0.904876,0.965436,1.09159,2,2,2,2,2,2,2,2,2,2,2,2,2,2,2,2,2,2,2,2,2,2,2,2,2,2,2,2,2,2,2,2,2,2,2,2,2,2,2,2,2,2,2,2,2,2,2,2,2,2,2,2,2,2,2,2,2,2,2,2,2,2,2,2,2,2,2,2,2,
8.5,3.16671,2.30946,4.55979,2,2,2,2,2,2,2,2,2,2,2,2,1.06875,0.962545,0.907821,0.876215,0.859877,0.855893,0.863638,0.884354,0.92204,0.987776,1.13716,2,2,2,2,2,2,2,2,2,2,2,2,2,2,2,2,2,2,2,2,2,2,2,2,2,2,2,2,2,2,2,2,2,2,2,2,2,2,2,2,2,2,2,2,2,2,2,2,2,2,2,2,2,2,2,2,2,2,2,2,2,2,2,2,2,2,2,
8.6,3.16319,2.28662,4.70979,2,2,2,2,2,2,2,2,2,2,1.03417,0.95042,0.904263,0.878028,0.865967,0.866037,0.878247,0.904672,0.951126,1.03557,2,2,2,2,2,2,2,2,2,2,2,2,2,2,2,2,2,2,2,2,2,2,2,2,2,2,2,2,2,2,2,2,2,2,2,2,2,2,2,2,2,2,2,2,2,2,2,2,2,2,2,2,2,2,2,2,2,2,2,2,2,2,2,2,2,2,2,2,2,2,
8.7,3.16313,2.26354,4.55979,2,2,2,2,2,2,2,2,2,2,2,2,1.04259,0.96016,0.914674,0.889059,0.877727,0.878743,0.89227,0.920679,0.970584,1.06366,2,2,2,2,2,2,2,2,2,2,2,2,2,2,2,2,2,2,2,2,2,2,2,2,2,2,2,2,2,2,2,2,2,2,2,2,2,2,2,2,2,2,2,2,2,2,2,2,2,2,2,2,2,2,2,2,2,2,2,2,2,2,2,2,2,2,2,2,
8.8,3.15963,2.24075,4.70979,2,2,2,2,2,2,2,2,2,1.18093,1.02039,0.952474,0.914003,0.893259,0.886108,0.891363,0.909886,0.945223,1.00724,1.13885,2,2,2,2,2,2,2,2,2,2,2,2,2,2,2,2,2,2,2,2,2,2,2,2,2,2,2,2,2,2,2,2,2,2,2,2,2,2,2,2,2,2,2,2,2,2,2,2,2,2,2,2,2,2,2,2,2,2,2,2,2,2,2,2,2,2,2,2,2,2,
8.9,3.15957,2.21772,4.55979,2,2,2,2,2,2,2,2,2,2,2,1.18689,1.03062,0.963348,0.925361,0.905178,0.898769,0.905056,0.925094,0.962878,1.02976,1.18386,2,2,2,2,2,2,2,2,2,2,2,2,2,2,2,2,2,2,2,2,2,2,2,2,2,2,2,2,2,2,2,2,2,2,2,2,2,2,2,2,2,2,2,2,2,2,2,2,2,2,2,2,2,2,2,2,2,2,2,2,2,2,2,2,2,2,2,2,
9,3.15607,2.19499,4.70979,2,2,2,2,2,2,2,2,2,1.12811,1.01576,0.959183,0.927235,0.911627,0.90943,0.920277,0.946086,0.992674,1.07826,2,2,2,2,2,2,2,2,2,2,2,2,2,2,2,2,2,2,2,2,2,2,2,2,2,2,2,2,2,2,2,2,2,2,2,2,2,2,2,2,2,2,2,2,2,2,2,2,2,2,2,2,2,2,2,2,2,2,2,2,2,2,2,2,2,2,2,2,2,2,2,
9.1,3.15588,2.11999,4.62154,2,2,2,2,2,2,2,2,2,2,1.14129,1.04399,0.992959,0.965055,0.953451,0.95596,0.973028,1.00809,1.07127,1.20731,2,2,2,2,2,2,2,2,2,2,2,2,2,2,2,2,2,2,2,2,2,2,2,2,2,2,2,2,2,2,2,2,2,2,2,2,2,2,2,2,2,2,2,2,2,2,2,2,2,2,2,2,2,2,2,2,2,2,2,2,2,2,2,2,2,2,2,2,2,2,
9.2,3.14907,2.0453,4.54021,2,2,2,2,2,2,2,2,2,2,2,1.14257,1.06377,1.02119,0.999577,0.994055,1.00358,1.02999,1.07981,1.17494,2,2,2,2,2,2,2,2,2,2,2,2,2,2,2,2,2,2,2,2,2,2,2,2,2,2,2,2,2,2,2,2,2,2,2,2,2,2,2,2,2,2,2,2,2,2,2,2,2,2,2,2,2,2,2,2,2,2,2,2,2,2,2,2,2,2,2,2,2,2,
9.3,3.13622,1.97141,4.46522,2,2,2,2,2,2,2,2,2,2,2,1.26854,1.1404,1.0795,1.04698,1.03351,1.03621,1.05564,1.09622,1.17198,1.38871,2,2,2,2,2,2,2,2,2,2,2,2,2,2,2,2,2,2,2,2,2,2,2,2,2,2,2,2,2,2,2,2,2,2,2,2,2,2,2,2,2,2,2,2,2,2,2,2,2,2,2,2,2,2,2,2,2,2,2,2,2,2,2,2,2,2,2,2,2,
9.4,3.11788,1.89869,4.39604,2,2,2,2,2,2,2,2,2,2,2,2,1.22456,1.13952,1.09497,1.07352,1.06994,1.0835,1.1172,1.18124,1.32149,2,2,2,2,2,2,2,2,2,2,2,2,2,2,2,2,2,2,2,2,2,2,2,2,2,2,2,2,2,2,2,2,2,2,2,2,2,2,2,2,2,2,2,2,2,2,2,2,2,2,2,2,2,2,2,2,2,2,2,2,2,2,2,2,2,2,2,2,2,
9.5,3.09454,1.82741,4.33219,2,2,2,2,2,2,2,2,2,2,2,2,1.32075,1.20081,1.14289,1.11345,1.10406,1.11262,1.14102,1.19726,1.31225,2,2,2,2,2,2,2,2,2,2,2,2,2,2,2,2,2,2,2,2,2,2,2,2,2,2,2,2,2,2,2,2,2,2,2,2,2,2,2,2,2,2,2,2,2,2,2,2,2,2,2,2,2,2,2,2,2,2,2,2,2,2,2,2,2,2,2,2,2,
9.6,3.06671,1.75777,4.27323,2,2,2,2,2,2,2,2,2,2,2,2,1.44703,1.26291,1.19014,1.1528,1.13806,1.14236,1.16667,1.2176,1.31937,2,2,2,2,2,2,2,2,2,2,2,2,2,2,2,2,2,2,2,2,2,2,2,2,2,2,2,2,2,2,2,2,2,2,2,2,2,2,2,2,2,2,2,2,2,2,2,2,2,2,2,2,2,2,2,2,2,2,2,2,2,2,2,2,2,2,2,2,2,
9.7,3.03482,1.68988,4.21875,2,2,2,2,2,2,2,2,2,2,2,2,2,1.32527,1.23613,1.19114,1.17159,1.17234,1.19356,1.24096,1.33541,2,2,2,2,2,2,2,2,2,2,2,2,2,2,2,2,2,2,2,2,2,2,2,2,2,2,2,2,2,2,2,2,2,2,2,2,2,2,2,2,2,2,2,2,2,2,2,2,2,2,2,2,2,2,2,2,2,2,2,2,2,2,2,2,2,2,2,2,2,
9.8,2.99929,1.62384,4.16839,2,2,2,2,2,2,2,2,2,2,2,2,2,1.38723,1.2803,1.22814,1.20442,1.20232,1.22135,1.26665,1.35754,2,2,2,2,2,2,2,2,2,2,2,2,2,2,2,2,2,2,2,2,2,2,2,2,2,2,2,2,2,2,2,2,2,2,2,2,2,2,2,2,2,2,2,2,2,2,2,2,2,2,2,2,2,2,2,2,2,2,2,2,2,2,2,2,2,2,2,2,2,
9.9,2.96047,1.55966,4.1218,2,2,2,2,2,2,2,2,2,2,2,2,2,1.44784,1.32216,1.26358,1.2364,1.23219,1.24987,1.29433,1.38451,2,2,2,2,2,2,2,2,2,2,2,2,2,2,2,2,2,2,2,2,2,2,2,2,2,2,2,2,2,2,2,2,2,2,2,2,2,2,2,2,2,2,2,2,2,2,2,2,2,2,2,2,2,2,2,2,2,2,2,2,2,2,2,2,2,2,2,2,2,
10,2.9187,1.49737,4.07867,2,2,2,2,2,2,2,2,2,2,2,2,2,1.50578,1.36129,1.29734,1.26752,1.26192,1.27909,1.32388,1.41588,2,2,2,2,2,2,2,2,2,2,2,2,2,2,2,2,2,2,2,2,2,2,2,2,2,2,2,2,2,2,2,2,2,2,2,2,2,2,2,2,2,2,2,2,2,2,2,2,2,2,2,2,2,2,2,2,2,2,2,2,2,2,2,2,2,2,2,2,2,
10.1,2.87429,1.43693,4.03872,2,2,2,2,2,2,2,2,2,2,2,2,2,1.55913,1.39746,1.32942,1.29782,1.2916,1.30907,1.35536,1.45174,2,2,2,2,2,2,2,2,2,2,2,2,2,2,2,2,2,2,2,2,2,2,2,2,2,2,2,2,2,2,2,2,2,2,2,2,2,2,2,2,2,2,2,2,2,2,2,2,2,2,2,2,2,2,2,2,2,2,2,2,2,2,2,2,2,2,2,2,2,
10.2,2.8275,1.37832,4.00169,2,2,2,2,2,2,2,2,2,2,2,2,2,1.60542,1.43059,1.35991,1.32744,1.32136,1.33996,1.38893,1.49259,2,2,2,2,2,2,2,2,2,2,2,2,2,2,2,2,2,2,2,2,2,2,2,2,2,2,2,2,2,2,2,2,2,2,2,2,2,2,2,2,2,2,2,2,2,2,2,2,2,2,2,2,2,2,2,2,2,2,2,2,2,2,2,2,2,2,2,2,2,
10.3,2.77858,1.32147,3.96735,2,2,2,2,2,2,2,2,2,2,2,2,2,1.64234,1.46081,1.38901,1.35657,1.35139,1.37197,1.42492,1.53954,2,2,2,2,2,2,2,2,2,2,2,2,2,2,2,2,2,2,2,2,2,2,2,2,2,2,2,2,2,2,2,2,2,2,2,2,2,2,2,2,2,2,2,2,2,2,2,2,2,2,2,2,2,2,2,2,2,2,2,2,2,2,2,2,2,2,2,2,2,
10.4,2.72773,1.26634,3.93546,2,2,2,2,2,2,2,2,2,2,2,2,2,1.66924,1.48844,1.41699,1.38545,1.38193,1.40537,1.46376,1.59466,2,2,2,2,2,2,2,2,2,2,2,2,2,2,2,2,2,2,2,2,2,2,2,2,2,2,2,2,2,2,2,2,2,2,2,2,2,2,2,2,2,2,2,2,2,2,2,2,2,2,2,2,2,2,2,2,2,2,2,2,2,2,2,2,2,2,2,2,2,
10.5,2.67514,1.21286,3.90584,2,2,2,2,2,2,2,2,2,2,2,2,2,1.68782,1.51396,1.44417,1.41437,1.41326,1.44049,1.50606,1.6623,2,2,2,2,2,2,2,2,2,2,2,2,2,2,2,2,2,2,2,2,2,2,2,2,2,2,2,2,2,2,2,2,2,2,2,2,2,2,2,2,2,2,2,2,2,2,2,2,2,2,2,2,2,2,2,2,2,2,2,2,2,2,2,2,2,2,2,2,2,
10.6,2.621,1.16096,3.87831,2,2,2,2,2,2,2,2,2,2,2,2,2,1.701,1.53789,1.47092,1.44361,1.44566,1.47772,1.55264,1.75567,2,2,2,2,2,2,2,2,2,2,2,2,2,2,2,2,2,2,2,2,2,2,2,2,2,2,2,2,2,2,2,2,2,2,2,2,2,2,2,2,2,2,2,2,2,2,2,2,2,2,2,2,2,2,2,2,2,2,2,2,2,2,2,2,2,2,2,2,2,
10.7,2.56545,1.11057,3.85268,2,2,2,2,2,2,2,2,2,2,2,2,2,1.71144,1.56081,1.4976,1.4735,1.47947,1.51751,1.60471,2,2,2,2,2,2,2,2,2,2,2,2,2,2,2,2,2,2,2,2,2,2,2,2,2,2,2,2,2,2,2,2,2,2,2,2,2,2,2,2,2,2,2,2,2,2,2,2,2,2,2,2,2,2,2,2,2,2,2,2,2,2,2,2,2,2,2,2,2,2,
10.8,2.50863,1.06162,3.82881,2,2,2,2,2,2,2,2,2,2,2,2,2,1.72101,1.58328,1.52457,1.50434,1.51503,1.56041,1.66414,2,2,2,2,2,2,2,2,2,2,2,2,2,2,2,2,2,2,2,2,2,2,2,2,2,2,2,2,2,2,2,2,2,2,2,2,2,2,2,2,2,2,2,2,2,2,2,2,2,2,2,2,2,2,2,2,2,2,2,2,2,2,2,2,2,2,2,2,2,2,
10.9,2.45065,1.01404,3.80656,2,2,2,2,2,2,2,2,2,2,2,2,2,1.7309,1.60579,1.55217,1.53644,1.55273,1.60713,1.73432,2,2,2,2,2,2,2,2,2,2,2,2,2,2,2,2,2,2,2,2,2,2,2,2,2,2,2,2,1.98801,1.98855,2,2,2,2,2,2,2,2,2,2,2,2,2,2,2,2,2,2,2,2,2,2,2,2,2,2,2,2,2,2,2,2,2,2,2,2,2,2,2,2,
11,2.39163,0.967767,3.7858,2,2,2,2,2,2,2,2,2,2,2,2,2,1.74185,1.62879,1.58075,1.57014,1.59298,1.65857,1.823,2,2,2,2,2,2,2,2,2,2,2,2,2,2,2,2,2,2,2,2,2,2,2,2,2,2,2,2,1.92952,1.91034,1.93883,2,2,2,2,2,2,2,2,2,2,2,2,2,2,2,2,2,2,2,2,2,2,2,2,2,2,2,2,2,2,2,2,2,2,2,2,2,2,2,
11.1,2.33166,0.922725,3.76641,2,2,2,2,2,2,2,2,2,2,2,2,2,1.75435,1.65267,1.6106,1.60575,1.63626,1.71601,1.96754,2,2,2,2,2,2,2,2,2,2,2,2,2,2,2,2,2,2,2,2,2,2,2,2,2,2,2,1.98409,1.87851,1.84104,1.84893,1.90604,2,2,2,2,2,2,2,2,2,2,2,2,2,2,2,2,2,2,2,2,2,2,2,2,2,2,2,2,2,2,2,2,2,2,2,2,2,2,
11.2,2.27083,0.878853,3.74828,2,2,2,2,2,2,2,2,2,2,2,2,2,1.7687,1.67775,1.64201,1.64359,1.68314,1.78147,2,2,2,2,2,2,2,2,2,2,2,2,2,2,2,2,2,2,2,2,2,2,2,2,2,2,2,2,1.97944,1.83491,1.77919,1.76972,1.80214,1.89391,2,2,2,2,2,2,2,2,2,2,2,2,2,2,2,2,2,2,2,2,2,2,2,2,2,2,2,2,2,2,2,2,2,2,2,2,2,
11.3,2.20922,0.836092,3.73131,2,2,2,2,2,2,2,2,2,2,2,2,2,1.7851,1.70431,1.67525,1.68403,1.73433,1.85856,2,2,2,2,2,2,2,2,2,2,2,2,2,2,2,2,2,2,2,2,2,2,2,2,2,2,2,2,2,1.79944,1.72401,1.69891,1.71234,1.77011,1.91616,2,2,2,2,2,2,2,2,2,2,2,2,2,2,2,2,2,2,2,2,2,2,2,2,2,2,2,2,2,2,2,2,2,2,2,2,
11.4,2.14689,0.794382,3.71541,2,2,2,2,2,2,2,2,2,2,2,2,2,1.80368,1.73258,1.71058,1.72746,1.79079,1.95572,2,2,2,2,2,2,2,2,2,2,2,2,2,2,2,2,2,2,2,2,2,2,2,2,2,2,2,2,2,1.77417,1.67525,1.63519,1.63286,1.66737,1.75555,2,2,2,2,2,2,2,2,2,2,2,2,2,2,2,2,2,2,2,2,2,2,2,2,2,2,2,2,2,2,2,2,2,2,2,2,
11.5,2.0839,0.753669,3.7005,2,2,2,2,2,2,2,2,2,2,2,2,1.98651,1.82454,1.76279,1.74827,1.77433,1.8539,2,2,2,2,2,2,2,2,2,2,2,2,2,2,2,2,2,2,2,2,2,2,2,2,2,2,2,2,2,2,1.76433,1.63316,1.57779,1.5616,1.57837,1.63456,1.76801,2,2,2,2,2,2,2,2,2,2,2,2,2,2,2,2,2,2,2,2,2,2,2,2,2,2,2,2,2,2,2,2,2,2,2,
11.6,2.02031,0.713899,3.6865,2,2,2,2,2,2,2,2,2,2,2,2,1.98495,1.84775,1.79511,1.78859,1.82517,1.92584,2,2,2,2,2,2,2,2,2,2,2,2,2,2,2,2,2,2,2,2,2,2,2,2,2,2,2,2,2,2,1.78884,1.59873,1.52644,1.49732,1.49956,1.53392,1.61533,1.88692,2,2,2,2,2,2,2,2,2,2,2,2,2,2,2,2,2,2,2,2,2,2,2,2,2,2,2,2,2,2,2,2,2,2,
11.7,1.95617,0.675024,3.67333,2,2,2,2,2,2,2,2,2,2,2,2,1.99117,1.87337,1.82972,1.83183,1.88069,2,2,2,2,2,2,2,2,2,2,2,2,2,2,2,2,2,2,2,2,2,2,2,2,2,2,2,2,2,2,2,2,1.57415,1.48124,1.43932,1.42895,1.44677,1.49884,1.61467,2,2,2,2,2,2,2,2,2,2,2,2,2,2,2,2,2,2,2,2,2,2,2,2,2,2,2,2,2,2,2,2,2,2,
11.8,1.89153,0.636997,3.66093,2,2,2,2,2,2,2,2,2,2,2,2,2,1.90145,1.8668,1.87831,1.94183,2,2,2,2,2,2,2,2,2,2,2,2,2,2,2,2,2,2,2,2,2,2,2,2,2,2,2,2,2,2,2,2,1.56474,1.44282,1.38734,1.3654,1.36977,1.40173,1.47326,1.65383,2,2,2,2,2,2,2,2,2,2,2,2,2,2,2,2,2,2,2,2,2,2,2,2,2,2,2,2,2,2,2,2,2,
11.9,1.82642,0.599774,3.64925,2,2,2,2,2,2,2,2,2,2,2,2,2,1.93203,1.90652,1.92844,2,2,2,2,2,2,2,2,2,2,2,2,2,2,2,2,2,2,2,2,2,2,2,2,2,2,2,2,2,2,2,2,2,1.58903,1.41257,1.34146,1.30829,1.30107,1.31779,1.36339,1.45866,2,2,2,2,2,2,2,2,2,2,2,2,2,2,2,2,2,2,2,2,2,2,2,2,2,2,2,2,2,2,2,2,2,
12,1.76088,0.563314,3.63822,2,2,2,2,2,2,2,2,2,2,2,2,2,1.96518,1.94908,1.98268,2,2,2,2,2,2,2,2,2,2,2,2,2,2,2,2,2,2,2,2,2,2,2,2,2,2,2,2,2,2,2,2,2,2,1.39346,1.30221,1.25738,1.23961,1.24396,1.27156,1.33105,1.45982,2,2,2,2,2,2,2,2,2,2,2,2,2,2,2,2,2,2,2,2,2,2,2,2,2,2,2,2,2,2,2,2,
12.1,1.69494,0.527579,3.6278,2,2,2,2,2,2,2,2,2,2,2,2,2,2,1.99468,2,2,2,2,2,2,2,2,2,2,2,2,2,2,2,2,2,2,2,2,2,2,2,2,2,2,2,2,2,2,2,2,2,2,2,1.39288,1.27076,1.21281,1.18485,1.17856,1.19241,1.22989,1.30429,1.49938,2,2,2,2,2,2,2,2,2,2,2,2,2,2,2,2,2,2,2,2,2,2,2,2,2,2,2,2,2,2,2,
12.2,1.62863,0.492534,3.61794,2,2,2,2,2,2,2,2,2,2,2,2,2,2,2,2,2,2,2,2,2,2,2,2,2,2,2,2,2,2,2,2,2,2,2,2,2,2,2,2,2,2,2,2,2,2,2,2,2,2,1.44521,1.24947,1.17514,1.13667,1.12066,1.12329,1.14512,1.19179,1.28298,2,2,2,2,2,2,2,2,2,2,2,2,2,2,2,2,2,2,2,2,2,2,2,2,2,2,2,2,2,2,2,
12.3,1.56198,0.458143,3.60859,2,2,2,2,2,2,2,2,2,2,2,2,2,2,2,2,2,2,2,2,2,2,2,2,2,2,2,2,2,2,2,2,2,2,2,2,2,2,2,2,2,2,2,2,2,2,2,2,2,2,2,1.24366,1.1456,1.09529,1.06986,1.06274,1.07245,1.10104,1.15632,1.26748,2,2,2,2,2,2,2,2,2,2,2,2,2,2,2,2,2,2,2,2,2,2,2,2,2,2,2,2,2,2,
12.4,1.49501,0.424378,3.59973,2,2,2,2,2,2,2,2,2,2,2,2,2,2,2,2,2,2,2,2,2,2,2,2,2,2,2,2,2,2,2,2,2,2,2,2,2,2,2,2,2,2,2,2,2,2,2,2,2,2,2,1.27069,1.12655,1.06145,1.02614,1.01002,1.00967,1.02502,1.0593,1.12257,1.25916,2,2,2,2,2,2,2,2,2,2,2,2,2,2,2,2,2,2,2,2,2,2,2,2,2,2,2,2,2,
12.5,1.42774,0.391207,3.59129,2,2,2,2,2,2,2,2,2,2,2,2,2,2,2,2,2,2,2,2,2,2,2,2,2,2,2,2,2,2,2,2,2,2,2,2,2,2,2,2,2,2,2,2,2,2,2,2,2,2,2,2,1.12331,1.0366,0.98995,0.964899,0.955646,0.960479,0.980268,1.01918,1.08962,1.26317,2,2,2,2,2,2,2,2,2,2,2,2,2,2,2,2,2,2,2,2,2,2,2,2,2,2,2,2,
12.6,1.3602,0.358605,3.58327,2,2,2,2,2,2,2,2,2,2,2,2,2,2,2,2,2,2,2,2,2,2,2,2,2,2,2,2,2,2,2,2,2,2,2,2,2,2,2,2,2,2,2,2,2,2,2,2,2,2,2,2,1.15253,1.02365,0.962302,0.927589,0.909875,0.905742,0.914495,0.937648,0.980124,1.05657,2,2,2,2,2,2,2,2,2,2,2,2,2,2,2,2,2,2,2,2,2,2,2,2,2,2,2,2,
12.7,1.2924,0.326546,3.57561,2,2,2,2,2,2,2,2,2,2,2,2,2,2,2,2,2,2,2,2,2,2,2,2,2,2,2,2,2,2,2,2,2,2,2,2,2,2,2,2,2,2,2,2,2,2,2,2,2,2,2,2,2,1.02936,0.94522,0.898848,0.872381,0.860021,0.85968,0.871305,0.896842,0.941766,1.02259,2,2,2,2,2,2,2,2,2,2,2,2,2,2,2,2,2,2,2,2,2,2,2,2,2,2,2,
12.8,1.2835,0.322423,3.65432,2,2,2,2,2,2,2,2,2,2,2,2,2,2,2,2,2,2,2,2,2,2,2,2,2,2,2,2,2,2,2,2,2,2,2,2,2,2,2,2,2,2,2,2,2,2,2,2,2,2,2,2,1.01691,0.936222,0.891311,0.865691,0.853888,0.853934,0.865839,0.891586,0.936695,1.01783,2,2,2,2,2,2,2,2,2,2,2,2,2,2,2,2,2,2,2,2,2,2,2,2,2,2,2,2,
12.9,1.27503,0.317652,3.73579,2,2,2,2,2,2,2,2,2,2,2,2,2,2,2,2,2,2,2,2,2,2,2,2,2,2,2,2,2,2,2,2,2,2,2,2,2,2,2,2,2,2,2,2,2,2,2,2,2,2,2,0.999417,0.924286,0.881854,0.857756,0.847046,0.847975,0.860688,0.887308,0.933631,1.01745,2,2,2,2,2,2,2,2,2,2,2,2,2,2,2,2,2,2,2,2,2,2,2,2,2,2,2,2,2,
13,1.26703,0.312251,3.81999,2,2,2,2,2,2,2,2,2,2,2,2,2,2,2,2,2,2,2,2,2,2,2,2,2,2,2,2,2,2,2,2,2,2,2,2,2,2,2,2,2,2,2,2,2,2,2,2,2,1.14322,0.978055,0.909863,0.870741,0.848761,0.839639,0.841928,0.855976,0.884152,0.932796,1.02214,2,2,2,2,2,2,2,2,2,2,2,2,2,2,2,2,2,2,2,2,2,2,2,2,2,2,2,2,2,2,
13.1,1.25958,0.306243,3.90621,2,2,2,2,2,2,2,2,2,2,2,2,2,2,2,2,2,2,2,2,2,2,2,2,2,2,2,2,2,2,2,2,2,2,2,2,2,2,2,2,2,2,2,2,2,2,2,2,1.08235,0.954809,0.893937,0.858568,0.839081,0.831894,0.835898,0.851697,0.88201,0.934002,1.03209,2,2,2,2,2,2,2,2,2,2,2,2,2,2,2,2,2,2,2,2,2,2,2,2,2,2,2,2,2,2,2,
13.2,1.25272,0.299664,3.99512,2,2,2,2,2,2,2,2,2,2,2,2,2,2,2,2,2,2,2,2,2,2,2,2,2,2,2,2,2,2,2,2,2,2,2,2,2,2,2,2,2,2,2,2,2,2,2,1.03142,0.929823,0.876576,0.845421,0.828857,0.824026,0.830202,0.84832,0.881598,0.93853,1.05166,2,2,2,2,2,2,2,2,2,2,2,2,2,2,2,2,2,2,2,2,2,2,2,2,2,2,2,2,2,2,2,2,
13.3,1.24652,0.292553,4.08669,2,2,2,2,2,2,2,2,2,2,2,2,2,2,2,2,2,2,2,2,2,2,2,2,2,2,2,2,2,2,2,2,2,2,2,2,2,2,2,2,2,2,2,2,2,2,0.985904,0.904056,0.858377,0.831728,0.818438,0.816354,0.825169,0.846234,0.883485,0.947567,1.08985,2,2,2,2,2,2,2,2,2,2,2,2,2,2,2,2,2,2,2,2,2,2,2,2,2,2,2,2,2,2,2,2,2,
13.4,1.24103,0.284955,4.18158,2,2,2,2,2,2,2,2,2,2,2,2,2,2,2,2,2,2,2,2,2,2,2,2,2,2,2,2,2,2,2,2,2,2,2,2,2,2,2,2,2,2,2,2,1.09532,0.9436,0.877846,0.839647,0.817796,0.808176,0.809315,0.821378,0.846267,0.889017,0.964147,2,2,2,2,2,2,2,2,2,2,2,2,2,2,2,2,2,2,2,2,2,2,2,2,2,2,2,2,2,2,2,2,2,2,2,
13.5,1.23631,0.276921,4.27913,2,2,2,2,2,2,2,2,2,2,2,2,2,2,2,2,2,2,2,2,2,2,2,2,2,2,2,2,2,2,2,2,2,2,2,2,2,2,2,2,2,2,2,1.00502,0.90516,0.852461,0.821308,0.804317,0.798613,0.803367,0.819265,0.848945,0.899159,0.9921,2,2,2,2,2,2,2,2,2,2,2,2,2,2,2,2,2,2,2,2,2,2,2,2,2,2,2,2,2,2,2,2,2,2,2,2,
13.6,1.23242,0.268512,4.38003,2,2,2,2,2,2,2,2,2,2,2,2,2,2,2,2,2,2,2,2,2,2,2,2,2,2,2,2,2,2,2,2,2,2,2,2,2,2,2,2,2,2,0.942168,0.86975,0.828129,0.803723,0.791724,0.790284,0.799201,0.819795,0.855778,0.916945,1.04649,2,2,2,2,2,2,2,2,2,2,2,2,2,2,2,2,2,2,2,2,2,2,2,2,2,2,2,2,2,2,2,2,2,2,2,2,2,
13.7,1.22941,0.259798,4.48364,2,2,2,2,2,2,2,2,2,2,2,2,2,2,2,2,2,2,2,2,2,2,2,2,2,2,2,2,2,2,2,2,2,2,2,2,2,2,2,2,0.996443,0.892148,0.837962,0.805736,0.787666,0.780694,0.78382,0.797481,0.82381,0.868216,0.946625,2,2,2,2,2,2,2,2,2,2,2,2,2,2,2,2,2,2,2,2,2,2,2,2,2,2,2,2,2,2,2,2,2,2,2,2,2,2,2,
13.8,1.22733,0.250858,4.59067,2,2,2,2,2,2,2,2,2,2,2,2,2,2,2,2,2,2,2,2,2,2,2,2,2,2,2,2,2,2,2,2,2,2,2,2,2,2,1.10789,0.919719,0.849961,0.809466,0.785542,0.773603,0.771856,0.780061,0.799392,0.833179,0.889956,1.00282,2,2,2,2,2,2,2,2,2,2,2,2,2,2,2,2,2,2,2,2,2,2,2,2,2,2,2,2,2,2,2,2,2,2,2,2,2,2,2,2,
13.9,1.22622,0.241777,4.7018,2,2,2,2,2,2,2,2,2,2,2,2,2,2,2,2,2,2,2,2,2,2,2,2,2,2,2,2,2,2,2,2,2,2,2,2,2,0.952402,0.862845,0.813802,0.784377,0.768067,0.762261,0.766155,0.780281,0.806812,0.851156,0.929187,2,2,2,2,2,2,2,2,2,2,2,2,2,2,2,2,2,2,2,2,2,2,2,2,2,2,2,2,2,2,2,2,2,2,2,2,2,2,2,2,2,2,
14,1.22612,0.232653,4.58713,2,2,2,2,2,2,2,2,2,2,2,2,2,2,2,2,2,2,2,2,2,2,2,2,2,2,2,2,2,2,2,2,2,2,2,2,2,2,1.05936,0.896572,0.829806,0.790629,0.767327,0.755569,0.753634,0.761263,0.779516,0.811404,0.864472,0.965358,2,2,2,2,2,2,2,2,2,2,2,2,2,2,2,2,2,2,2,2,2,2,2,2,2,2,2,2,2,2,2,2,2,2,2,2,2,2,2,2,
14.1,1.22499,0.223614,4.69716,2,2,2,2,2,2,2,2,2,2,2,2,2,2,2,2,2,2,2,2,2,2,2,2,2,2,2,2,2,2,2,2,2,2,2,2,2,0.928644,0.8428,0.795144,0.766341,0.750206,0.744217,0.747565,0.760695,0.785549,0.826902,0.898068,2,2,2,2,2,2,2,2,2,2,2,2,2,2,2,2,2,2,2,2,2,2,2,2,2,2,2,2,2,2,2,2,2,2,2,2,2,2,2,2,2,2,
14.2,1.22485,0.214528,4.58296,2,2,2,2,2,2,2,2,2,2,2,2,2,2,2,2,2,2,2,2,2,2,2,2,2,2,2,2,2,2,2,2,2,2,2,2,2,2,1.0217,0.874373,0.810159,0.772113,0.74932,0.73766,0.735471,0.742467,0.759588,0.789539,0.838942,0.929315,2,2,2,2,2,2,2,2,2,2,2,2,2,2,2,2,2,2,2,2,2,2,2,2,2,2,2,2,2,2,2,2,2,2,2,2,2,2,2,2,
14.3,1.22368,0.20553,4.69255,2,2,2,2,2,2,2,2,2,2,2,2,2,2,2,2,2,2,2,2,2,2,2,2,2,2,2,2,2,2,2,2,2,2,2,2,2,0.904985,0.822762,0.776502,0.748338,0.732399,0.726253,0.729091,0.74128,0.764552,0.803133,0.868284,1.02235,2,2,2,2,2,2,2,2,2,2,2,2,2,2,2,2,2,2,2,2,2,2,2,2,2,2,2,2,2,2,2,2,2,2,2,2,2,2,2,2,2,
14.4,1.2235,0.19648,4.80566,2,2,2,2,2,2,2,2,2,2,2,2,2,2,2,2,2,2,2,2,2,2,2,2,2,2,2,2,2,2,2,2,2,2,2,0.942855,0.83597,0.781102,0.747837,0.728074,0.718559,0.718008,0.72635,0.744696,0.775966,0.8273,0.923086,2,2,2,2,2,2,2,2,2,2,2,2,2,2,2,2,2,2,2,2,2,2,2,2,2,2,2,2,2,2,2,2,2,2,2,2,2,2,2,2,2,2,2,
14.5,1.22518,0.178482,4.80629,2,2,2,2,2,2,2,2,2,2,2,2,2,2,2,2,2,2,2,2,2,2,2,2,2,2,2,2,2,2,2,2,2,2,2,0.900931,0.808515,0.758362,0.727603,0.709373,0.700833,0.70087,0.70949,0.727815,0.758708,0.80909,0.902161,2,2,2,2,2,2,2,2,2,2,2,2,2,2,2,2,2,2,2,2,2,2,2,2,2,2,2,2,2,2,2,2,2,2,2,2,2,2,2,2,2,2,2,
14.6,1.22687,0.160502,4.80692,2,2,2,2,2,2,2,2,2,2,2,2,2,2,2,2,2,2,2,2,2,2,2,2,2,2,2,2,2,2,2,2,2,2,2,0.86299,0.781909,0.736011,0.707591,0.690816,0.683203,0.683799,0.692675,0.710961,0.741464,0.790884,0.881272,2,2,2,2,2,2,2,2,2,2,2,2,2,2,2,2,2,2,2,2,2,2,2,2,2,2,2,2,2,2,2,2,2,2,2,2,2,2,2,2,2,2,2,
14.7,1.22858,0.142536,4.80755,2,2,2,2,2,2,2,2,2,2,2,2,2,2,2,2,2,2,2,2,2,2,2,2,2,2,2,2,2,2,2,2,2,2,2,0.827895,0.756061,0.714022,0.687792,0.672394,0.665665,0.66679,0.6759,0.694132,0.724232,0.772679,0.860416,2,2,2,2,2,2,2,2,2,2,2,2,2,2,2,2,2,2,2,2,2,2,2,2,2,2,2,2,2,2,2,2,2,2,2,2,2,2,2,2,2,2,2,
14.8,1.23029,0.124579,4.80818,2,2,2,2,2,2,2,2,2,2,2,2,2,2,2,2,2,2,2,2,2,2,2,2,2,2,2,2,2,2,2,2,2,2,0.950981,0.794972,0.730892,0.692371,0.668193,0.654101,0.648212,0.649837,0.659161,0.677321,0.707003,0.754468,0.839583,2,2,2,2,2,2,2,2,2,2,2,2,2,2,2,2,2,2,2,2,2,2,2,2,2,2,2,2,2,2,2,2,2,2,2,2,2,2,2,2,2,2,2,
14.9,1.23202,0.106628,4.80881,2,2,2,2,2,2,2,2,2,2,2,2,2,2,2,2,2,2,2,2,2,2,2,2,2,2,2,2,2,2,2,2,2,2,0.883,0.763786,0.706338,0.671039,0.648785,0.635932,0.630841,0.632937,0.642453,0.660526,0.689776,0.736249,0.818771,2,2,2,2,2,2,2,2,2,2,2,2,2,2,2,2,2,2,2,2,2,2,2,2,2,2,2,2,2,2,2,2,2,2,2,2,2,2,2,2,2,2,2,
15,1.23375,0.0886761,4.80944,2,2,2,2,2,2,2,2,2,2,2,2,2,2,2,2,2,2,2,2,2,2,2,2,2,2,2,2,2,2,2,2,2,2,0.832045,0.734034,0.682346,0.650005,0.629559,0.617879,0.613545,0.616086,0.625774,0.643742,0.672546,0.718015,0.797973,2,2,2,2,2,2,2,2,2,2,2,2,2,2,2,2,2,2,2,2,2,2,2,2,2,2,2,2,2,2,2,2,2,2,2,2,2,2,2,2,2,2,2,
15.1,1.2355,0.0707206,4.81007,2,2,2,2,2,2,2,2,2,2,2,2,2,2,2,2,2,2,2,2,2,2,2,2,2,2,2,2,2,2,2,2,2,2,0.788617,0.705494,0.658867,0.629253,0.610505,0.599937,0.596322,0.599278,0.609117,0.626964,0.655308,0.699764,0.777184,2,2,2,2,2,2,2,2,2,2,2,2,2,2,2,2,2,2,2,2,2,2,2,2,2,2,2,2,2,2,2,2,2,2,2,2,2,2,2,2,2,2,2,
15.2,1.23726,0.0527568,4.8107,2,2,2,2,2,2,2,2,2,2,2,2,2,2,2,2,2,2,2,2,2,2,2,2,2,2,2,2,2,2,2,2,2,2,0.749766,0.677999,0.635862,0.608768,0.591616,0.5821,0.579165,0.582511,0.59248,0.610189,0.638058,0.681489,0.756398,2,2,2,2,2,2,2,2,2,2,2,2,2,2,2,2,2,2,2,2,2,2,2,2,2,2,2,2,2,2,2,2,2,2,2,2,2,2,2,2,2,2,2,
15.3,1.23903,0.0347801,4.81133,2,2,2,2,2,2,2,2,2,2,2,2,2,2,2,2,2,2,2,2,2,2,2,2,2,2,2,2,2,2,2,2,2,0.875855,0.714097,0.651419,0.613295,0.588533,0.572882,0.564363,0.562071,0.565779,0.575858,0.593412,0.620792,0.663187,0.735611,2,2,2,2,2,2,2,2,2,2,2,2,2,2,2,2,2,2,2,2,2,2,2,2,2,2,2,2,2,2,2,2,2,2,2,2,2,2,2,2,2,2,2,
15.4,1.24082,0.0167862,4.81196,2,2,2,2,2,2,2,2,2,2,2,2,2,2,2,2,2,2,2,2,2,2,2,2,2,2,2,2,2,2,2,2,2,0.795024,0.680819,0.625648,0.591134,0.568536,0.554296,0.54672,0.545034,0.54908,0.559248,0.576629,0.603505,0.644854,0.714817,2,2,2,2,2,2,2,2,2,2,2,2,2,2,2,2,2,2,2,2,2,2,2,2,2,2,2,2,2,2,2,2,2,2,2,2,2,2,2,2,2,2,2,
15.5,1.24262,-0.00122934,4.81259,2,2,2,2,2,2,2,2,2,2,2,2,2,2,2,2,2,2,2,2,2,2,2,2,2,2,2,2,2,2,2,2,2,0.740305,0.649434,0.600602,0.569353,0.548764,0.535852,0.529166,0.528052,0.532408,0.542645,0.559836,0.586193,0.626484,0.69401,2,2,2,2,2,2,2,2,2,2,2,2,2,2,2,2,2,2,2,2,2,2,2,2,2,2,2,2,2,2,2,2,2,2,2,2,2,2,2,2,2,2,2,
15.6,1.24443,-0.019271,4.81323,2,2,2,2,2,2,2,2,2,2,2,2,2,2,2,2,2,2,2,2,2,2,2,2,2,2,2,2,2,2,2,2,2,0.694945,0.619597,0.57621,0.547926,0.529206,0.517543,0.511697,0.511119,0.51576,0.526045,0.543029,0.568851,0.608073,0.673186,2,2,2,2,2,2,2,2,2,2,2,2,2,2,2,2,2,2,2,2,2,2,2,2,2,2,2,2,2,2,2,2,2,2,2,2,2,2,2,2,2,2,2,
15.7,1.24626,-0.0373433,4.81386,2,2,2,2,2,2,2,2,2,2,2,2,2,2,2,2,2,2,2,2,2,2,2,2,2,2,2,2,2,2,2,2,2,0.654936,0.591061,0.552411,0.526831,0.50985,0.499361,0.494307,0.494232,0.499131,0.509444,0.526203,0.551475,0.589617,0.652338,2,2,2,2,2,2,2,2,2,2,2,2,2,2,2,2,2,2,2,2,2,2,2,2,2,2,2,2,2,2,2,2,2,2,2,2,2,2,2,2,2,2,2,
15.8,1.24811,-0.0554506,4.8145,2,2,2,2,2,2,2,2,2,2,2,2,2,2,2,2,2,2,2,2,2,2,2,2,2,2,2,2,2,2,2,2,0.737849,0.618538,0.563643,0.529157,0.506048,0.490688,0.481301,0.476991,0.477386,0.482519,0.492838,0.509355,0.534061,0.57111,0.631462,0.798714,2,2,2,2,2,2,2,2,2,2,2,2,2,2,2,2,2,2,2,2,2,2,2,2,2,2,2,2,2,2,2,2,2,2,2,2,2,2,2,2,2,2,
15.9,1.24997,-0.0735974,4.81513,2,2,2,2,2,2,2,2,2,2,2,2,2,2,2,2,2,2,2,2,2,2,2,2,2,2,2,2,2,2,2,2,0.674158,0.584805,0.537201,0.506404,0.48556,0.471709,0.463357,0.459747,0.460579,0.465919,0.476224,0.49248,0.516604,0.552549,0.610552,0.755598,2,2,2,2,2,2,2,2,2,2,2,2,2,2,2,2,2,2,2,2,2,2,2,2,2,2,2,2,2,2,2,2,2,2,2,2,2,2,2,2,2,2,
16,1.25184,-0.0917882,4.81577,2,2,2,2,2,2,2,2,2,2,2,2,2,2,2,2,2,2,2,2,2,2,2,2,2,2,2,2,2,2,2,2,0.624761,0.553154,0.511619,0.484113,0.46535,0.452905,0.445524,0.442569,0.443804,0.449328,0.459597,0.475574,0.499099,0.533928,0.589604,0.719483,2,2,2,2,2,2,2,2,2,2,2,2,2,2,2,2,2,2,2,2,2,2,2,2,2,2,2,2,2,2,2,2,2,2,2,2,2,2,2,2,2,2,
16.1,1.25373,-0.110028,4.81641,2,2,2,2,2,2,2,2,2,2,2,2,2,2,2,2,2,2,2,2,2,2,2,2,2,2,2,2,2,2,2,2,0.582405,0.523194,0.486808,0.462253,0.445404,0.434268,0.427796,0.425453,0.42706,0.432741,0.442954,0.458633,0.481542,0.515243,0.568612,0.686463,2,2,2,2,2,2,2,2,2,2,2,2,2,2,2,2,2,2,2,2,2,2,2,2,2,2,2,2,2,2,2,2,2,2,2,2,2,2,2,2,2,2,
16.2,1.25564,-0.12832,4.81705,2,2,2,2,2,2,2,2,2,2,2,2,2,2,2,2,2,2,2,2,2,2,2,2,2,2,2,2,2,2,2,0.646298,0.5445,0.494647,0.462692,0.440795,0.425708,0.415791,0.410168,0.408395,0.410343,0.416156,0.42629,0.441652,0.463929,0.496489,0.54757,0.655284,2,2,2,2,2,2,2,2,2,2,2,2,2,2,2,2,2,2,2,2,2,2,2,2,2,2,2,2,2,2,2,2,2,2,2,2,2,2,2,2,2,2,
16.3,1.25757,-0.14667,4.8177,2,2,2,2,2,2,2,2,2,2,2,2,2,2,2,2,2,2,2,2,2,2,2,2,2,2,2,2,2,2,2,0.585517,0.509762,0.467309,0.439207,0.419713,0.406249,0.397467,0.392636,0.391392,0.393649,0.399568,0.409603,0.424628,0.446255,0.477661,0.526473,0.625348,2,2,2,2,2,2,2,2,2,2,2,2,2,2,2,2,2,2,2,2,2,2,2,2,2,2,2,2,2,2,2,2,2,2,2,2,2,2,2,2,2,2,
16.4,1.25952,-0.165082,4.81834,2,2,2,2,2,2,2,2,2,2,2,2,2,2,2,2,2,2,2,2,2,2,2,2,2,2,2,2,2,2,2,0.537452,0.47744,0.441023,0.416302,0.398986,0.387017,0.379289,0.375194,0.37444,0.376974,0.382974,0.392887,0.407556,0.428515,0.458755,0.505316,0.596311,2,2,2,2,2,2,2,2,2,2,2,2,2,2,2,2,2,2,2,2,2,2,2,2,2,2,2,2,2,2,2,2,2,2,2,2,2,2,2,2,2,2,
16.5,1.26148,-0.18356,4.81899,2,2,2,2,2,2,2,2,2,2,2,2,2,2,2,2,2,2,2,2,2,2,2,2,2,2,2,2,2,2,0.600179,0.496043,0.447049,0.415666,0.393931,0.378592,0.368002,0.361252,0.357841,0.357535,0.360316,0.366371,0.37614,0.390432,0.410705,0.439765,0.484094,0.567955,2,2,2,2,2,2,2,2,2,2,2,2,2,2,2,2,2,2,2,2,2,2,2,2,2,2,2,2,2,2,2,2,2,2,2,2,2,2,2,2,2,2,
16.6,1.26347,-0.20211,4.81964,2,2,2,2,2,2,2,2,2,2,2,2,2,2,2,2,2,2,2,2,2,2,2,2,2,2,2,2,2,2,0.531733,0.458952,0.418254,0.391138,0.372056,0.358515,0.349194,0.343349,0.34057,0.340675,0.343672,0.349755,0.359357,0.373252,0.39282,0.420687,0.462802,0.540132,2,2,2,2,2,2,2,2,2,2,2,2,2,2,2,2,2,2,2,2,2,2,2,2,2,2,2,2,2,2,2,2,2,2,2,2,2,2,2,2,2,2,
16.7,1.26547,-0.220736,4.8203,2,2,2,2,2,2,2,2,2,2,2,2,2,2,2,2,2,2,2,2,2,2,2,2,2,2,2,2,2,2,0.480712,0.424981,0.390815,0.36736,0.350644,0.338738,0.330585,0.325576,0.323379,0.323856,0.327037,0.333123,0.342535,0.356011,0.374856,0.401516,0.441434,0.512731,2,2,2,2,2,2,2,2,2,2,2,2,2,2,2,2,2,2,2,2,2,2,2,2,2,2,2,2,2,2,2,2,2,2,2,2,2,2,2,2,2,2,
16.8,1.2675,-0.239442,4.82095,2,2,2,2,2,2,2,2,2,2,2,2,2,2,2,2,2,2,2,2,2,2,2,2,2,2,2,2,2,0.526844,0.437777,0.393414,0.364547,0.344265,0.329664,0.319248,0.312168,0.307929,0.306265,0.307075,0.31041,0.316472,0.325669,0.338706,0.356807,0.382248,0.419985,0.485671,2,2,2,2,2,2,2,2,2,2,2,2,2,2,2,2,2,2,2,2,2,2,2,2,2,2,2,2,2,2,2,2,2,2,2,2,2,2,2,2,2,2,
16.9,1.26955,-0.258234,4.82161,2,2,2,2,2,2,2,2,2,2,2,2,2,2,2,2,2,2,2,2,2,2,2,2,2,2,2,2,2,0.461621,0.399848,0.363787,0.339311,0.321797,0.309093,0.300032,0.293935,0.290402,0.289223,0.29033,0.293786,0.299798,0.308757,0.321332,0.338669,0.362876,0.398449,0.458886,2,2,2,2,2,2,2,2,2,2,2,2,2,2,2,2,2,2,2,2,2,2,2,2,2,2,2,2,2,2,2,2,2,2,2,2,2,2,2,2,2,2,
17,1.27162,-0.277116,4.82228,2,2,2,2,2,2,2,2,2,2,2,2,2,2,2,2,2,2,2,2,2,2,2,2,2,2,2,2,0.521272,0.412082,0.365446,0.335774,0.314994,0.299909,0.288908,0.28108,0.275881,0.272993,0.272252,0.273618,0.277165,0.283099,0.291795,0.303884,0.320437,0.343396,0.376822,0.432325,2,2,2,2,2,2,2,2,2,2,2,2,2,2,2,2,2,2,2,2,2,2,2,2,2,2,2,2,2,2,2,2,2,2,2,2,2,2,2,2,2,2,
17.1,1.27371,-0.296092,4.82294,2,2,2,2,2,2,2,2,2,2,2,2,2,2,2,2,2,2,2,2,2,2,2,2,2,2,2,2,0.435466,0.370264,0.333723,0.30914,0.291507,0.278562,0.26909,0.26238,0.258,0.255698,0.255349,0.256936,0.260542,0.26637,0.274778,0.286359,0.302107,0.323803,0.355097,0.405946,2,2,2,2,2,2,2,2,2,2,2,2,2,2,2,2,2,2,2,2,2,2,2,2,2,2,2,2,2,2,2,2,2,2,2,2,2,2,2,2,2,2,
17.2,1.27583,-0.315168,4.82361,2,2,2,2,2,2,2,2,2,2,2,2,2,2,2,2,2,2,2,2,2,2,2,2,2,2,2,0.506533,0.379828,0.333338,0.304138,0.283706,0.268776,0.257721,0.249623,0.243924,0.240287,0.238514,0.238512,0.240282,0.243916,0.249609,0.257703,0.268752,0.283673,0.304092,0.33327,0.37971,0.505648,2,2,2,2,2,2,2,2,2,2,2,2,2,2,2,2,2,2,2,2,2,2,2,2,2,2,2,2,2,2,2,2,2,2,2,2,2,2,2,2,2,
17.3,1.27797,-0.334348,4.82429,2,2,2,2,2,2,2,2,2,2,2,2,2,2,2,2,2,2,2,2,2,2,2,2,2,2,2,0.398396,0.334998,0.299907,0.276324,0.259336,0.246742,0.237359,0.230491,0.225706,0.222739,0.221438,0.221738,0.223655,0.227283,0.232814,0.240567,0.251058,0.265131,0.284258,0.311335,0.353589,0.449065,2,2,2,2,2,2,2,2,2,2,2,2,2,2,2,2,2,2,2,2,2,2,2,2,2,2,2,2,2,2,2,2,2,2,2,2,2,2,2,2,2,
17.4,1.28014,-0.353637,4.82496,2,2,2,2,2,2,2,2,2,2,2,2,2,2,2,2,2,2,2,2,2,2,2,2,2,2,0.450511,0.3395,0.296374,0.269156,0.250015,0.235919,0.225352,0.217449,0.211682,0.207718,0.205352,0.204468,0.205027,0.207052,0.210643,0.215981,0.223366,0.233274,0.246475,0.264295,0.289286,0.327555,0.405488,2,2,2,2,2,2,2,2,2,2,2,2,2,2,2,2,2,2,2,2,2,2,2,2,2,2,2,2,2,2,2,2,2,2,2,2,2,2,2,2,2,
17.5,1.28233,-0.37304,4.82565,2,2,2,2,2,2,2,2,2,2,2,2,2,2,2,2,2,2,2,2,2,2,2,2,2,2,0.34875,0.293475,0.261965,0.240563,0.225014,0.213369,0.204566,0.197971,0.193186,0.189955,0.188122,0.187604,0.188376,0.190473,0.193992,0.199107,0.206096,0.215395,0.227701,0.244198,0.267119,0.301584,0.366655,2,2,2,2,2,2,2,2,2,2,2,2,2,2,2,2,2,2,2,2,2,2,2,2,2,2,2,2,2,2,2,2,2,2,2,2,2,2,2,2,2,
17.6,1.28455,-0.392562,4.82633,2,2,2,2,2,2,2,2,2,2,2,2,2,2,2,2,2,2,2,2,2,2,2,2,2,0.369363,0.291143,0.254448,0.230693,0.213768,0.201171,0.191614,0.184348,0.178907,0.174993,0.172413,0.171049,0.170842,0.171784,0.173915,0.177329,0.18219,0.188754,0.197416,0.208803,0.223962,0.244827,0.275656,0.330467,2,2,2,2,2,2,2,2,2,2,2,2,2,2,2,2,2,2,2,2,2,2,2,2,2,2,2,2,2,2,2,2,2,2,2,2,2,2,2,2,2,
17.7,1.2868,-0.412208,4.82702,2,2,2,2,2,2,2,2,2,2,2,2,2,2,2,2,2,2,2,2,2,2,2,2,2,0.289302,0.246205,0.22006,0.201895,0.188512,0.178368,0.170596,0.164667,0.160241,0.157095,0.155087,0.154129,0.154183,0.155251,0.157377,0.160652,0.165228,0.171336,0.179333,0.189776,0.203582,0.222406,0.249753,0.296003,2,2,2,2,2,2,2,2,2,2,2,2,2,2,2,2,2,2,2,2,2,2,2,2,2,2,2,2,2,2,2,2,2,2,2,2,2,2,2,2,2,
17.8,1.28908,-0.431983,4.82772,2,2,2,2,2,2,2,2,2,2,2,2,2,2,2,2,2,2,2,2,2,2,2,2,0.287842,0.236685,0.208253,0.189076,0.175131,0.164602,0.15651,0.150267,0.145499,0.14196,0.139487,0.137975,0.137363,0.137627,0.138777,0.140859,0.14396,0.148216,0.153839,0.161143,0.170616,0.183052,0.199849,0.223856,0.262755,2,2,2,2,2,2,2,2,2,2,2,2,2,2,2,2,2,2,2,2,2,2,2,2,2,2,2,2,2,2,2,2,2,2,2,2,2,2,2,2,2,
17.9,1.29138,-0.451891,4.82842,2,2,2,2,2,2,2,2,2,2,2,2,2,2,2,2,2,2,2,2,2,2,2,0.286542,0.225128,0.194782,0.174965,0.160758,0.150092,0.141891,0.135522,0.130586,0.126822,0.124054,0.122163,0.121076,0.12075,0.121173,0.122362,0.124361,0.12725,0.131154,0.136258,0.142839,0.151317,0.162367,0.177152,0.19795,0.230412,0.302611,2,2,2,2,2,2,2,2,2,2,2,2,2,2,2,2,2,2,2,2,2,2,2,2,2,2,2,2,2,2,2,2,2,2,2,2,2,2,2,2,
18,1.29372,-0.471939,4.82912,2,2,2,2,2,2,2,2,2,2,2,2,2,2,2,2,2,2,2,2,2,2,0.284762,0.210527,0.179093,0.159194,0.145121,0.13462,0.126552,0.120263,0.115342,0.111522,0.10862,0.106514,0.105121,0.104388,0.104289,0.104822,0.106005,0.107881,0.110523,0.114039,0.118592,0.124418,0.131873,0.141521,0.154308,0.17202,0.198762,0.249651,2,2,2,2,2,2,2,2,2,2,2,2,2,2,2,2,2,2,2,2,2,2,2,2,2,2,2,2,2,2,2,2,2,2,2,2,2,2,2,2,
18.1,1.29609,-0.49213,4.82983,2,2,2,2,2,2,2,2,2,2,2,2,2,2,2,2,2,2,2,2,2,0.279353,0.191683,0.160613,0.141405,0.127964,0.117984,0.110325,0.10434,0.0996262,0.095921,0.0930463,0.090879,0.0893346,0.0883567,0.0879114,0.0879837,0.0885758,0.0897081,0.0914203,0.0937759,0.0968688,0.100836,0.105874,0.11228,0.120509,0.131312,0.146054,0.167655,0.204902,2,2,2,2,2,2,2,2,2,2,2,2,2,2,2,2,2,2,2,2,2,2,2,2,2,2,2,2,2,2,2,2,2,2,2,2,2,2,2,2,
18.2,1.29849,-0.51247,4.83054,2,2,2,2,2,2,2,2,2,2,2,2,2,2,2,2,2,2,2,2,0.251369,0.167514,0.138859,0.1213,0.109074,0.100018,0.0930714,0.0876306,0.0833241,0.0799085,0.0772181,0.0751378,0.0735871,0.0725103,0.0718709,0.0716479,0.0718343,0.072436,0.0734726,0.0749792,0.0770093,0.0796413,0.0829864,0.0872051,0.092532,0.0993249,0.108158,0.120038,0.136978,0.164162,0.231676,2,2,2,2,2,2,2,2,2,2,2,2,2,2,2,2,2,2,2,2,2,2,2,2,2,2,2,2,2,2,2,2,2,2,2,2,2,2,2,
18.3,1.30092,-0.532964,4.83127,2,2,2,2,2,2,2,2,2,2,2,2,2,2,2,2,2,2,2,0.196507,0.137593,0.113585,0.0987067,0.0883181,0.0806144,0.0746955,0.070048,0.0663532,0.0634018,0.0610508,0.0592002,0.0577788,0.0567365,0.0560387,0.0556634,0.0555991,0.0558438,0.056405,0.0573002,0.0585583,0.0602226,0.0623546,0.0650409,0.0684047,0.0726236,0.0779636,0.0848418,0.0939616,0.106645,0.125887,0.162013,2,2,2,2,2,2,2,2,2,2,2,2,2,2,2,2,2,2,2,2,2,2,2,2,2,2,2,2,2,2,2,2,2,2,2,2,2,2,2,
18.4,1.30339,-0.553618,4.83199,2,2,2,2,2,2,2,2,2,2,2,2,2,2,2,2,2,2,0.138494,0.102562,0.0849176,0.0736438,0.0656818,0.0597437,0.0551633,0.0515535,0.0486708,0.046354,0.0444919,0.0430064,0.041841,0.0409555,0.0403212,0.0399188,0.0397363,0.0397683,0.0400159,0.0404862,0.0411932,0.0421591,0.0434154,0.045007,0.0469958,0.0494686,0.0525492,0.0564192,0.0613564,0.0678123,0.0765862,0.089301,0.110203,0.164174,2,2,2,2,2,2,2,2,2,2,2,2,2,2,2,2,2,2,2,2,2,2,2,2,2,2,2,2,2,2,2,2,2,2,2,2,2,2,
18.5,1.30589,-0.574437,4.83272,2,2,2,2,2,2,2,2,2,2,2,2,2,2,2,2,2,0.0823755,0.0639437,0.0533972,0.0463605,0.0412953,0.0374785,0.0345148,0.0321668,0.0302823,0.0287587,0.027525,0.0265301,0.0257373,0.0251198,0.024658,0.0243383,0.0241516,0.0240926,0.0241597,0.0243549,0.0246835,0.0251548,0.0257831,0.026588,0.0275971,0.0288479,0.0303924,0.0323034,0.0346859,0.0376964,0.0415798,0.0467457,0.0539492,0.064818,0.0841187,2,2,2,2,2,2,2,2,2,2,2,2,2,2,2,2,2,2,2,2,2,2,2,2,2,2,2,2,2,2,2,2,2,2,2,2,2,2,
18.6,1.30843,-0.595425,4.83346,2,2,2,2,2,2,2,2,2,2,2,2,2,2,0.0755288,0.0395757,0.0292022,0.0235299,0.0198809,0.0173269,0.0154429,0.0140028,0.0128744,0.0119741,0.0112471,0.0106559,0.0101739,0.00978173,0.00946527,0.00921421,0.00902086,0.00887965,0.00878673,0.00873949,0.00873695,0.00877883,0.0088663,0.00900166,0.00918864,0.00943258,0.00974088,0.0101235,0.0105942,0.0111713,0.0118806,0.0127581,0.0138562,0.0152541,0.0170766,0.0195354,0.0230224,0.0283756,0.0379057,0.0650847,2,2,2,2,2,2,2,2,2,2,2,2,2,2,2,2,2,2,2,2,2,2,2,2,2,2,2,2,2,2,2,2,2,2,2,2,
18.7,1.311,-0.616588,4.83421,
