0,-1,-3,-2.67452,2,2,2,2,2,2,2,2,2,2,2,2,2,2,2,2,2,2,2,2,1.8483,1.76531,1.73685,1.74865,1.80597,1.95306,2,2,2,2,2,2,2,2,2,2,2,2,2,2,2,2,2,2,2,2,2,2,2,2,2,2,2,2,2,2,2,2,2,2,2,2,2,2,2,2,2,2,2,2,2,2,2,2,2,2,2,2,2,2,2,2,2,2,2,2,2,2,2,2,
0.1,-1.06697,-3.03377,-2.82452,2,2,2,2,2,2,2,2,2,2,2,2,2,2,2,2,2,2,2,2,2,1.96915,1.81235,1.75195,1.73801,1.76424,1.84354,2,2,2,2,2,2,2,2,2,2,2,2,2,2,2,2,2,2,2,2,2,2,2,2,2,2,2,2,2,2,2,2,2,2,2,2,2,2,2,2,2,2,2,2,2,2,2,2,2,2,2,2,2,2,2,2,2,2,2,2,2,2,2,
0.2,-1.13823,-3.05715,-2.97452,2,2,2,2,2,2,2,2,2,2,2,2,2,2,2,2,2,2,2,2,2,2,2,1.8853,1.77712,1.73526,1.73516,1.77675,1.88438,2,2,2,2,2,2,2,2,2,2,2,2,2,2,2,2,2,2,2,2,2,2,2,2,2,2,2,2,2,2,2,2,2,2,2,2,2,2,2,2,2,2,2,2,2,2,2,2,2,2,2,2,2,2,2,2,2,2,2,2,2,
0.3,-1.21218,-3.06963,-3.12452,2,2,2,2,2,2,2,2,2,2,2,2,2,2,2,2,2,2,2,2,2,2,2,2,2,1.8189,1.74106,1.71498,1.72813,1.78629,1.93451,2,2,2,2,2,2,2,2,2,2,2,2,2,2,2,2,2,2,2,2,2,2,2,2,2,2,2,2,2,2,2,2,2,2,2,2,2,2,2,2,2,2,2,2,2,2,2,2,2,2,2,2,2,2,2,2,2,2,2,
0.4,-1.28717,-3.07091,-3.27452,2,2,2,2,2,2,2,2,2,2,2,2,2,2,2,2,2,2,2,2,2,2,2,2,2,2,1.89916,1.75902,1.70308,1.6907,1.71654,1.79277,2,2,2,2,2,2,2,2,2,2,2,2,2,2,2,2,2,2,2,2,2,2,2,2,2,2,2,2,2,2,2,2,2,2,2,2,2,2,2,2,2,2,2,2,2,2,2,2,2,2,2,2,2,2,2,2,2,2,
0.5,-1.36151,-3.06097,-3.42452,2,2,2,2,2,2,2,2,2,2,2,2,2,2,2,2,2,2,2,2,2,2,2,2,2,2,2,2,1.7997,1.70136,1.66233,1.66186,1.69975,1.79584,2,2,2,2,2,2,2,2,2,2,2,2,2,2,2,2,2,2,2,2,2,2,2,2,2,2,2,2,2,2,2,2,2,2,2,2,2,2,2,2,2,2,2,2,2,2,2,2,2,2,2,2,2,2,2,2,
0.6,-1.43353,-3.04003,-3.57452,2,2,2,2,2,2,2,2,2,2,2,2,2,2,2,2,2,2,2,2,2,2,2,2,2,2,2,2,2,1.9129,1.71593,1.64367,1.61803,1.6278,1.67682,1.79473,2,2,2,2,2,2,2,2,2,2,2,2,2,2,2,2,2,2,2,2,2,2,2,2,2,2,2,2,2,2,2,2,2,2,2,2,2,2,2,2,2,2,2,2,2,2,2,2,2,2,2,2,2,2,
0.7,-1.50161,-3.00856,-3.72452,2,2,2,2,2,2,2,2,2,2,2,2,2,2,2,2,2,2,2,2,2,2,2,2,2,2,2,2,2,2,2,1.76654,1.63856,1.58451,1.56951,1.58778,1.64649,1.78772,2,2,2,2,2,2,2,2,2,2,2,2,2,2,2,2,2,2,2,2,2,2,2,2,2,2,2,2,2,2,2,2,2,2,2,2,2,2,2,2,2,2,2,2,2,2,2,2,2,2,2,2,
0.8,-1.56422,-2.96728,-3.87452,2,2,2,2,2,2,2,2,2,2,2,2,2,2,2,2,2,2,2,2,2,2,2,2,2,2,2,2,2,2,2,2,2,1.65831,1.56372,1.52295,1.51616,1.54099,1.60723,1.77114,2,2,2,2,2,2,2,2,2,2,2,2,2,2,2,2,2,2,2,2,2,2,2,2,2,2,2,2,2,2,2,2,2,2,2,2,2,2,2,2,2,2,2,2,2,2,2,2,2,2,
0.9,-1.61997,-2.9171,-4.02452,2,2,2,2,2,2,2,2,2,2,2,2,2,2,2,2,2,2,2,2,2,2,2,2,2,2,2,2,2,2,2,2,2,2,1.76052,1.56339,1.4895,1.45839,1.45757,1.48678,1.55745,1.73746,2,2,2,2,2,2,2,2,2,2,2,2,2,2,2,2,2,2,2,2,2,2,2,2,2,2,2,2,2,2,2,2,2,2,2,2,2,2,2,2,2,2,2,2,2,2,2,2,
1,-1.66758,-2.85915,-4.17452,2,2,2,2,2,2,2,2,2,2,2,2,2,2,2,2,2,2,2,2,2,2,2,2,2,2,2,2,2,2,2,2,2,2,2,2,1.61159,1.47506,1.41495,1.39061,1.39358,1.42478,1.49601,1.67597,2,2,2,2,2,2,2,2,2,2,1.98605,2,2,2,2,2,2,2,2,2,2,2,2,2,2,2,2,2,2,2,2,2,2,2,2,2,2,2,2,2,2,2,2,2,2,2,
1.1,-1.70601,-2.79474,-4.32452,2,2,2,2,2,2,2,2,2,2,2,2,2,2,2,2,2,2,2,2,2,2,2,2,2,2,2,2,2,2,2,2,2,2,2,2,2,2,1.49901,1.39074,1.3398,1.31978,1.32448,1.35521,1.42285,1.5837,2,2,2,2,2,2,2,2,2,1.98775,1.93443,1.93291,1.9824,2,2,2,2,2,2,2,2,2,2,2,2,2,2,2,2,2,2,2,2,2,2,2,2,2,2,2,2,2,2,2,
1.2,-1.73437,-2.72531,-4.47452,2,2,2,2,2,2,2,2,2,2,2,2,2,2,2,2,2,2,2,2,2,2,2,2,2,2,2,2,2,2,2,2,2,2,2,2,2,2,2,2,1.40181,1.30959,1.26442,1.24658,1.25109,1.27909,1.3395,1.47136,2,2,2,2,2,2,2,2,2,1.98284,1.90159,1.8789,1.90235,1.98485,2,2,2,2,2,2,2,2,2,2,2,2,2,2,2,2,2,2,2,2,2,2,2,2,2,2,2,2,
1.3,-1.75204,-2.65243,-4.61385,2,2,2,2,2,2,2,2,2,2,2,2,2,2,2,2,2,2,2,2,2,2,2,2,2,2,2,2,2,2,2,2,2,2,2,2,2,2,2,2,2,1.497,1.29838,1.22354,1.18569,1.17137,1.17702,1.20396,1.26006,1.37657,2,2,2,2,2,2,2,2,2,1.99196,1.88265,1.84341,1.84983,1.90508,2,2,2,2,2,2,2,2,2,2,2,2,2,2,2,2,2,2,2,2,2,2,2,2,2,2,
1.4,-1.75942,-2.57779,-4.73175,2,2,2,2,2,2,2,2,2,2,2,2,2,2,2,2,2,2,2,2,2,2,2,2,2,2,2,2,2,2,2,2,2,2,2,2,2,2,2,2,2,2,2,1.29027,1.18354,1.1302,1.10347,1.09608,1.10644,1.13684,1.19608,1.31996,2,2,2,2,2,2,2,2,2,1.97689,1.86116,1.81813,1.82028,1.86864,1.99671,2,2,2,2,2,2,2,2,2,2,2,2,2,2,2,2,2,2,2,2,2,2,2,
1.5,-1.75797,-2.5028,-4.83166,2,2,2,2,2,2,2,2,2,2,2,2,2,2,2,2,2,2,2,2,2,2,2,2,2,2,2,2,2,2,2,2,2,2,2,2,2,2,2,2,2,2,2,2,1.27845,1.13787,1.07364,1.03904,1.02375,1.02451,1.04147,1.07832,1.14664,1.30591,2,2,2,2,2,2,2,2,2,1.93501,1.83544,1.79976,1.80754,1.86242,2,2,2,2,2,2,2,2,2,2,2,2,2,2,2,2,2,2,2,2,2,2,
1.6,-1.74905,-2.42834,-4.91643,2,2,2,2,2,2,2,2,2,2,2,2,2,2,2,2,2,2,2,2,2,2,2,2,2,2,2,2,2,2,2,2,2,2,2,2,2,2,2,2,2,2,2,2,2,1.25379,1.08362,1.01372,0.975013,0.955272,0.950362,0.959405,0.984061,1.02996,1.11487,2,2,2,2,2,2,2,2,2,2,1.88381,1.81148,1.79136,1.81352,1.88907,2,2,2,2,2,2,2,2,2,2,2,2,2,2,2,2,2,2,2,2,
1.7,-1.73385,-2.35489,-4.98845,2,2,2,2,2,2,2,2,2,2,2,2,2,2,2,2,2,2,2,2,2,2,2,2,2,2,2,2,2,2,2,2,2,2,2,2,2,2,2,2,2,2,2,2,2,2,1.19979,1.02107,0.950631,0.910817,0.889052,0.880937,0.885124,0.902292,0.935634,0.993954,1.11183,2,2,2,2,2,2,2,2,2,1.95445,1.84079,1.79814,1.79981,1.84659,1.96957,2,2,2,2,2,2,2,2,2,2,2,2,2,2,2,2,2,2,
1.8,-1.71341,-2.28273,-4.83845,2,2,2,2,2,2,2,2,2,2,2,2,2,2,2,2,2,2,2,2,2,2,2,2,2,2,2,2,2,2,2,2,2,2,2,2,2,2,2,2,2,2,2,2,1.1155,0.953723,0.886298,0.847319,0.825045,0.81521,0.816292,0.828449,0.853617,0.896954,0.973481,2,2,2,2,2,2,2,2,2,2,1.87888,1.8173,1.8049,1.8357,1.92657,2,2,2,2,2,2,2,2,2,2,2,2,2,2,2,2,2,2,2,2,
1.9,-1.70398,-2.20833,-4.68845,2,2,2,2,2,2,2,2,2,2,2,2,2,2,2,2,2,2,2,2,2,2,2,2,2,2,2,2,2,2,2,2,2,2,2,2,2,2,2,2,2,2,0.996896,0.872132,0.812371,0.776699,0.755643,0.745532,0.744938,0.753784,0.773297,0.806758,0.862447,0.971817,2,2,2,2,2,2,2,2,2,1.91778,1.83306,1.8058,1.82158,1.88811,2,2,2,2,2,2,2,2,2,2,2,2,2,2,2,2,2,2,2,2,2,2,
2,-1.70577,-2.13335,-4.53845,2,2,2,2,2,2,2,2,2,2,2,2,2,2,2,2,2,2,2,2,2,2,2,2,2,2,2,2,2,2,2,2,2,2,2,2,2,2,2,2,0.869048,0.779541,0.730449,0.700028,0.681643,0.672498,0.671443,0.678354,0.694076,0.720849,0.763858,0.837945,2,2,2,2,2,2,2,2,2,1.96039,1.84561,1.80256,1.80408,1.85087,1.97416,2,2,2,2,2,2,2,2,2,2,2,2,2,2,2,2,2,2,2,2,2,2,2,
2.1,-1.71875,-2.05948,-4.38845,2,2,2,2,2,2,2,2,2,2,2,2,2,2,2,2,2,2,2,2,2,2,2,2,2,2,2,2,2,2,2,2,2,2,2,2,2,0.888313,0.742626,0.680951,0.643384,0.619286,0.604553,0.5973,0.596732,0.60279,0.616128,0.638393,0.673149,0.72919,0.844082,2,2,2,2,2,2,2,2,2,1.85503,1.795,1.7829,1.81305,1.90151,2,2,2,2,2,2,2,2,2,2,2,2,2,2,2,2,2,2,2,2,2,2,2,2,2,
2.2,-1.74263,-1.98838,-4.23845,2,2,2,2,2,2,2,2,2,2,2,2,2,2,2,2,2,2,2,2,2,2,2,2,2,2,2,2,2,2,2,2,2,2,2,0.692215,0.622805,0.581733,0.554867,0.537245,0.526582,0.521757,0.522316,0.52831,0.540312,0.559629,0.588921,0.634168,0.714412,2,2,2,2,2,2,2,2,2,1.8612,1.78273,1.75764,1.77348,1.83761,2,2,2,2,2,2,2,2,2,2,2,2,2,2,2,2,2,2,2,2,2,2,2,2,2,2,2,
2.3,-1.77686,-1.92165,-4.08845,2,2,2,2,2,2,2,2,2,2,2,2,2,2,2,2,2,2,2,2,2,2,2,2,2,2,2,2,2,2,2,2,0.618846,0.552599,0.513119,0.486819,0.46893,0.457218,0.450525,0.448278,0.450296,0.45674,0.468161,0.485676,0.511439,0.550008,0.614052,2,2,2,2,2,2,2,2,2,1.86372,1.7651,1.72777,1.73123,1.77697,1.89333,2,2,2,2,2,2,2,2,2,2,2,2,2,2,2,2,2,2,2,2,2,2,2,2,2,2,2,2,
2.4,-1.82067,-1.86078,-3.93845,2,2,2,2,2,2,2,2,2,2,2,2,2,2,2,2,2,2,2,2,2,2,2,2,2,2,2,2,0.648935,0.525354,0.47255,0.439267,0.416429,0.400454,0.38956,0.38278,0.379593,0.379771,0.383327,0.390515,0.401895,0.418498,0.442232,0.476995,0.533069,0.696526,2,2,2,2,2,2,2,2,1.86172,1.74119,1.69264,1.68552,1.71686,1.80213,2,2,2,2,2,2,2,2,2,2,2,2,2,2,2,2,2,2,2,2,2,2,2,2,2,2,2,2,2,2,
2.5,-1.8731,-1.80714,-3.78845,2,2,2,2,2,2,2,2,2,2,2,2,2,2,2,2,2,2,2,2,2,2,2,2,2,0.492131,0.428346,0.391111,0.365921,0.348019,0.335192,0.326247,0.320498,0.317558,0.317243,0.319535,0.324574,0.332693,0.344491,0.361008,0.38413,0.417726,0.472254,2,2,2,2,2,2,2,2,2,1.85331,1.70975,1.65152,1.63569,1.6557,1.72006,1.88386,2,2,2,2,2,2,2,2,2,2,2,2,2,2,2,2,2,2,2,2,2,2,2,2,2,2,2,2,2,2,2,
2.6,-1.93294,-1.76194,-3.63845,2,2,2,2,2,2,2,2,2,2,2,2,2,2,2,2,2,2,2,2,2,0.447337,0.380847,0.343669,0.318695,0.300819,0.287739,0.278222,0.271546,0.267279,0.265172,0.265109,0.267086,0.271212,0.277727,0.28705,0.299879,0.317404,0.34183,0.377978,0.441326,2,2,2,2,2,2,2,2,2,1.83462,1.66933,1.60369,1.58115,1.59245,1.6419,1.75888,2,2,2,2,2,2,2,2,2,2,2,2,2,2,2,2,2,2,2,2,2,2,2,2,2,2,2,2,2,2,2,2,2,
2.7,-1.99888,-1.72619,-3.48845,2,2,2,2,2,2,2,2,2,2,2,2,2,2,2,2,2,0.400765,0.338696,0.303888,0.280414,0.26349,0.250953,0.241638,0.234855,0.230178,0.227349,0.226221,0.226738,0.228926,0.232895,0.23886,0.247175,0.258415,0.273534,0.294226,0.323957,0.372131,2,2,2,2,2,2,2,2,2,2,1.79822,1.61846,1.54854,1.52154,1.52652,1.56525,1.656,2,2,2,2,2,2,2,2,2,2,2,2,2,2,2,2,2,2,2,2,2,2,2,2,2,2,2,2,2,2,2,2,2,2,2,
2.8,-2.06941,-1.7007,-3.33845,2,2,2,2,2,2,2,2,2,2,2,2,2,0.376548,0.315518,0.281664,0.258876,0.242416,0.230157,0.220953,0.214126,0.209255,0.206072,0.204419,0.204219,0.20546,0.208203,0.212581,0.218826,0.227311,0.238626,0.253754,0.274461,0.304434,0.354268,2,2,2,2,2,2,2,2,2,2,2,1.73459,1.55615,1.4858,1.45676,1.4577,1.48893,1.56299,1.76112,2,2,2,2,2,2,2,2,2,2,2,2,2,2,2,2,2,2,2,2,2,2,2,2,2,2,2,2,2,2,2,2,2,2,2,2,
2.9,-2.14296,-1.68603,-3.18944,2,2,2,2,2,2,2,2,2,0.408773,0.326063,0.286993,0.261671,0.243666,0.230335,0.220318,0.212828,0.207379,0.203664,0.201494,0.200765,0.201444,0.203562,0.20722,0.212604,0.220015,0.229932,0.243128,0.260935,0.285927,0.324297,0.403486,2,2,2,2,2,2,2,2,2,2,2,2,1.64621,1.48382,1.4164,1.38735,1.38603,1.41205,1.47457,1.61871,2,2,2,2,2,2,2,2,2,2,2,2,2,2,2,2,2,2,2,2,2,2,2,2,2,2,2,2,2,2,2,2,2,2,2,2,2,2,
3,-2.21788,-1.68244,-3.06924,2,2,2,2,2,2,0.457695,0.351551,0.308176,0.280663,0.261296,0.247056,0.236423,0.22853,0.222849,0.21905,0.216933,0.216394,0.217407,0.220021,0.224367,0.230679,0.239338,0.250956,0.266551,0.287965,0.319073,0.371192,2,2,2,2,2,2,2,2,2,2,2,2,2,2,2,1.44221,1.36042,1.32161,1.31021,1.32294,1.3635,1.44868,2,2,2,2,2,2,2,2,2,2,2,2,2,2,2,2,2,2,2,2,2,2,2,2,2,2,2,2,2,2,2,2,2,2,2,2,2,2,2,2,
3.1,-2.29268,-1.68786,-2.97148,2,2,2,2,0.467825,0.378539,0.336163,0.308723,0.289317,0.275105,0.264627,0.257046,0.251856,0.248749,0.247558,0.24822,0.25077,0.255344,0.262204,0.271791,0.284828,0.302552,0.327276,0.36418,0.431165,2,2,2,2,2,2,2,2,2,2,2,2,2,2,2,2,1.4455,1.32365,1.26643,1.2402,1.23692,1.25576,1.30198,1.39615,2,2,2,2,2,2,2,2,2,2,2,2,2,2,2,2,2,2,2,2,2,2,2,2,2,2,2,2,2,2,2,2,2,2,2,2,2,2,2,2,2,
3.2,-2.3666,-1.70056,-2.89179,2,2,2,0.453871,0.396477,0.362038,0.338461,0.321544,0.309286,0.300588,0.294809,0.291576,0.290696,0.292119,0.295926,0.302348,0.311811,0.325041,0.343291,0.368905,0.407061,0.474858,2,2,2,2,2,2,2,2,2,2,2,2,2,2,2,2,2,2,1.32251,1.23052,1.18409,1.16333,1.16276,1.18222,1.2268,1.31477,2,2,2,2,2,2,2,2,2,2,2,2,2,2,2,2,2,2,2,2,2,2,2,2,2,2,2,2,2,2,2,2,2,2,2,2,2,2,2,2,2,2,
3.3,-2.43927,-1.7191,-2.82815,2,2,0.49912,0.443192,0.408759,0.385157,0.368432,0.356661,0.34879,0.344225,0.342654,0.343976,0.348278,0.355849,0.367255,0.383499,0.406403,0.439657,0.492881,0.635646,2,2,2,2,2,2,2,2,2,2,2,2,2,2,2,2,2,2,2,1.23116,1.15046,1.10822,1.08874,1.08731,1.10364,1.14151,1.21364,1.39425,2,2,2,2,2,2,2,2,2,2,2,2,2,2,2,2,2,2,2,2,2,2,2,2,2,2,2,2,2,2,2,2,2,2,2,2,2,2,2,2,2,2,
3.4,-2.51061,-1.74222,-2.77556,2,0.572964,0.507857,0.46916,0.44317,0.42515,0.412877,0.405173,0.401408,0.401301,0.404844,0.412301,0.424277,0.441908,0.467332,0.505049,0.567721,2,2,2,2,2,2,2,2,2,2,2,2,2,2,2,2,2,2,2,2,1.37023,1.15221,1.07658,1.03579,1.01577,1.01203,1.02386,1.05366,1.10938,1.2207,2,2,2,2,2,2,2,2,2,2,2,2,2,2,2,2,2,2,2,2,2,2,2,2,2,2,2,2,2,2,2,2,2,2,2,2,2,2,2,2,2,2,2,
3.5,-2.58065,-1.76907,-2.73374,0.684012,0.591207,0.542562,0.511224,0.490054,0.475999,0.467528,0.463865,0.464702,0.47011,0.480552,0.497038,0.521534,0.558122,0.617512,0.777142,2,2,2,2,2,2,2,2,2,2,2,2,2,2,2,2,2,2,2,2,1.30265,1.08277,1.00802,0.966717,0.944937,0.938019,0.944731,0.966266,1.00721,1.08125,1.28987,2,2,2,2,2,2,2,2,2,2,2,2,2,2,2,2,2,2,2,2,2,2,2,2,2,2,2,2,2,2,2,2,2,2,2,2,2,2,2,2,2,2,0.684012,
3.6,-2.64949,-1.79882,-2.70312,0.704163,0.632643,0.590685,0.563343,0.545468,0.534706,0.529909,0.530622,0.53691,0.549384,0.569435,0.599912,0.64735,0.733809,2,2,2,2,2,2,2,2,2,2,2,2,2,2,2,2,2,2,2,2,2,2,1.02294,0.945039,0.90149,0.876961,0.866278,0.867655,0.881311,0.90961,0.959065,1.05083,2,2,2,2,2,2,2,2,2,2,2,2,2,2,2,2,2,2,2,2,2,2,2,2,2,2,2,2,2,2,2,2,2,2,2,2,2,2,2,2,2,2,2,0.704163,
3.7,-2.7174,-1.83066,-2.67912,0.746572,0.683738,0.645621,0.621185,0.606215,0.598782,0.598068,0.603999,0.617214,0.639344,0.673918,0.729621,0.843005,2,2,2,2,2,2,2,2,2,2,2,2,2,2,2,2,2,2,2,2,2,2,0.966115,0.884092,0.838206,0.81112,0.797103,0.793919,0.801113,0.819739,0.853031,0.909359,1.02054,2,2,2,2,2,2,2,2,2,2,2,2,2,2,2,2,2,2,2,2,2,2,2,2,2,2,2,2,2,2,2,2,2,2,2,2,2,2,2,2,2,2,0.901157,0.746572,
3.8,-2.78452,-1.86412,-2.65989,0.798714,0.740454,0.704961,0.683006,0.670923,0.667124,0.671159,0.683505,0.705796,0.741787,0.801011,0.926389,2,2,2,2,2,2,2,2,2,2,2,2,2,2,2,2,2,2,2,2,2,2,0.908614,0.823194,0.775653,0.746679,0.730091,0.723335,0.72552,0.736925,0.759146,0.796099,0.857975,0.993264,2,2,2,2,2,2,2,2,2,2,2,2,2,2,2,2,2,2,2,2,2,2,2,2,2,2,2,2,2,2,2,2,2,2,2,2,2,2,2,2,2,2,0.919784,0.798714,
3.9,-2.85099,-1.89887,-2.64115,0.853336,0.799054,0.766315,0.747222,0.738615,0.739312,0.749405,0.770305,0.805622,0.86461,0.986349,2,2,2,2,2,2,2,2,2,2,2,2,2,2,2,2,2,2,2,2,2,2,0.84143,0.757939,0.711081,0.681806,0.66401,0.655074,0.653904,0.660368,0.67523,0.700527,0.740887,0.808918,1.01928,2,2,2,2,2,2,2,2,2,2,2,2,2,2,2,2,2,2,2,2,2,2,2,2,2,2,2,2,2,2,2,2,2,2,2,2,2,2,2,2,2,2,0.958088,0.853335,
4,-2.91679,-1.93485,-2.62914,0.91594,0.862871,0.831635,0.814762,0.809371,0.814666,0.831429,0.862517,0.915331,1.01559,2,2,2,2,2,2,2,2,2,2,2,2,2,2,2,2,2,2,2,2,2,2,0.773555,0.692908,0.647232,0.618088,0.599542,0.588981,0.585196,0.587795,0.597046,0.61398,0.64087,0.682752,0.75391,2,2,2,2,2,2,2,2,2,2,2,2,2,2,2,2,2,2,2,2,2,2,2,2,2,2,2,2,2,2,2,2,2,2,2,2,2,2,2,2,2,2,2,1.01694,0.91594,
4.1,-2.98215,-1.97163,-2.61521,0.977036,0.926308,0.897463,0.883693,0.882561,0.893886,0.919611,0.965386,1.04857,2,2,2,2,2,2,2,2,2,2,2,2,2,2,2,2,2,2,2,2,2,2,0.690955,0.620815,0.579452,0.552393,0.534604,0.523768,0.518748,0.519071,0.524769,0.536379,0.555147,0.583603,0.627358,0.703581,2,2,2,2,2,2,2,2,2,2,2,2,2,2,2,2,2,2,2,2,2,2,2,2,2,2,2,2,2,2,2,2,2,2,2,2,2,2,2,2,2,2,2,1.07232,0.977036,
4.2,-3.047,-2.00931,-2.60361,1.04087,0.991842,0.965231,0.95469,0.958248,0.976544,1.01334,1.07971,1.22996,2,2,2,2,2,2,2,2,2,2,2,2,2,2,2,2,2,2,2,2,0.745897,0.603527,0.546012,0.510305,0.486293,0.470059,0.4597,0.454231,0.453188,0.456489,0.464403,0.477635,0.49757,0.526927,0.571833,0.652744,2,2,2,2,2,2,2,2,2,2,2,2,2,2,2,2,2,2,2,2,2,2,2,2,2,2,2,2,2,2,2,2,2,2,2,2,2,2,2,2,2,2,2,1.13318,1.04087,
4.3,-3.11141,-2.04774,-2.59464,1.1074,1.05936,1.03472,1.02742,1.03601,1.06222,1.11266,1.21016,2,2,2,2,2,2,2,2,2,2,2,2,2,2,2,2,2,2,2,2,0.598514,0.514917,0.47005,0.44066,0.420316,0.406212,0.396899,0.391586,0.389874,0.39164,0.39701,0.406391,0.420578,0.441035,0.4706,0.515801,0.600558,2,2,2,2,2,2,2,2,2,2,2,2,2,2,2,2,2,2,2,2,2,2,2,2,2,2,2,2,2,2,2,2,2,2,2,2,2,2,2,2,2,2,2,1.1991,1.1074,
4.4,-3.17547,-2.08674,-2.58871,1.1768,1.12881,1.10568,1.10146,1.11522,1.15012,1.21728,1.37104,2,2,2,2,2,2,2,2,2,2,2,2,2,2,2,2,2,2,2,0.48245,0.428335,0.394801,0.371718,0.355282,0.343628,0.335731,0.331004,0.32913,0.329993,0.333647,0.340327,0.350509,0.365029,0.385368,0.414397,0.458849,0.54565,2,2,2,2,2,2,2,2,2,2,2,2,2,2,2,2,2,2,2,2,2,2,2,2,2,2,2,2,2,2,2,2,2,2,2,2,2,2,2,2,2,2,2,1.27045,1.1768,
4.5,-3.23929,-2.12613,-2.58305,1.24642,1.19869,1.17735,1.17663,1.19637,1.2418,1.33205,2,2,2,2,2,2,2,2,2,2,2,2,2,2,2,2,2,2,0.438717,0.379664,0.344909,0.321213,0.304172,0.29172,0.282732,0.276544,0.272762,0.271164,0.271664,0.274288,0.279183,0.286647,0.297187,0.311651,0.331526,0.359701,0.403157,0.493367,2,2,2,2,2,2,2,2,2,2,2,2,2,2,2,2,2,2,2,2,2,2,2,2,2,2,2,2,2,2,2,2,2,2,2,2,2,2,2,2,2,2,2,1.34182,1.24642,
4.6,-3.30289,-2.16588,-2.57924,1.31775,1.2697,1.2499,1.25267,1.27872,1.33613,1.45896,2,2,2,2,2,2,2,2,2,2,2,2,2,2,2,2,0.377243,0.322296,0.29014,0.268152,0.252184,0.240301,0.231438,0.224961,0.220476,0.217737,0.216608,0.217034,0.219036,0.222711,0.228251,0.235977,0.246399,0.260353,0.279298,0.306095,0.347879,0.441863,2,2,2,2,2,2,2,2,2,2,2,2,2,2,2,2,2,2,2,2,2,2,2,2,2,2,2,2,2,2,2,2,2,2,2,2,2,2,2,2,2,2,2,1.41648,1.31775,
4.7,-3.36634,-2.20586,-2.57604,1.3896,1.34118,1.32301,1.32954,1.36264,1.43447,1.61531,2,2,2,2,2,2,2,2,2,2,2,2,2,2,0.298656,0.256936,0.231051,0.21292,0.199528,0.189387,0.181654,0.175811,0.171528,0.168588,0.166857,0.166259,0.166769,0.168408,0.171249,0.175419,0.181128,0.188695,0.198621,0.211713,0.229389,0.254479,0.294329,0.398596,2,2,2,2,2,2,2,2,2,2,2,2,2,2,2,2,2,2,2,2,2,2,2,2,2,2,2,2,2,2,2,2,2,2,2,2,2,2,2,2,2,2,2,1.49207,1.3896,
4.8,-3.42967,-2.24606,-2.57317,1.46172,1.41298,1.39661,1.40729,1.44836,1.53813,2,2,2,2,2,2,2,2,2,2,2,2,0.265619,0.216739,0.189716,0.171528,0.158303,0.148301,0.140583,0.134587,0.129953,0.126444,0.1239,0.122213,0.12132,0.121186,0.121805,0.123201,0.125428,0.128576,0.132784,0.138259,0.145308,0.154409,0.166335,0.18246,0.205608,0.243551,2,2,2,2,2,2,2,2,2,2,2,2,2,2,2,2,2,2,2,2,2,2,2,2,2,2,2,2,2,2,2,2,2,2,2,2,2,2,2,2,2,2,2,2,1.56804,1.46172,
4.9,-3.49287,-2.28643,-2.57101,1.5345,1.48526,1.47068,1.4857,1.53556,1.64793,2,2,2,2,2,2,2,2,2,0.213469,0.16808,0.144209,0.128439,0.117069,0.108486,0.101833,0.0966032,0.092473,0.0892269,0.0867175,0.0848418,0.0835295,0.0827343,0.0824292,0.0826043,0.083265,0.0844337,0.0861509,0.0884806,0.0915152,0.0953884,0.100295,0.106522,0.114518,0.125018,0.139364,0.160429,0.196922,2,2,2,2,2,2,2,2,2,2,2,2,2,2,2,2,2,2,2,2,2,2,2,2,2,2,2,2,2,2,2,2,2,2,2,2,2,2,2,2,2,2,2,2,1.64541,1.5345,
5,-3.55599,-2.32694,-2.56937,1.60776,1.55789,1.54513,1.56476,1.62439,1.76705,2,2,2,2,2,2,0.148424,0.116576,0.0989987,0.0872896,0.0788279,0.072427,0.0674475,0.0635063,0.0603589,0.0578408,0.0558373,0.0542678,0.0530752,0.0522183,0.0516697,0.051413,0.05144,0.0517517,0.0523576,0.0532763,0.0545376,0.056185,0.0582799,0.0609084,0.0641929,0.0683104,0.073527,0.0802615,0.0892276,0.101783,0.121075,0.15865,2,2,2,2,2,2,2,2,2,2,2,2,2,2,2,2,2,2,2,2,2,2,2,2,2,2,2,2,2,2,2,2,2,2,2,2,2,2,2,2,2,2,2,2,1.72388,1.60776,
5.1,-3.61904,-2.36755,-2.5681,1.68137,1.63079,1.61992,1.64447,1.71507,1.90386,2,2,0.166005,0.0930934,0.0733609,0.0618483,0.0540796,0.0484441,0.0441748,0.0408477,0.0382065,0.0360853,0.0343725,0.0329898,0.0318813,0.0310067,0.0303368,0.0298508,0.0295339,0.0293773,0.0293764,0.0295316,0.0298466,0.0303309,0.0309987,0.031871,0.0329768,0.0343565,0.0360656,0.0381819,0.0408171,0.0441359,0.0483937,0.0540117,0.0617522,0.0732114,0.0928074,0.160525,2,2,2,2,2,2,2,2,2,2,2,2,2,2,2,2,2,2,2,2,2,2,2,2,2,2,2,2,2,2,2,2,2,2,2,2,2,2,2,2,2,2,2,2,1.80319,1.68137,
5.2,-3.68205,-2.40824,-2.56705,1.7552,1.70389,1.69503,1.72485,1.80798,0.10906,0.0639445,0.0492662,0.0408318,0.0352225,0.0312008,0.028181,0.025842,0.023992,0.0225074,0.021306,0.0203301,0.0195388,0.0189026,0.0183997,0.0180139,0.0177341,0.017552,0.0174629,0.0174642,0.0175563,0.0177413,0.0180242,0.0184134,0.0189203,0.019561,0.0203572,0.0213394,0.0225487,0.024043,0.025906,0.0282625,0.0313078,0.0353677,0.0410402,0.0495962,0.0645887,0.114157,2,2,2,2,2,2,2,2,2,2,2,2,2,2,2,2,2,2,2,2,2,2,2,2,2,2,2,2,2,2,2,2,2,2,2,2,2,2,2,2,2,2,2,2,2,1.88313,1.7552,
5.3,-3.745,-2.449,-2.56622,1.82924,1.77717,1.77042,0.088712,0.0577521,0.045145,0.0376584,0.0326073,0.0289564,0.0262007,0.0240593,0.0223611,0.0209963,0.0198906,0.0189919,0.0182635,0.017678,0.0172155,0.0168621,0.0166068,0.0164426,0.0163651,0.0163722,0.0164641,0.0166429,0.0169143,0.0172853,0.0177672,0.0183752,0.0191301,0.0200606,0.0212057,0.0226204,0.024384,0.0266144,0.0294965,0.0333385,0.0387034,0.046781,0.0608495,0.103182,2,2,2,2,2,2,2,2,2,2,2,2,2,2,2,2,2,2,2,2,2,2,2,2,2,2,2,2,2,2,2,2,2,2,2,2,2,2,2,2,2,2,2,2,2,2,2,1.96375,1.82924,
5.4,-3.80793,-2.48981,-2.56557,1.90346,1.85061,0.109437,0.077501,0.0626924,0.0534793,0.0470842,0.0423709,0.0387645,0.0359353,0.033679,0.0318614,0.0303912,0.0292032,0.0282515,0.0275022,0.0269307,0.0265198,0.026257,0.0261352,0.0261512,0.0263051,0.0266014,0.0270483,0.0276591,0.0284528,0.0294559,0.0307047,0.0322488,0.0341585,0.0365338,0.0395214,0.0433486,0.0483869,0.0553016,0.0654561,0.0824485,0.126904,2,2,2,2,2,2,2,2,2,2,2,2,2,2,2,2,2,2,2,2,2,2,2,2,2,2,2,2,2,2,2,2,2,2,2,2,2,2,2,2,2,2,2,2,2,2,2,2,2,2,2,1.90346,
5.5,-3.87083,-2.53066,-2.56502,1.97778,1.92417,0.128954,0.103362,0.0883676,0.0781659,0.0707138,0.0650401,0.0606072,0.0570876,0.0542695,0.0520099,0.050208,0.0487933,0.0477143,0.0469352,0.0464313,0.0461873,0.0461961,0.0464578,0.0469804,0.0477793,0.0488805,0.0503204,0.0521515,0.0544464,0.0573081,0.0608834,0.0653908,0.0711677,0.0787725,0.0892226,0.104688,0.13154,2,2,2,2,2,2,2,2,2,2,2,2,2,2,2,2,2,2,2,2,2,2,2,2,2,2,2,2,2,2,2,2,2,2,2,2,2,2,2,2,2,2,2,2,2,2,2,2,2,2,2,2,2,2,2,1.97778,
5.6,-3.9337,-2.57155,-2.56452,2,0.227355,0.167009,0.140446,0.123636,0.111763,0.1029,0.0960699,0.0907107,0.0864697,0.0831147,0.0804871,0.0784761,0.0770054,0.0760223,0.0754935,0.0754018,0.0757442,0.0765319,0.0777909,0.0795653,0.0819205,0.0849514,0.088794,0.0936449,0.0997986,0.107712,0.11815,0.132528,0.15398,0.192777,2,2,2,2,2,2,2,2,2,2,2,2,2,2,2,2,2,2,2,2,2,2,2,2,2,2,2,2,2,2,2,2,2,2,2,2,2,2,2,2,2,2,2,2,2,2,2,2,2,2,2,2,2,2,2,2,2,2,2,
5.7,-3.99656,-2.61247,-2.56415,2,0.269359,0.212549,0.18379,0.164913,0.151346,0.14114,0.133274,0.127147,0.122378,0.118716,0.115991,0.114089,0.112935,0.112487,0.112727,0.113666,0.115337,0.117804,0.121169,0.125583,0.131269,0.138561,0.147981,0.160391,0.177369,0.202343,0.246092,2,2,2,2,2,2,2,2,2,2,2,2,2,2,2,2,2,2,2,2,2,2,2,2,2,2,2,2,2,2,2,2,2,2,2,2,2,2,2,2,2,2,2,2,2,2,2,2,2,2,2,2,2,2,2,2,2,2,2,2,2,2,
5.8,-4.05939,-2.65341,-2.56383,2,0.320166,0.26247,0.231304,0.210456,0.195373,0.184041,0.175385,0.168765,0.163778,0.160161,0.157743,0.156417,0.156128,0.156865,0.158658,0.161582,0.165771,0.17143,0.178877,0.188602,0.2014,0.21866,0.243166,0.282168,0.385812,2,2,2,2,2,2,2,2,2,2,2,2,2,2,2,2,2,2,2,2,2,2,2,2,2,2,2,2,2,2,2,2,2,2,2,2,2,2,2,2,2,2,2,2,2,2,2,2,2,2,2,2,2,2,2,2,2,2,2,2,2,2,2,2,
5.9,-4.12222,-2.69437,-2.5637,2,0.375405,0.315489,0.281957,0.259327,0.242966,0.230777,0.22163,0.214854,0.210032,0.2069,0.205303,0.205164,0.206477,0.209304,0.213784,0.220157,0.228805,0.240339,0.255775,0.276955,0.307777,0.3598,2,2,2,2,2,2,2,2,2,2,2,2,2,2,2,2,2,2,2,2,2,2,2,2,2,2,2,2,2,2,2,2,2,2,2,2,2,2,2,2,2,2,2,2,2,2,2,2,2,2,2,2,2,2,2,2,2,2,2,2,2,2,2,2,2,2,2,
6,-4.18504,-2.73534,-2.56351,2,0.433133,0.370683,0.33498,0.310825,0.293469,0.280734,0.271442,0.264902,0.260697,0.258583,0.258447,0.260281,0.264184,0.270378,0.279253,0.291452,0.308066,0.331077,0.364685,0.421266,2,2,2,2,2,2,2,2,2,2,2,2,2,2,2,2,2,2,2,2,2,2,2,2,2,2,2,2,2,2,2,2,2,2,2,2,2,2,2,2,2,2,2,2,2,2,2,2,2,2,2,2,2,2,2,2,2,2,2,2,2,2,2,2,2,2,2,2,2,
6.1,-4.24786,-2.77632,-2.5638,2,0.493307,0.42794,0.39017,0.36469,0.34659,0.333605,0.324517,0.318626,0.315536,0.315054,0.317149,0.321952,0.329774,0.341184,0.357168,0.379496,0.411743,0.463206,0.600052,2,2,2,2,2,2,2,2,2,2,2,2,2,2,2,2,2,2,2,2,2,2,2,2,2,2,2,2,2,2,2,2,2,2,2,2,2,2,2,2,2,2,2,2,2,2,2,2,2,2,2,2,2,2,2,2,2,2,2,2,2,2,2,2,2,2,2,2,2,2,
6.2,-4.31068,-2.81729,-2.56347,2,0.553955,0.486172,0.446716,0.420259,0.401767,0.388911,0.380456,0.375718,0.374357,0.376277,0.381611,0.390752,0.404454,0.424087,0.452269,0.494875,0.571873,2,2,2,2,2,2,2,2,2,2,2,2,2,2,2,2,2,2,2,2,2,2,2,2,2,2,2,2,2,2,2,2,2,2,2,2,2,2,2,2,2,2,2,2,2,2,2,2,2,2,2,2,2,2,2,2,2,2,2,2,2,2,2,2,2,2,2,2,2,2,2,2,
6.3,-4.37349,-2.85827,-2.56387,2,0.61675,0.546151,0.505047,0.477767,0.45911,0.446682,0.439239,0.436145,0.437155,0.442347,0.452146,0.467446,0.489956,0.523109,0.575312,0.685331,2,2,2,2,2,2,2,2,2,2,2,2,2,2,2,2,2,2,2,2,2,2,2,2,2,2,2,2,2,2,2,2,2,2,2,2,2,2,2,2,2,2,2,2,2,2,2,2,2,2,2,2,2,2,2,2,2,2,2,2,2,2,2,2,2,2,2,2,2,2,2,2,2,
6.4,-4.43632,-2.89923,-2.56342,2,0.679142,0.606494,0.564199,0.53649,0.518063,0.506499,0.500586,0.49978,0.50401,0.513658,0.529681,0.554012,0.590688,0.650174,0.797606,2,2,2,2,2,2,2,2,2,2,2,2,2,2,2,2,2,2,2,2,2,2,2,2,2,2,2,2,2,2,2,2,2,2,2,2,2,2,2,2,2,2,2,2,2,2,2,2,2,2,2,2,2,2,2,2,2,2,2,2,2,2,2,2,2,2,2,2,2,2,2,2,2,2,
6.5,-4.49913,-2.94022,-2.56416,2,0.744103,0.668688,0.625081,0.597,0.578974,0.568547,0.564564,0.566625,0.574935,0.590376,0.614894,0.652664,0.714596,0.868259,2,2,2,2,2,2,2,2,2,2,2,2,2,2,2,2,2,2,2,2,2,2,2,2,2,2,2,2,2,2,2,2,2,2,2,2,2,2,2,2,2,2,2,2,2,2,2,2,2,2,2,2,2,2,2,2,2,2,2,2,2,2,2,2,2,2,2,2,2,2,2,2,2,2,2,
6.6,-4.56197,-2.98116,-2.56436,2,0.808831,0.731221,0.686673,0.658565,0.641315,0.632477,0.631006,0.636741,0.650331,0.673536,0.710276,0.770559,0.903639,2,2,2,2,2,2,2,2,2,2,2,2,2,2,2,2,2,2,2,2,2,2,2,2,2,2,2,2,2,2,2,2,2,2,2,2,2,2,2,2,2,2,2,2,2,2,2,2,2,2,2,2,2,2,2,2,2,2,2,2,2,2,2,2,2,2,2,2,2,2,2,2,2,2,2,2,
6.7,-4.62482,-3.02208,-2.56575,2,0.876003,0.795437,0.749776,0.721663,0.705338,0.698368,0.699867,0.710019,0.730169,0.763608,0.818479,0.925642,2,2,2,2,2,2,2,2,2,2,2,2,2,2,2,2,2,2,2,2,2,2,2,2,2,2,2,2,2,2,2,2,2,2,2,2,2,2,2,2,2,2,2,2,2,2,2,2,2,2,2,2,2,2,2,2,2,2,2,2,2,2,2,2,2,2,2,2,2,2,2,2,2,2,2,2,2,
6.8,-4.68772,-3.06293,-2.56523,2,0.940446,0.858635,0.812697,0.785215,0.770426,0.766019,0.771385,0.787269,0.816205,0.864512,0.95219,2,2,2,2,2,2,2,2,2,2,2,2,2,2,2,2,2,2,2,2,2,2,2,2,2,2,2,2,2,2,2,2,2,2,2,2,2,2,2,2,2,2,2,2,2,2,2,2,2,2,2,2,2,2,2,2,2,2,2,2,2,2,2,2,2,2,2,2,2,2,2,2,2,2,2,2,2,2,
6.9,-4.75061,-3.1038,-2.56219,2,1.00128,0.920374,0.87523,0.849197,0.836735,0.835799,0.846248,0.869754,0.911035,0.98353,1.19443,2,2,2,2,2,2,2,2,2,2,2,2,2,2,2,2,2,2,2,2,2,2,2,2,2,2,2,2,2,2,2,2,2,2,2,2,2,2,2,2,2,2,2,2,2,2,2,2,2,2,2,2,2,2,2,2,2,2,2,2,2,2,2,2,2,2,2,2,2,2,2,2,2,2,2,2,2,2,
7,-4.81337,-3.14486,-2.56229,2,1.06796,0.985499,0.940242,0.915226,0.904928,0.907547,0.92352,0.955843,1.01296,1.12696,2,2,2,2,2,2,2,2,2,2,2,2,2,2,2,2,2,2,2,2,2,2,2,2,2,2,2,2,2,2,2,2,2,2,2,2,2,2,2,2,2,2,2,2,2,2,2,2,2,2,2,2,2,2,2,2,2,2,2,2,2,2,2,2,2,2,2,2,2,2,2,2,2,2,2,2,2,2,2,
7.1,-4.87613,-3.18592,-2.41229,1.04386,1.00194,0.980412,0.974515,0.983158,1.00797,1.05477,1.14228,2,2,2,2,2,2,2,2,2,2,2,2,2,2,2,2,2,2,2,2,2,2,2,2,2,2,2,2,2,2,2,2,2,2,2,2,2,2,2,2,2,2,2,2,2,2,2,2,2,2,2,2,2,2,2,2,2,2,2,2,2,2,2,2,2,2,2,2,2,2,2,2,2,2,2,2,2,2,2,2,1.12079,1.04386,
7.2,-4.93205,-3.2359,-2.26229,1.05131,1.04899,1.0633,1.09735,1.16136,1.30126,2,2,2,2,2,2,2,2,2,2,2,2,2,2,2,2,2,2,2,2,2,2,2,2,2,2,2,2,2,2,2,2,2,2,2,2,2,2,2,2,2,2,2,2,2,2,2,2,2,2,2,2,2,2,2,2,2,2,2,2,2,2,2,2,2,2,2,2,2,2,2,2,2,2,2,2,2,2,2,1.42418,1.18879,1.11173,1.07073,1.05131,
7.3,-4.97988,-3.29367,-2.11229,1.1445,1.18752,1.27097,2,2,2,2,2,2,2,2,2,2,2,2,2,2,2,2,2,2,2,2,2,2,2,2,2,2,2,2,2,2,2,2,2,2,2,2,2,2,2,2,2,2,2,2,2,2,2,2,2,2,2,2,2,2,2,2,2,2,2,2,2,2,2,2,2,2,2,2,2,2,2,2,2,2,2,2,2,2,2,2,2,1.26813,1.18611,1.14378,1.12505,1.12527,1.1445,
7.4,-5.01854,-3.35794,-1.96229,1.37776,2,2,2,2,2,2,2,2,2,2,2,2,2,2,2,2,2,2,2,2,2,2,2,2,2,2,2,2,2,2,2,2,2,2,2,2,2,2,2,2,2,2,2,2,2,2,2,2,2,2,2,2,2,2,2,2,2,2,2,2,2,2,2,2,2,2,2,2,2,2,2,2,2,2,2,2,2,2,2,2,2,1.35755,1.26508,1.219,1.19935,1.20079,1.22365,1.27442,1.37776,
7.5,-5.04715,-3.42727,-1.81229,2,2,2,2,2,2,2,2,2,2,2,2,2,2,2,2,2,2,2,2,2,2,2,2,2,2,2,2,2,2,2,2,2,2,2,2,2,2,2,2,2,2,2,2,2,2,2,2,2,2,2,2,2,2,2,2,2,2,2,2,2,2,2,2,2,2,2,2,2,2,2,2,2,2,2,2,2,2,2,2,1.45847,1.34768,1.29498,1.27253,1.27355,1.29831,1.35452,1.47469,2,2,
7.6,-5.06509,-3.50009,-1.66229,2,2,2,2,2,2,2,2,2,2,2,2,2,2,2,2,2,2,2,2,2,2,2,2,2,2,2,2,2,2,2,2,2,2,2,2,2,2,2,2,2,2,2,2,2,2,2,2,2,2,2,2,2,2,2,2,2,2,2,2,2,2,2,2,2,2,2,2,2,2,2,2,2,2,2,2,2,2,1.57789,1.43391,1.37091,1.3435,1.34224,1.36679,1.42529,1.55481,2,2,2,2,
7.7,-5.07194,-3.57477,-1.51229,2,2,2,2,2,2,2,2,2,2,2,2,2,2,2,2,2,2,2,2,2,2,2,2,2,2,2,2,2,2,2,2,2,2,2,2,2,2,2,2,2,2,2,2,2,2,2,2,2,2,2,2,2,2,2,2,2,2,2,2,2,2,2,2,2,2,2,2,2,2,2,2,2,2,2,2,1.75506,1.5251,1.44663,1.41171,1.40615,1.42823,1.48556,1.61448,2,2,2,2,2,2,
7.8,-5.06756,-3.64965,-1.36229,2,2,2,2,2,2,2,2,2,2,2,2,2,2,2,2,2,2,2,2,2,2,2,2,2,2,2,2,2,2,2,2,2,2,2,2,2,2,2,2,2,2,2,2,2,2,2,2,2,2,2,2,2,2,2,2,2,2,2,2,2,2,2,2,2,2,2,2,2,2,2,2,2,2,2,1.62488,1.52264,1.47709,1.46506,1.48247,1.53543,1.65524,2,2,2,2,2,2,2,2,
7.9,-5.05203,-3.72302,-1.21229,2,2,2,2,2,2,2,2,2,2,2,2,2,2,2,2,2,2,2,2,2,2,2,2,2,2,2,2,2,2,2,2,2,2,2,2,2,2,2,2,2,2,2,2,2,2,2,2,2,2,2,2,2,2,2,2,2,2,2,2,2,2,2,2,2,2,2,2,2,2,2,2,2,1.74338,1.60023,1.54,1.51918,1.52986,1.57582,1.68156,2,2,2,2,2,2,2,2,2,2,
8,-5.02572,-3.79325,-1.06229,2,2,2,2,2,2,2,2,2,2,2,2,2,2,2,2,2,2,2,2,2,2,2,2,2,2,2,2,2,2,2,2,2,2,2,2,2,2,2,2,2,2,2,2,2,2,2,2,2,2,2,2,2,2,2,2,2,2,2,2,2,2,2,2,2,2,2,2,2,2,2,1.94589,1.68202,1.60117,1.56898,1.57102,1.60803,1.69772,2,2,2,2,2,2,2,2,2,2,2,2,
8.1,-4.9892,-3.85876,-0.912293,2,2,2,2,2,2,2,2,2,2,2,2,2,2,2,2,2,2,2,2,2,2,2,2,2,2,2,2,2,2,2,2,2,2,2,2,2,2,2,2,2,2,2,2,2,2,2,2,2,2,2,2,2,2,2,2,2,2,2,2,2,2,2,2,2,2,2,2,2,2,1.77365,1.66179,1.61509,1.60669,1.63334,1.7067,1.90891,2,2,2,2,2,2,2,2,2,2,2,2,2,
8.2,-4.94331,-3.91808,-0.762293,2,2,2,2,2,2,2,2,2,2,2,2,2,2,2,2,2,2,2,2,2,2,2,2,2,2,2,2,2,2,2,2,2,2,2,2,2,2,2,2,2,2,2,2,2,2,2,2,2,2,2,2,2,2,2,2,2,2,2,2,2,2,2,2,2,2,2,2,1.8918,1.72374,1.65827,1.63759,1.65284,1.71031,1.85175,2,2,2,2,2,2,2,2,2,2,2,2,2,2,2,
8.3,-4.88906,-3.96988,-0.612293,2,2,2,2,2,2,2,2,2,2,2,2,2,2,2,2,2,2,2,2,2,2,2,2,2,2,2,2,2,2,2,2,2,2,2,2,2,2,2,2,2,2,2,2,2,2,2,2,2,2,2,2,2,2,2,2,2,2,2,2,2,2,2,2,2,2,2,1.79034,1.69944,1.66435,1.66734,1.70961,1.81479,2,2,2,2,2,2,2,2,2,2,2,2,2,2,2,2,2,
8.4,-4.82769,-4.01298,-0.462293,2,2,2,2,2,2,2,2,2,2,2,2,2,2,2,2,2,2,2,2,2,2,2,2,2,2,2,2,2,2,2,2,2,2,2,2,2,2,2,2,2,2,2,2,2,2,2,2,2,2,2,2,2,2,2,2,2,2,2,2,2,2,2,2,2,1.86883,1.73972,1.68755,1.67744,1.70518,1.78383,2,2,2,2,2,2,2,2,2,2,2,2,2,2,2,2,2,2,2,
8.5,-4.76056,-4.04643,-0.312293,2,2,2,2,2,2,2,2,2,2,2,2,2,2,2,2,2,2,2,2,2,2,2,2,2,2,2,2,2,2,2,2,2,2,2,2,2,2,2,2,2,2,2,2,2,2,2,2,2,2,2,2,2,2,2,2,2,2,2,2,2,2,2,1.98661,1.78072,1.70764,1.68352,1.69726,1.75475,1.899,2,2,2,2,2,2,2,2,2,2,2,2,2,2,2,2,2,2,2,2,
8.6,-4.68919,-4.06948,-0.162293,2,2,2,2,2,2,2,2,2,2,2,2,2,2,2,2,2,2,2,2,2,2,2,2,2,2,2,2,2,2,2,2,2,2,2,2,2,2,2,2,2,2,2,2,2,2,2,2,2,2,2,2,2,2,2,2,2,2,2,2,2,2,1.82516,1.72502,1.68573,1.68591,1.72563,1.82662,2,2,2,2,2,2,2,2,2,2,2,2,2,2,2,2,2,2,2,2,2,2,
8.7,-4.61517,-4.08159,-0.0122927,2,2,2,2,2,2,2,2,2,2,2,2,2,2,2,2,2,2,2,2,2,2,2,2,2,2,2,2,2,2,2,2,2,2,2,2,2,2,2,2,2,2,2,2,2,2,2,2,2,2,2,2,2,2,2,2,2,2,2,2,1.87905,1.74001,1.68405,1.67098,1.69528,1.76801,1.97109,2,2,2,2,2,2,2,2,2,2,2,2,2,2,2,2,2,2,2,2,2,2,2,
8.8,-4.54018,-4.08252,0.119983,2,2,2,2,2,2,2,2,2,2,2,2,2,2,2,2,2,2,2,2,2,2,2,2,2,2,2,2,2,2,2,2,2,2,2,2,2,2,2,2,2,2,2,2,2,2,2,2,2,2,2,2,2,2,2,2,2,2,2,1.78409,1.69142,1.65513,1.65673,1.69686,1.79706,2,2,2,2,2,2,2,2,2,2,2,2,2,2,2,2,2,2,2,2,2,2,2,2,2,
8.9,-4.46572,-4.07354,0.229967,2,2,2,2,2,2,2,2,2,2,2,2,2,2,2,2,2,2,2,2,2,2,2,2,2,2,2,2,2,2,2,2,2,2,2,2,2,2,2,2,2,2,2,2,2,2,2,2,2,2,2,2,2,2,2,2,2,2,1.74148,1.65896,1.62747,1.63226,1.67519,1.7798,2,2,2,2,2,2,2,2,2,2,2,2,2,2,2,2,2,2,2,2,2,2,2,2,2,2,
9,-4.39269,-4.05644,0.321467,2,2,2,2,2,2,2,2,2,2,2,2,2,2,2,2,2,2,2,2,2,2,2,2,2,2,2,2,2,2,2,2,2,2,2,2,2,2,2,2,2,2,2,2,2,2,2,2,2,2,2,2,2,2,2,2,2,1.72532,1.63488,1.5982,1.5974,1.63217,1.71904,2,2,2,2,2,2,2,2,2,2,2,2,2,2,2,2,2,2,2,2,2,2,2,2,2,2,2,
9.1,-4.32153,-4.03275,0.397622,2,2,2,2,2,2,2,2,2,2,2,2,2,2,2,2,2,2,2,2,2,2,2,2,2,2,2,2,2,2,2,2,2,2,2,2,2,2,2,2,2,2,2,2,2,2,2,2,2,2,2,2,2,2,2,2,1.74047,1.62177,1.57111,1.55819,1.57816,1.63886,1.78563,2,2,2,2,2,2,2,2,2,2,2,2,2,2,2,2,2,2,2,2,2,2,2,2,2,2,2,
9.2,-4.25239,-4.0037,0.46103,2,2,2,2,2,2,2,2,2,2,2,2,2,2,2,2,2,2,2,2,2,2,2,2,2,2,2,2,2,2,2,2,2,2,2,2,2,2,2,2,2,2,2,2,2,2,2,2,2,2,2,2,2,2,2,1.8439,1.62938,1.55328,1.52258,1.52429,1.55901,1.64222,2,2,2,2,2,2,2,2,2,2,2,2,2,2,2,2,2,2,2,2,2,2,2,2,2,2,2,2,
9.3,-4.18522,-3.97034,0.513843,2,2,2,2,2,2,2,2,2,2,2,2,2,2,2,2,2,2,2,2,2,2,2,2,2,2,2,2,2,2,2,2,2,2,2,2,2,2,2,2,2,2,2,2,2,2,2,2,2,2,2,2,2,2,2,1.68511,1.5552,1.49875,1.47933,1.48991,1.53412,1.63411,2,2,2,2,2,2,2,2,2,2,2,2,2,2,2,2,2,2,2,2,2,2,2,2,2,2,2,2,
9.4,-4.1199,-3.93347,0.557844,2,2,2,2,2,2,2,2,2,2,2,2,2,2,2,2,2,2,2,2,2,2,2,2,2,2,2,2,2,2,2,2,2,2,2,2,2,2,2,2,2,2,2,2,2,2,2,2,2,2,2,2,2,2,2,1.59924,1.49679,1.45057,1.4372,1.45226,1.50079,1.60847,2,2,2,2,2,2,2,2,2,2,2,2,2,2,2,2,2,2,2,2,2,2,2,2,2,2,2,2,
9.5,-4.05627,-3.89377,0.594514,2,2,2,2,2,2,2,2,2,2,2,2,2,2,2,2,2,2,2,2,2,2,2,2,2,2,2,2,2,2,2,2,2,2,2,2,2,2,2,2,2,2,2,2,2,2,2,2,2,2,2,2,2,2,2,1.5373,1.44703,1.40567,1.39472,1.41074,1.45892,1.56388,2,2,2,2,2,2,2,2,2,2,2,2,2,2,2,2,2,2,2,2,2,2,2,2,2,2,2,2,
9.6,-3.99414,-3.85176,0.625084,2,2,2,2,2,2,2,2,2,2,2,2,2,2,2,2,2,2,2,2,2,2,2,2,2,2,2,2,2,2,2,2,2,2,2,2,2,2,2,2,2,2,2,2,2,2,2,2,2,2,2,2,2,2,2,1.48902,1.4031,1.36303,1.35182,1.36612,1.4103,1.50459,2,2,2,2,2,2,2,2,2,2,2,2,2,2,2,2,2,2,2,2,2,2,2,2,2,2,2,2,
9.7,-3.93332,-3.80788,0.650576,2,2,2,2,2,2,2,2,2,2,2,2,2,2,2,2,2,2,2,2,2,2,2,2,2,2,2,2,2,2,2,2,2,2,2,2,2,2,2,2,2,2,2,2,2,2,2,2,2,2,2,2,2,2,2,1.45104,1.36407,1.3226,1.30914,1.3198,1.3576,1.43743,1.68591,2,2,2,2,2,2,2,2,2,2,2,2,2,2,2,2,2,2,2,2,2,2,2,2,2,2,2,
9.8,-3.87364,-3.76245,0.671838,2,2,2,2,2,2,2,2,2,2,2,2,2,2,2,2,2,2,2,2,2,2,2,2,2,2,2,2,2,2,2,2,2,2,2,2,2,2,2,2,2,2,2,2,2,2,2,2,2,2,2,2,2,2,2,1.42283,1.32998,1.28489,1.26766,1.27337,1.30353,1.36825,1.51574,2,2,2,2,2,2,2,2,2,2,2,2,2,2,2,2,2,2,2,2,2,2,2,2,2,2,2,
9.9,-3.81494,-3.71577,0.689578,2,2,2,2,2,2,2,2,2,2,2,2,2,2,2,2,2,2,2,2,2,2,2,2,2,2,2,2,2,2,2,2,2,2,2,2,2,2,2,2,2,2,2,2,2,2,2,2,2,2,2,2,2,2,2,1.40593,1.30148,1.25066,1.22842,1.22833,1.25037,1.30089,1.40462,2,2,2,2,2,2,2,2,2,2,2,2,2,2,2,2,2,2,2,2,2,2,2,2,2,2,2,
10,-3.75708,-3.66806,0.704383,2,2,2,2,2,2,2,2,2,2,2,2,2,2,2,2,2,2,2,2,2,2,2,2,2,2,2,2,2,2,2,2,2,2,2,2,2,2,2,2,2,2,2,2,2,2,2,2,2,2,2,2,2,2,2,1.40514,1.2798,1.22086,1.19245,1.18597,1.19986,1.23762,1.31282,1.51396,2,2,2,2,2,2,2,2,2,2,2,2,2,2,2,2,2,2,2,2,2,2,2,2,2,2,
10.1,-3.69992,-3.61949,0.716743,2,2,2,2,2,2,2,2,2,2,2,2,2,2,2,2,2,2,2,2,2,2,2,2,2,2,2,2,2,2,2,2,2,2,2,2,2,2,2,2,2,2,2,2,2,2,2,2,2,2,2,2,2,2,2,1.4369,1.26701,1.19665,1.16079,1.1474,1.15326,1.17971,1.23425,1.34567,2,2,2,2,2,2,2,2,2,2,2,2,2,2,2,2,2,2,2,2,2,2,2,2,2,2,
10.2,-3.64338,-3.57022,0.727065,2,2,2,2,2,2,2,2,2,2,2,2,2,2,2,2,2,2,2,2,2,2,2,2,2,2,2,2,2,2,2,2,2,2,2,2,2,2,2,2,2,2,2,2,2,2,2,2,2,2,2,2,2,2,2,2,1.26687,1.17955,1.13451,1.11359,1.11153,1.12788,1.16652,1.24086,1.43708,2,2,2,2,2,2,2,2,2,2,2,2,2,2,2,2,2,2,2,2,2,2,2,2,2,
10.3,-3.58734,-3.52037,0.735687,2,2,2,2,2,2,2,2,2,2,2,2,2,2,2,2,2,2,2,2,2,2,2,2,2,2,2,2,2,2,2,2,2,2,2,2,2,2,2,2,2,2,2,2,2,2,2,2,2,2,2,2,2,2,2,2,1.28808,1.17179,1.11486,1.08547,1.07543,1.08257,1.10839,1.15967,1.26051,2,2,2,2,2,2,2,2,2,2,2,2,2,2,2,2,2,2,2,2,2,2,2,2,2,
10.4,-3.53174,-3.47004,0.742891,2,2,2,2,2,2,2,2,2,2,2,2,2,2,2,2,2,2,2,2,2,2,2,2,2,2,2,2,2,2,2,2,2,2,2,2,2,2,2,2,2,2,2,2,2,2,2,2,2,2,2,2,2,2,2,2,1.37197,1.17727,1.10348,1.06406,1.04567,1.04413,1.05914,1.09396,1.1592,1.30406,2,2,2,2,2,2,2,2,2,2,2,2,2,2,2,2,2,2,2,2,2,2,2,2,
10.5,-3.4765,-3.4193,0.748914,2,2,2,2,2,2,2,2,2,2,2,2,2,2,2,2,2,2,2,2,2,2,2,2,2,2,2,2,2,2,2,2,2,2,2,2,2,2,2,2,2,2,2,2,2,2,2,2,2,2,2,2,2,2,2,2,2,1.20471,1.10292,1.05065,1.02302,1.01294,1.01839,1.04043,1.08418,1.16592,2,2,2,2,2,2,2,2,2,2,2,2,2,2,2,2,2,2,2,2,2,2,2,2,
10.6,-3.42157,-3.36824,0.75395,2,2,2,2,2,2,2,2,2,2,2,2,2,2,2,2,2,2,2,2,2,2,2,2,2,2,2,2,2,2,2,2,2,2,2,2,2,2,2,2,2,2,2,2,2,2,2,2,2,2,2,2,2,2,2,2,2,1.29195,1.11785,1.04713,1.00848,0.989466,0.985994,0.997419,1.02598,1.07895,1.18205,2,2,2,2,2,2,2,2,2,2,2,2,2,2,2,2,2,2,2,2,2,2,2,
10.7,-3.3669,-3.3169,0.758162,2,2,2,2,2,2,2,2,2,2,2,2,2,2,2,2,2,2,2,2,2,2,2,2,2,2,2,2,2,2,2,2,2,2,2,2,2,2,2,2,2,2,2,2,2,2,2,2,2,2,2,2,2,2,2,2,2,2,1.15984,1.0567,1.00353,0.974443,0.962082,0.964078,0.98079,1.0156,1.07854,1.21361,2,2,2,2,2,2,2,2,2,2,2,2,2,2,2,2,2,2,2,2,2,2,
10.8,-3.31244,-3.26533,0.761687,2,2,2,2,2,2,2,2,2,2,2,2,2,2,2,2,2,2,2,2,2,2,2,2,2,2,2,2,2,2,2,2,2,2,2,2,2,2,2,2,2,2,2,2,2,2,2,2,2,2,2,2,2,2,2,2,2,2,1.31809,1.08593,1.01057,0.968999,0.947072,0.940073,0.946756,0.968308,1.00934,1.08358,1.29478,2,2,2,2,2,2,2,2,2,2,2,2,2,2,2,2,2,2,2,2,2,
10.9,-3.25816,-3.21357,0.764638,2,2,2,2,2,2,2,2,2,2,2,2,2,2,2,2,2,2,2,2,2,2,2,2,2,2,2,2,2,2,2,2,2,2,2,2,2,2,2,2,2,2,2,2,2,2,2,2,2,2,2,2,2,2,2,2,2,2,2,1.15502,1.03416,0.975025,0.941795,0.925491,0.922975,0.933818,0.959969,1.00744,1.09535,2,2,2,2,2,2,2,2,2,2,2,2,2,2,2,2,2,2,2,2,2,
11,-3.20404,-3.16165,0.767109,2,2,2,2,2,2,2,2,2,2,2,2,2,2,2,2,2,2,2,2,2,2,2,2,2,2,2,2,2,2,2,2,2,2,2,2,2,2,2,2,2,2,2,2,2,2,2,2,1.986,1.97678,2,2,2,2,2,2,2,2,2,2,1.08547,0.995995,0.947756,0.920881,0.909172,0.910544,0.925224,0.955929,1.01039,1.11633,2,2,2,2,2,2,2,2,2,2,2,2,2,2,2,2,2,2,2,2,
11.1,-3.15005,-3.1096,0.769179,2,2,2,2,2,2,2,2,2,2,2,2,2,2,2,2,2,2,2,2,2,2,2,2,2,2,2,2,2,2,2,2,2,2,2,2,2,2,2,2,2,2,2,2,2,2,2,1.98514,1.91705,1.90376,1.93822,2,2,2,2,2,2,2,2,2,1.22858,1.03952,0.96772,0.927416,0.905606,0.897803,0.902684,0.921062,0.956492,1.01895,1.15228,2,2,2,2,2,2,2,2,2,2,2,2,2,2,2,2,2,2,2,
11.2,-3.09616,-3.05743,0.919179,2,2,2,2,2,2,2,2,2,2,2,2,2,2,2,2,2,2,2,2,2,2,2,2,2,2,2,2,2,2,2,2,2,2,2,2,2,2,2,2,2,2,2,2,2,1.90865,1.84499,1.83211,1.86364,1.9574,2,2,2,2,2,2,2,2,2,1.11216,0.999658,0.942985,0.910729,0.894555,0.891466,0.900956,0.924644,0.967555,1.0446,2,2,2,2,2,2,2,2,2,2,2,2,2,2,2,2,2,2,2,2,2,
11.3,-3.05067,-2.9978,1.06918,2,2,2,2,2,2,2,2,2,2,2,2,2,2,2,2,2,2,2,2,2,2,2,2,2,2,2,2,2,2,2,2,2,2,2,2,2,2,2,2,2,2,1.96846,1.82431,1.76847,1.7585,1.78989,1.87917,2,2,2,2,2,2,2,2,2,2,1.03902,0.958582,0.913987,0.888962,0.878112,0.879594,0.893645,0.922751,0.9738,1.06987,2,2,2,2,2,2,2,2,2,2,2,2,2,2,2,2,2,2,2,2,2,2,
11.4,-3.01461,-2.93204,1.21918,2,2,2,2,2,2,2,2,2,2,2,2,2,2,2,2,2,2,2,2,2,2,2,2,2,2,2,2,2,2,2,2,2,2,2,2,2,2,2,2,1.84876,1.7352,1.68962,1.68475,1.71857,1.80824,2,2,2,2,2,2,2,2,2,2,1.09903,0.975251,0.915287,0.880708,0.862206,0.85635,0.862215,0.880729,0.915323,0.975316,1.0992,2,2,2,2,2,2,2,2,2,2,2,2,2,2,2,2,2,2,2,2,2,2,2,
11.5,-2.98878,-2.86163,1.36918,2,2,2,2,2,2,2,2,2,2,2,2,2,2,2,2,2,2,2,2,2,2,2,2,2,2,2,2,2,2,2,2,2,2,2,2,2,2,1.7311,1.64511,1.61121,1.61327,1.65207,1.74735,2,2,2,2,2,2,2,2,2,2,2,0.995021,0.914356,0.869276,0.843189,0.83057,0.829357,0.83937,0.86219,0.902301,0.972272,1.1527,2,2,2,2,2,2,2,2,2,2,2,2,2,2,2,2,2,2,2,2,2,2,2,2,
11.6,-2.97376,-2.78815,1.51918,2,2,2,2,2,2,2,2,2,2,2,2,2,2,2,2,2,2,2,2,2,2,2,2,2,2,2,2,2,2,2,2,2,2,2,1.77068,1.6203,1.55813,1.53653,1.54709,1.59362,1.7015,2,2,2,2,2,2,2,2,2,2,2,1.02331,0.910622,0.85385,0.820312,0.801513,0.794177,0.797227,0.8111,0.838004,0.883606,0.964965,2,2,2,2,2,2,2,2,2,2,2,2,2,2,2,2,2,2,2,2,2,2,2,2,2,2,
11.7,-2.96989,-2.71325,1.66918,2,2,2,2,2,2,2,2,2,2,2,2,2,2,2,2,2,2,2,2,2,2,2,2,2,2,2,2,2,2,2,2,2,1.61471,1.52016,1.47833,1.46925,1.48988,1.54767,1.68091,2,2,2,2,2,2,2,2,2,2,2,1.09583,0.902959,0.833209,0.792583,0.76832,0.755799,0.753165,0.760066,0.777452,0.808141,0.859132,0.953941,2,2,2,2,2,2,2,2,2,2,2,2,2,2,2,2,2,2,2,2,2,2,2,2,2,2,2,
11.8,-2.97726,-2.63861,1.81918,2,2,2,2,2,2,2,2,2,2,2,2,2,2,2,2,2,2,2,2,2,2,2,2,2,2,2,2,2,2,1.63415,1.4947,1.43394,1.40968,1.41336,1.4461,1.52081,1.72122,2,2,2,2,2,2,2,2,2,2,2,2,0.889118,0.805577,0.75874,0.73,0.713326,0.706194,0.707684,0.717981,0.73847,0.772548,0.828711,0.940316,2,2,2,2,2,2,2,2,2,2,2,2,2,2,2,2,2,2,2,2,2,2,2,2,2,2,2,2,
11.9,-2.9957,-2.56591,1.96918,2,2,2,2,2,2,2,2,2,2,2,2,2,2,2,2,2,2,2,2,2,2,2,2,2,2,2,1.72676,1.48108,1.4013,1.36453,1.35601,1.37321,1.42154,1.52514,2,2,2,2,2,2,2,2,2,2,2,2,2,0.864576,0.768548,0.717282,0.685464,0.665854,0.655424,0.652868,0.657893,0.671084,0.694184,0.731138,0.792081,0.927002,2,2,2,2,2,2,2,2,2,2,2,2,2,2,2,2,2,2,2,2,2,2,2,2,2,2,2,2,2,
12,-3.02479,-2.49678,2.11918,2,2,2,2,2,2,2,2,2,2,2,2,2,2,2,2,2,2,2,2,2,2,2,2,2,1.4807,1.38021,1.3325,1.31461,1.32115,1.35396,1.42496,1.6012,2,2,2,2,2,2,2,2,2,2,2,2,2,0.821235,0.719335,0.666651,0.633653,0.612547,0.600085,0.594761,0.596009,0.603957,0.619483,0.644613,0.683776,0.748827,0.929953,2,2,2,2,2,2,2,2,2,2,2,2,2,2,2,2,2,2,2,2,2,2,2,2,2,2,2,2,2,2,
12.1,-3.06389,-2.43278,2.26918,2,2,2,2,2,2,2,2,2,2,2,2,2,2,2,2,2,2,2,2,2,2,1.4983,1.372,1.31386,1.28819,1.2868,1.3093,1.36262,1.47556,2,2,2,2,2,2,2,2,2,2,2,2,2,2,0.750469,0.655694,0.605654,0.573767,0.552782,0.539608,0.532746,0.53152,0.535816,0.546042,0.563277,0.589744,0.630258,0.698294,2,2,2,2,2,2,2,2,2,2,2,2,2,2,2,2,2,2,2,2,2,2,2,2,2,2,2,2,2,2,2,2,
12.2,-3.11211,-2.37534,2.41918,2,2,2,2,2,2,2,2,2,2,2,2,2,2,2,2,2,2,2,1.54758,1.37952,1.30993,1.27694,1.26896,1.28387,1.32584,1.41224,2,2,2,2,2,2,2,2,2,2,2,2,2,2,2,0.653478,0.577415,0.534072,0.505614,0.486368,0.473772,0.466522,0.463972,0.465911,0.472498,0.484313,0.502548,0.529532,0.570293,0.639513,2,2,2,2,2,2,2,2,2,2,2,2,2,2,2,2,2,2,2,2,2,2,2,2,2,2,2,2,2,2,2,2,2,
12.3,-3.16838,-2.32575,2.56918,2,2,2,2,2,2,2,2,2,2,2,2,2,2,2,2,2,1.40742,1.32276,1.28163,1.2673,1.27578,1.30936,1.37991,1.5526,2,2,2,2,2,2,2,2,2,2,2,2,2,2,0.672598,0.541414,0.487177,0.453171,0.429938,0.413778,0.402869,0.396224,0.393324,0.393956,0.398167,0.406268,0.418922,0.437355,0.463883,0.503496,0.571164,2,2,2,2,2,2,2,2,2,2,2,2,2,2,2,2,2,2,2,2,2,2,2,2,2,2,2,2,2,2,2,2,2,2,
12.4,-3.23142,-2.28513,2.71918,2,2,2,2,2,2,2,2,2,2,2,2,2,2,1.46422,1.35525,1.30342,1.28179,1.28385,1.31012,1.36902,1.49744,2,2,2,2,2,2,2,2,2,2,2,2,2,2,2,0.483589,0.425082,0.389821,0.365737,0.34858,0.336323,0.327855,0.322541,0.320026,0.320153,0.32293,0.328531,0.337333,0.350007,0.367725,0.392651,0.429405,0.491777,2,2,2,2,2,2,2,2,2,2,2,2,2,2,2,2,2,2,2,2,2,2,2,2,2,2,2,2,2,2,2,2,2,2,2,
12.5,-3.29983,-2.25438,2.86918,2,2,2,2,2,2,2,2,2,2,2,1.57457,1.41214,1.34404,1.31275,1.30723,1.32596,1.37458,1.47684,2,2,2,2,2,2,2,2,2,2,2,2,2,2,0.5499,0.389678,0.341671,0.311723,0.290835,0.275608,0.264365,0.256158,0.250419,0.246802,0.245108,0.245249,0.247233,0.251163,0.257257,0.26589,0.277677,0.293644,0.315646,0.347543,0.40029,2,2,2,2,2,2,2,2,2,2,2,2,2,2,2,2,2,2,2,2,2,2,2,2,2,2,2,2,2,2,2,2,2,2,2,2,
12.6,-3.37207,-2.2342,3.01918,2,2,2,2,2,2,2,2,2,1.50384,1.40676,1.36116,1.34563,1.35545,1.39349,1.47523,2,2,2,2,2,2,2,2,2,2,2,2,2,2,0.317978,0.269174,0.240424,0.220669,0.206215,0.195322,0.18703,0.180758,0.176137,0.172927,0.170979,0.170205,0.170573,0.172098,0.174847,0.178945,0.184598,0.19212,0.202005,0.215051,0.232646,0.257549,0.296795,0.392215,2,2,2,2,2,2,2,2,2,2,2,2,2,2,2,2,2,2,2,2,2,2,2,2,2,2,2,2,2,2,2,2,2,2,2,2,
12.7,-3.4465,-2.22504,3.14403,2,2,2,2,2,2,2,1.53989,1.44869,1.40689,1.39563,1.41138,1.4592,1.56338,2,2,2,2,2,2,2,2,2,2,2,0.295359,0.205376,0.173001,0.152908,0.138819,0.12835,0.12032,0.114055,0.10914,0.1053,0.102352,0.100169,0.0986644,0.0977836,0.097495,0.097789,0.0986753,0.100186,0.102375,0.105331,0.10918,0.114106,0.120384,0.128433,0.138928,0.153059,0.173225,0.205774,0.298355,2,2,2,2,2,2,2,2,2,2,2,2,2,2,2,2,2,2,2,2,2,2,2,2,2,2,2,2,2,2,2,2,2,2,2,2,
12.8,-3.5215,-2.22522,3.24491,2,2,2,2,2,1.64962,1.52678,1.47246,1.45377,1.46416,1.50709,1.60319,2,2,2,2,2,2,2,2,0.100099,0.0764273,0.0635441,0.0550918,0.0490558,0.0445283,0.0410229,0.0382519,0.0360319,0.0342407,0.0327932,0.0316292,0.0307054,0.0299902,0.0294606,0.0291009,0.0289005,0.0288543,0.0289602,0.0292217,0.0296462,0.030246,0.0310393,0.0320524,0.0333209,0.0348942,0.0368408,0.0392585,0.0422894,0.0461512,0.0511929,0.0580262,0.067858,0.0836538,0.118045,2,2,2,2,2,2,2,2,2,2,2,2,2,2,2,2,2,2,2,2,2,2,2,2,2,2,2,2,2,2,2,2,2,2,2,
12.9,-3.5961,-2.23296,3.32649,
