0,-5,4,-2.95964,2,2,2,2,2,2,2,2,2,2,2,2,2,2,2,2,2,2,2,2,2,2,2,2,2,2,2,2,2,2,2,2,2,2,2,2,2,2,2,2,2,2,2,2,2,2,2,2,2,2,2,2,2,2,2,2,2,2,2,2,2,1.72056,1.58076,1.52129,1.50045,1.51041,1.55466,1.65576,2,2,2,2,2,2,2,2,2,2,2,2,2,2,2,2,2,2,2,2,2,2,
0.1,-5.07376,3.98643,-2.80964,2,2,2,2,2,2,2,2,2,2,2,2,2,2,2,2,2,2,2,2,2,2,2,2,2,2,2,2,2,2,2,2,2,2,2,2,2,2,2,2,2,2,2,2,2,2,2,2,2,2,2,2,2,2,2,2,2,2,2,1.86338,1.60725,1.52673,1.49269,1.49049,1.51939,1.59102,1.77736,2,2,2,2,2,2,2,2,2,2,2,2,2,2,2,2,2,2,2,2,2,2,2,
0.2,-5.14467,3.96199,-2.65964,2,2,2,2,2,2,2,2,2,2,2,2,2,2,2,2,2,2,2,2,2,2,2,2,2,2,2,2,2,2,2,2,2,2,2,2,2,2,2,2,2,2,2,2,2,2,2,2,2,2,2,2,2,2,2,2,2,2,1.63661,1.52895,1.48104,1.46733,1.48311,1.53387,1.64829,2,2,2,2,2,2,2,2,2,2,2,2,2,2,2,2,2,2,2,2,2,2,2,2,2,
0.3,-5.21112,3.92722,-2.50964,2,2,2,2,2,2,2,2,2,2,2,2,2,2,2,2,2,2,2,2,2,2,2,2,2,2,2,2,2,2,2,2,2,2,2,2,2,2,2,2,2,2,2,2,2,2,2,2,2,2,2,2,2,2,2,2,1.67434,1.52756,1.465,1.4404,1.4448,1.47958,1.55924,1.80299,2,2,2,2,2,2,2,2,2,2,2,2,2,2,2,2,2,2,2,2,2,2,2,2,2,2,
0.4,-5.27164,3.88292,-2.35964,2,2,2,2,2,2,2,2,2,2,2,2,2,2,2,2,2,2,2,2,2,2,2,2,2,2,2,2,2,2,2,2,2,2,2,2,2,2,2,2,2,2,2,2,2,2,2,2,2,2,2,2,2,2,1.74717,1.52179,1.44379,1.40906,1.40359,1.42567,1.4829,1.61139,2,2,2,2,2,2,2,2,2,2,2,2,2,2,2,2,2,2,2,2,2,2,2,2,2,2,2,2,
0.5,-5.32486,3.83007,-2.20964,2,2,2,2,2,2,2,2,2,2,2,2,2,2,2,2,2,2,2,2,2,2,2,2,2,2,2,2,2,2,2,2,2,2,2,2,2,2,2,2,2,2,2,2,2,2,2,2,2,2,2,2,2,1.51024,1.41639,1.37255,1.3587,1.37058,1.41179,1.50025,2,2,2,2,2,2,2,2,2,2,2,2,2,2,2,2,2,2,2,2,2,2,2,2,2,2,2,2,2,2,
0.6,-5.36958,3.76986,-2.05964,2,2,2,2,2,2,2,2,2,2,2,2,2,2,2,2,2,2,2,2,2,2,2,2,2,2,2,2,2,2,2,2,2,2,2,2,2,2,2,2,2,2,2,2,2,2,2,2,2,2,2,1.49049,1.38145,1.33003,1.3094,1.31321,1.34251,1.40735,1.55673,2,2,2,2,2,2,2,2,2,2,2,2,2,2,2,2,2,2,2,2,2,2,2,2,2,2,2,2,2,2,2,
0.7,-5.4048,3.70364,-1.9157,2,2,2,2,2,2,2,2,2,2,2,2,2,2,2,2,2,2,2,2,2,2,2,2,2,2,2,2,2,2,2,2,2,2,2,2,2,2,2,2,2,2,2,2,2,2,2,2,2,1.47615,1.34443,1.28414,1.25632,1.25213,1.27047,1.31654,1.41094,2,2,2,2,2,2,2,2,2,2,2,2,2,2,2,2,2,2,2,2,2,2,2,2,2,2,2,2,2,2,2,2,2,
0.8,-5.43015,3.63306,-1.78496,2,2,2,2,2,2,2,2,2,2,2,2,2,2,2,2,2,2,2,2,2,2,2,2,2,2,2,2,2,2,2,2,2,2,2,2,2,2,2,2,2,2,2,2,2,2,2,1.52307,1.31693,1.24113,1.2031,1.18909,1.19555,1.22402,1.28318,1.40928,2,2,2,2,2,2,2,2,2,2,2,2,2,2,2,2,2,2,2,2,2,2,2,2,2,2,2,2,2,2,2,2,2,2,
0.9,-5.44609,3.55978,-1.66612,2,2,2,2,2,2,2,2,2,2,2,2,2,2,2,2,2,2,2,2,2,2,2,2,2,2,2,2,2,2,2,2,2,2,2,2,2,2,2,2,2,2,2,2,2,2,1.30854,1.20509,1.15331,1.12812,1.12269,1.1358,1.17052,1.23803,1.3936,2,2,2,2,2,2,2,2,2,2,2,2,2,2,2,2,2,2,2,2,2,2,2,2,2,2,2,2,2,2,2,2,2,2,2,
1,-5.45323,3.48512,-1.55805,2,2,2,2,2,2,2,2,2,2,2,2,2,2,2,2,2,2,2,2,2,2,2,2,2,2,2,2,2,2,2,2,2,2,2,2,2,2,2,2,2,2,2,2,1.35955,1.18183,1.11025,1.07214,1.05491,1.05466,1.07135,1.10871,1.17889,1.34801,2,2,2,2,2,2,2,2,2,2,2,2,2,2,2,2,2,2,2,2,2,2,2,2,2,2,2,2,2,2,2,2,2,2,2,2,
1.1,-5.45228,3.41012,-1.45972,2,2,2,2,2,2,2,2,2,2,2,2,2,2,2,2,2,2,2,2,2,2,2,2,2,2,2,2,2,2,2,2,2,2,2,2,2,2,2,2,2,2,2,1.18439,1.07767,1.02335,0.993875,0.981633,0.984218,1.00211,1.03906,1.10644,1.26134,2,2,2,2,2,2,2,2,2,2,2,2,2,2,2,2,2,2,2,2,2,2,2,2,2,2,2,2,2,2,2,2,2,2,2,2,2,
1.2,-5.44396,3.33558,-1.37022,2,2,2,2,2,2,2,2,2,2,2,2,2,2,2,2,2,2,2,2,2,2,2,2,2,2,2,2,2,2,2,2,2,2,2,2,2,2,2,2,2,2,1.06211,0.983851,0.940537,0.916855,0.907706,0.9115,0.928874,0.96317,1.02382,1.15004,2,2,2,2,2,2,2,2,2,2,2,2,2,2,2,2,2,2,2,2,2,2,2,2,2,2,2,2,2,2,2,2,2,2,2,2,2,2,
1.3,-5.42902,3.26209,-1.28872,2,2,2,2,2,2,2,2,2,2,2,2,2,2,2,2,2,2,2,2,2,2,2,2,2,2,2,2,2,2,2,2,2,2,2,2,2,2,2,2,1.08594,0.956831,0.895568,0.86,0.840394,0.833131,0.837085,0.852858,0.883164,0.935172,1.03332,2,2,2,2,2,2,2,2,2,2,2,2,2,2,2,2,2,2,2,2,2,2,2,2,2,2,2,2,2,2,2,2,2,2,2,2,2,2,2,
1.4,-5.4152,3.2144,-1.28699,2,2,2,2,2,2,2,2,2,2,2,2,2,2,2,2,2,2,2,2,2,2,2,2,2,2,2,2,2,2,2,2,2,2,2,2,2,2,2,2,0.994762,0.892896,0.839505,0.807769,0.790102,0.783527,0.787102,0.801329,0.828458,0.874194,0.955729,2,2,2,2,2,2,2,2,2,2,2,2,2,2,2,2,2,2,2,2,2,2,2,2,2,2,2,2,2,2,2,2,2,2,2,2,2,2,2,
1.5,-5.4013,3.16676,-1.28525,2,2,2,2,2,2,2,2,2,2,2,2,2,2,2,2,2,2,2,2,2,2,2,2,2,2,2,2,2,2,2,2,2,2,2,2,2,2,2,2,0.913182,0.830384,0.783916,0.755714,0.739866,0.733938,0.737142,0.749897,0.774051,0.814123,0.882444,1.06227,2,2,2,2,2,2,2,2,2,2,2,2,2,2,2,2,2,2,2,2,2,2,2,2,2,2,2,2,2,2,2,2,2,2,2,2,2,2,
1.6,-5.38732,3.11914,-1.28352,2,2,2,2,2,2,2,2,2,2,2,2,2,2,2,2,2,2,2,2,2,2,2,2,2,2,2,2,2,2,2,2,2,2,2,2,2,2,2,1.03205,0.837388,0.769109,0.728769,0.703829,0.689687,0.684365,0.68721,0.698565,0.719937,0.754888,0.812352,0.929471,2,2,2,2,2,2,2,2,2,2,2,2,2,2,2,2,2,2,2,2,2,2,2,2,2,2,2,2,2,2,2,2,2,2,2,2,2,2,
1.7,-5.37327,3.07157,-1.28179,2,2,2,2,2,2,2,2,2,2,2,2,2,2,2,2,2,2,2,2,2,2,2,2,2,2,2,2,2,2,2,2,2,2,2,2,2,2,2,0.881452,0.765624,0.708925,0.674038,0.652106,0.639562,0.634808,0.637307,0.647336,0.666113,0.696424,0.74478,0.832405,2,2,2,2,2,2,2,2,2,2,2,2,2,2,2,2,2,2,2,2,2,2,2,2,2,2,2,2,2,2,2,2,2,2,2,2,2,2,
1.8,-5.35914,3.02404,-1.28006,2,2,2,2,2,2,2,2,2,2,2,2,2,2,2,2,2,2,2,2,2,2,2,2,2,2,2,2,2,2,2,2,2,2,2,2,2,2,2,0.781701,0.696906,0.649714,0.619698,0.600541,0.589489,0.585266,0.587434,0.596214,0.612577,0.638684,0.679286,0.747489,2,2,2,2,2,2,2,2,2,2,2,2,2,2,2,2,2,2,2,2,2,2,2,2,2,2,2,2,2,2,2,2,2,2,2,2,2,2,
1.9,-5.34492,2.97654,-1.27833,2,2,2,2,2,2,2,2,2,2,2,2,2,2,2,2,2,2,2,2,2,2,2,2,2,2,2,2,2,2,2,2,2,2,2,2,2,2,2,0.695682,0.630613,0.591384,0.565729,0.549126,0.539467,0.535742,0.537595,0.545202,0.559325,0.581625,0.615558,0.669533,0.779088,2,2,2,2,2,2,2,2,2,2,2,2,2,2,2,2,2,2,2,2,2,2,2,2,2,2,2,2,2,2,2,2,2,2,2,2,2,
2,-5.33063,2.92908,-1.2766,2,2,2,2,2,2,2,2,2,2,2,2,2,2,2,2,2,2,2,2,2,2,2,2,2,2,2,2,2,2,2,2,2,2,2,2,2,2,0.717187,0.617212,0.566323,0.533856,0.512112,0.497857,0.489495,0.486235,0.487792,0.494302,0.506356,0.525213,0.553372,0.596336,0.670932,2,2,2,2,2,2,2,2,2,2,2,2,2,2,2,2,2,2,2,2,2,2,2,2,2,2,2,2,2,2,2,2,2,2,2,2,2,
2.1,-5.31627,2.88167,-1.27487,2,2,2,2,2,2,2,2,2,2,2,2,2,2,2,2,2,2,2,2,2,2,2,2,2,2,2,2,2,2,2,2,2,2,2,2,2,2,0.611624,0.543781,0.503735,0.477063,0.458827,0.446729,0.439571,0.436745,0.438028,0.443519,0.453669,0.469418,0.492556,0.526715,0.580999,0.702573,2,2,2,2,2,2,2,2,2,2,2,2,2,2,2,2,2,2,2,2,2,2,2,2,2,2,2,2,2,2,2,2,2,2,2,2,
2.2,-5.30182,2.83429,-1.27314,2,2,2,2,2,2,2,2,2,2,2,2,2,2,2,2,2,2,2,2,2,2,2,2,2,2,2,2,2,2,2,2,2,2,2,2,2,0.622801,0.522991,0.474071,0.442622,0.42095,0.405861,0.395736,0.389695,0.387275,0.388304,0.392854,0.401262,0.414216,0.43298,0.459949,0.500337,0.570275,2,2,2,2,2,2,2,2,2,2,2,2,2,2,2,2,2,2,2,2,2,2,2,2,2,2,2,2,2,2,2,2,2,2,2,2,
2.3,-5.2873,2.78695,-1.27141,2,2,2,2,2,2,2,2,2,2,2,2,2,2,2,2,2,2,2,2,2,2,2,2,2,2,2,2,2,2,2,2,2,2,2,2,2,0.502886,0.443216,0.407284,0.382811,0.36547,0.353198,0.344875,0.339864,0.337824,0.338623,0.342312,0.349136,0.359586,0.374538,0.395559,0.425709,0.472346,0.567595,2,2,2,2,2,2,2,2,2,2,2,2,2,2,2,2,2,2,2,2,2,2,2,2,2,2,2,2,2,2,2,2,2,2,2,
2.4,-5.2727,2.73966,-1.26968,2,2,2,2,2,2,2,2,2,2,2,2,2,2,2,2,2,2,2,2,2,2,2,2,2,2,2,2,2,2,2,2,2,2,2,2,0.481355,0.408824,0.369244,0.342891,0.324163,0.310579,0.300825,0.29414,0.290078,0.288393,0.288988,0.291897,0.29729,0.305511,0.317149,0.333211,0.355501,0.387703,0.439685,2,2,2,2,2,2,2,2,2,2,2,2,2,2,2,2,2,2,2,2,2,2,2,2,2,2,2,2,2,2,2,2,2,2,2,
2.5,-5.25803,2.69241,-1.26796,2,2,2,2,2,2,2,2,2,2,2,2,2,2,2,2,2,2,2,2,2,2,2,2,2,2,2,2,2,2,2,2,2,2,2,0.452617,0.367513,0.326313,0.299521,0.280522,0.266569,0.256244,0.248729,0.243527,0.240335,0.238983,0.239401,0.24161,0.245726,0.251976,0.260745,0.272659,0.288771,0.310984,0.343308,0.397438,2,2,2,2,2,2,2,2,2,2,2,2,2,2,2,2,2,2,2,2,2,2,2,2,2,2,2,2,2,2,2,2,2,2,
2.6,-5.24328,2.6452,-1.26623,2,2,2,2,2,2,2,2,2,2,2,2,2,2,2,2,2,2,2,2,2,2,2,2,2,2,2,2,2,2,2,2,2,2,0.400406,0.315051,0.276072,0.250956,0.233122,0.219905,0.209937,0.202431,0.1969,0.193033,0.190636,0.189596,0.189865,0.191457,0.194444,0.19897,0.205271,0.213721,0.224912,0.239823,0.260219,0.289827,0.339582,2,2,2,2,2,2,2,2,2,2,2,2,2,2,2,2,2,2,2,2,2,2,2,2,2,2,2,2,2,2,2,2,2,
2.7,-5.22845,2.59803,-1.2645,2,2,2,2,2,2,2,2,2,2,2,2,2,2,2,2,2,2,2,2,2,2,2,2,2,2,2,2,2,2,2,2,2,0.310679,0.248214,0.216523,0.195674,0.180689,0.169446,0.160832,0.154191,0.149114,0.145327,0.142654,0.140978,0.140231,0.140383,0.141441,0.143445,0.146481,0.150682,0.156255,0.16351,0.172927,0.185282,0.201941,0.225649,0.263659,0.373511,2,2,2,2,2,2,2,2,2,2,2,2,2,2,2,2,2,2,2,2,2,2,2,2,2,2,2,2,2,2,2,
2.8,-5.21355,2.55091,-1.26278,2,2,2,2,2,2,2,2,2,2,2,2,2,2,2,2,2,2,2,2,2,2,2,2,2,2,2,2,2,2,2,2,0.201816,0.167695,0.147137,0.132898,0.122384,0.114343,0.108072,0.103141,0.0992685,0.0962653,0.0940011,0.0923863,0.0913613,0.0908904,0.0909572,0.0915643,0.0927323,0.0945027,0.0969417,0.100148,0.104264,0.109499,0.116163,0.124741,0.136036,0.151524,0.174433,0.215047,2,2,2,2,2,2,2,2,2,2,2,2,2,2,2,2,2,2,2,2,2,2,2,2,2,2,2,2,2,2,
2.9,-5.19857,2.50383,-1.26105,2,2,2,2,2,2,2,2,2,2,2,2,2,2,2,2,2,2,2,2,2,2,2,2,2,2,2,2,2,0.157132,0.110753,0.0906714,0.0782029,0.0695136,0.0630827,0.0581463,0.0542685,0.0511779,0.0486973,0.0467045,0.045114,0.0438645,0.0429124,0.0422261,0.0417847,0.0415748,0.0415906,0.0418318,0.0423064,0.0430282,0.0440195,0.0453132,0.0469555,0.0490106,0.0515679,0.0547552,0.0587613,0.0638744,0.0705629,0.07966,0.0928639,0.114675,0.17384,2,2,2,2,2,2,2,2,2,2,2,2,2,2,2,2,2,2,2,2,2,2,2,2,2,2,2,
3,-5.18352,2.4568,-1.25933,
