0,-5,2,-0.435742,2,2,2,2,2,2,2,2,2,2,2,2,2,2,2,2,2,2,2,2,2,2,2,2,2,2,2,2,2,2,2,2,2,2,2,2,2,2,2,2,2,2,1.83671,1.7606,1.73628,1.75196,1.81481,1.97976,2,2,2,2,2,2,2,2,2,2,2,2,2,2,2,2,2,2,2,2,2,2,2,2,2,2,2,2,2,2,2,2,2,2,2,2,2,2,2,2,2,2,
0.1,-4.93201,1.96834,-0.425845,2,2,2,2,2,2,2,2,2,2,2,2,2,2,2,2,2,2,2,2,2,2,2,2,2,2,2,2,2,2,2,2,2,2,2,2,2,2,2,2,2,1.89025,1.73818,1.6777,1.66114,1.68144,1.74745,1.91912,2,2,2,2,2,2,2,2,2,2,2,2,2,2,2,2,2,2,2,2,2,2,2,2,2,2,2,2,2,2,2,2,2,2,2,2,2,2,2,2,2,2,
0.2,-4.86371,1.93736,-0.417585,2,2,2,2,2,2,2,2,2,2,2,2,2,2,2,2,2,2,2,2,2,2,2,2,2,2,2,2,2,2,2,2,2,2,2,2,2,2,2,2,2,1.76143,1.64598,1.59728,1.58673,1.61027,1.67773,1.85051,2,2,2,2,2,2,2,2,2,2,2,2,2,2,2,2,2,2,2,2,2,2,2,2,2,2,2,2,2,2,2,2,2,2,2,2,2,2,2,2,2,2,
0.3,-4.79515,1.90695,-0.410688,2,2,2,2,2,2,2,2,2,2,2,2,2,2,2,2,2,2,2,2,2,2,2,2,2,2,2,2,2,2,2,2,2,2,2,2,2,2,2,2,2,1.64984,1.55803,1.51856,1.5127,1.5384,1.60584,1.77437,2,2,2,2,2,2,2,2,2,2,2,2,2,2,2,2,2,2,2,2,2,2,2,2,2,2,2,2,2,2,2,2,2,2,2,2,2,2,2,2,2,2,
0.4,-4.72639,1.877,-0.404928,2,2,2,2,2,2,2,2,2,2,2,2,2,2,2,2,2,2,2,2,2,2,2,2,2,2,2,2,2,2,2,2,2,2,2,2,2,2,2,2,1.74918,1.54778,1.47308,1.44104,1.43886,1.46583,1.53206,1.69205,2,2,2,2,2,2,2,2,2,2,2,2,2,2,2,2,2,2,2,2,2,2,2,2,2,2,2,2,2,2,2,2,2,2,2,2,2,2,2,2,2,2,
0.5,-4.65745,1.84746,-0.400117,2,2,2,2,2,2,2,2,2,2,2,2,2,2,2,2,2,2,2,2,2,2,2,2,2,2,2,2,2,2,2,2,2,2,2,2,2,2,2,2,1.59172,1.45184,1.39032,1.36438,1.36507,1.39262,1.45669,1.60535,2,2,2,2,2,2,2,2,2,2,2,2,2,2,2,2,2,2,2,2,2,2,2,2,2,2,2,2,2,2,2,2,2,2,2,2,2,2,2,2,2,2,
0.6,-4.58838,1.81824,-0.396096,2,2,2,2,2,2,2,2,2,2,2,2,2,2,2,2,2,2,2,2,2,2,2,2,2,2,2,2,2,2,2,2,2,2,2,2,2,2,2,2,1.46724,1.36016,1.3092,1.28834,1.29129,1.31885,1.38005,1.51594,2,2,2,2,2,2,2,2,2,2,2,2,2,2,2,2,2,2,2,2,2,2,2,2,2,2,2,2,2,2,2,2,2,2,2,2,2,2,2,2,2,2,
0.7,-4.51918,1.7893,-0.392735,2,2,2,2,2,2,2,2,2,2,2,2,2,2,2,2,2,2,2,2,2,2,2,2,2,2,2,2,2,2,2,2,2,2,2,2,2,2,2,2,1.35652,1.27162,1.22935,1.21278,1.21747,1.24459,1.30239,1.42511,2,2,2,2,2,2,2,2,2,2,2,2,2,2,2,2,2,2,2,2,2,2,2,2,2,2,2,2,2,2,2,2,2,2,2,2,2,2,2,2,2,2,
0.8,-4.44989,1.7606,-0.389924,2,2,2,2,2,2,2,2,2,2,2,2,2,2,2,2,2,2,2,2,2,2,2,2,2,2,2,2,2,2,2,2,2,2,2,2,2,2,2,1.41396,1.25391,1.18548,1.15052,1.13759,1.1436,1.16994,1.22398,1.33377,2,2,2,2,2,2,2,2,2,2,2,2,2,2,2,2,2,2,2,2,2,2,2,2,2,2,2,2,2,2,2,2,2,2,2,2,2,2,2,2,2,2,
0.9,-4.38052,1.73209,-0.387572,2,2,2,2,2,2,2,2,2,2,2,2,2,2,2,2,2,2,2,2,2,2,2,2,2,2,2,2,2,2,2,2,2,2,2,2,2,2,2,1.26869,1.15681,1.10128,1.07252,1.06269,1.06968,1.09496,1.14501,1.24248,2,2,2,2,2,2,2,2,2,2,2,2,2,2,2,2,2,2,2,2,2,2,2,2,2,2,2,2,2,2,2,2,2,2,2,2,2,2,2,2,2,2,
1,-4.31109,1.70375,-0.385604,2,2,2,2,2,2,2,2,2,2,2,2,2,2,2,2,2,2,2,2,2,2,2,2,2,2,2,2,2,2,2,2,2,2,2,2,2,2,2,1.14776,1.06375,1.01865,0.995218,0.988023,0.995699,1.01971,1.06567,1.1516,2,2,2,2,2,2,2,2,2,2,2,2,2,2,2,2,2,2,2,2,2,2,2,2,2,2,2,2,2,2,2,2,2,2,2,2,2,2,2,2,2,2,
1.1,-4.24159,1.67554,-0.383957,2,2,2,2,2,2,2,2,2,2,2,2,2,2,2,2,2,2,2,2,2,2,2,2,2,2,2,2,2,2,2,2,2,2,2,2,2,2,1.18187,1.03863,0.973843,0.93736,0.918513,0.913565,0.921675,0.944249,0.986074,1.06133,1.30873,2,2,2,2,2,2,2,2,2,2,2,2,2,2,2,2,2,2,2,2,2,2,2,2,2,2,2,2,2,2,2,2,2,2,2,2,2,2,2,2,2,
1.2,-4.17205,1.64744,-0.382577,2,2,2,2,2,2,2,2,2,2,2,2,2,2,2,2,2,2,2,2,2,2,2,2,2,2,2,2,2,2,2,2,2,2,2,2,2,2,1.03091,0.936951,0.88651,0.85723,0.842337,0.839286,0.847612,0.868627,0.906342,0.971784,1.12024,2,2,2,2,2,2,2,2,2,2,2,2,2,2,2,2,2,2,2,2,2,2,2,2,2,2,2,2,2,2,2,2,2,2,2,2,2,2,2,2,2,
1.3,-4.10248,1.61945,-0.381421,2,2,2,2,2,2,2,2,2,2,2,2,2,2,2,2,2,2,2,2,2,2,2,2,2,2,2,2,2,2,2,2,2,2,2,2,2,1.07228,0.907781,0.840624,0.801342,0.778129,0.766638,0.765167,0.773518,0.792878,0.826557,0.883014,0.994828,2,2,2,2,2,2,2,2,2,2,2,2,2,2,2,2,2,2,2,2,2,2,2,2,2,2,2,2,2,2,2,2,2,2,2,2,2,2,2,2,2,
1.4,-4.03287,1.59153,-0.380452,2,2,2,2,2,2,2,2,2,2,2,2,2,2,2,2,2,2,2,2,2,2,2,2,2,2,2,2,2,2,2,2,2,2,2,2,2,0.887897,0.797763,0.748429,0.71805,0.699961,0.691378,0.691198,0.699401,0.717033,0.74678,0.795036,0.882227,2,2,2,2,2,2,2,2,2,2,2,2,2,2,2,2,2,2,2,2,2,2,2,2,2,2,2,2,2,2,2,2,2,2,2,2,2,2,2,2,2,
1.5,-3.96323,1.56368,-0.379639,2,2,2,2,2,2,2,2,2,2,2,2,2,2,2,2,2,2,2,2,2,2,2,2,2,2,2,2,2,2,2,2,2,2,2,2,0.886068,0.755625,0.696054,0.659599,0.636422,0.622652,0.616529,0.61737,0.625267,0.641119,0.66706,0.707842,0.776558,2,2,2,2,2,2,2,2,2,2,2,2,2,2,2,2,2,2,2,2,2,2,2,2,2,2,2,2,2,2,2,2,2,2,2,2,2,2,2,2,2,
1.6,-3.89357,1.53588,-0.378957,2,2,2,2,2,2,2,2,2,2,2,2,2,2,2,2,2,2,2,2,2,2,2,2,2,2,2,2,2,2,2,2,2,2,2,2,0.710799,0.641446,0.600358,0.573618,0.556302,0.546148,0.54207,0.543678,0.551121,0.565153,0.587431,0.621414,0.675526,0.785271,2,2,2,2,2,2,2,2,2,2,2,2,2,2,2,2,2,2,2,2,2,2,2,2,2,2,2,2,2,2,2,2,2,2,2,2,2,2,2,2,
1.7,-3.82389,1.50814,-0.378384,2,2,2,2,2,2,2,2,2,2,2,2,2,2,2,2,2,2,2,2,2,2,2,2,2,2,2,2,2,2,2,2,2,2,2,0.657622,0.581336,0.537882,0.509374,0.490127,0.477572,0.470407,0.467989,0.470118,0.476969,0.489153,0.50792,0.535724,0.577937,0.650848,2,2,2,2,2,2,2,2,2,2,2,2,2,2,2,2,2,2,2,2,2,2,2,2,2,2,2,2,2,2,2,2,2,2,2,2,2,2,2,2,
1.8,-3.7542,1.48043,-0.377903,2,2,2,2,2,2,2,2,2,2,2,2,2,2,2,2,2,2,2,2,2,2,2,2,2,2,1.99361,2,2,2,2,2,2,2,0.587854,0.512277,0.469845,0.441756,0.422286,0.408863,0.400144,0.3954,0.394275,0.396689,0.402816,0.41313,0.428544,0.450741,0.483074,0.533762,0.641342,2,2,2,2,2,2,2,2,2,2,2,2,2,2,2,2,2,2,2,2,2,2,2,2,2,2,2,2,2,2,2,2,2,2,2,2,2,2,2,
1.9,-3.68449,1.45276,-0.377499,2,2,2,2,2,2,2,2,2,2,2,2,2,2,2,2,2,2,2,2,2,2,2,2,2,1.9883,1.97409,2,2,2,2,2,2,0.495757,0.43187,0.394544,0.369297,0.35137,0.338548,0.329636,0.32395,0.321104,0.320922,0.32339,0.328664,0.337095,0.349317,0.366434,0.390465,0.425631,0.483875,2,2,2,2,2,2,2,2,2,2,2,2,2,2,2,2,2,2,2,2,2,2,2,2,2,2,2,2,2,2,2,2,2,2,2,2,2,2,2,
2,-3.61477,1.42511,-0.377159,2,2,2,2,2,2,2,2,2,2,2,2,2,2,2,2,2,2,2,2,2,2,2,2,2,1.95865,1.96544,2,2,2,2,0.494512,0.385812,0.340441,0.311619,0.291384,0.276605,0.265703,0.257783,0.252304,0.24894,0.247505,0.247925,0.250222,0.254517,0.261055,0.270246,0.28277,0.299771,0.323363,0.358129,0.41852,2,2,2,2,2,2,2,2,2,2,2,2,2,2,2,2,2,2,2,2,2,2,2,2,2,2,2,2,2,2,2,2,2,2,2,2,2,2,
2.1,-3.54504,1.39749,-0.376873,2,2,2,2,2,2,2,2,2,2,2,2,2,2,2,2,2,2,2,2,2,2,2,2,1.96144,1.94039,1.96836,2,2,2,0.312983,0.268608,0.241445,0.222525,0.2086,0.198089,0.190101,0.184094,0.179723,0.176764,0.175078,0.174592,0.175284,0.177184,0.180378,0.185015,0.191338,0.199719,0.210748,0.225401,0.245447,0.274656,0.324385,2,2,2,2,2,2,2,2,2,2,2,2,2,2,2,2,2,2,2,2,2,2,2,2,2,2,2,2,2,2,2,2,2,2,2,2,2,
2.2,-3.4753,1.36989,-0.376632,2,2,2,2,2,2,2,2,2,2,2,2,2,2,2,2,2,2,2,2,2,2,2,1.98441,1.93313,1.93319,1.98464,0.251287,0.198021,0.170773,0.15286,0.139973,0.130267,0.122772,0.116913,0.112329,0.108778,0.106097,0.104175,0.102938,0.10234,0.10236,0.102999,0.104279,0.106248,0.108981,0.112593,0.117252,0.123204,0.130824,0.140701,0.153844,0.17219,0.20034,0.257352,2,2,2,2,2,2,2,2,2,2,2,2,2,2,2,2,2,2,2,2,2,2,2,2,2,2,2,2,2,2,2,2,2,2,2,
2.3,-3.40556,1.34231,-0.376429,2,2,2,2,2,2,2,2,2,2,2,2,2,2,2,2,2,2,2,2,2,2,2,0.114266,0.0842647,0.0692673,0.0596941,0.0529519,0.0479362,0.0440739,0.0410317,0.0386005,0.0366416,0.0350598,0.0337876,0.0327765,0.0319915,0.0314073,0.0310059,0.0307759,0.0307105,0.0308078,0.0310706,0.0315067,0.0321287,0.0329556,0.0340145,0.0353429,0.0369923,0.0390349,0.0415731,0.0447561,0.0488125,0.0541099,0.061293,0.0716418,0.0883375,0.125592,2,2,2,2,2,2,2,2,2,2,2,2,2,2,2,2,2,2,2,2,2,2,2,2,2,2,2,2,2,2,2,2,
2.4,-3.33581,1.31474,-0.376258,
