0,-4,4,2.87096,2,2,2,2,2,2,2,2,2,2,2,2,2,2,2,2,2,2,2,2,2,2,2,2,2,2,2,2,2,2,2,2,2,2,2,2,2,2,2,2,2,2,2,2,2,2,2,2,2,2,2,2,2,2,2,2,2,2,2,2,2,2,2,2,2,2,2,2,2,2,2,2,2,2,2,2,2,2,2,2,2,2,2,2,2,2,2,2,2,2,
0.1,-4.07227,4.02005,3.02096,2,2,2,2,2,2,2,2,2,2,2,2,2,2,2,2,2,2,2,2,2,2,2,2,2,2,2,2,2,2,2,2,2,2,2,2,2,2,2,2,2,2,2,2,2,2,2,2,2,2,2,2,2,2,2,2,2,2,2,2,2,2,2,2,2,2,2,2,2,2,2,2,2,2,2,2,2,2,2,2,2,2,2,2,2,2,2,2,2,2,
0.2,-4.14673,4.02908,3.17096,2,2,2,2,2,2,2,2,2,2,2,2,2,2,2,2,2,2,2,2,2,2,2,2,2,2,2,2,2,2,2,2,2,2,2,2,2,2,2,2,2,2,2,2,2,2,2,2,2,2,2,2,2,2,2,2,2,2,2,2,2,2,2,2,2,2,2,2,2,2,2,2,2,2,2,2,2,2,2,2,2,2,2,2,2,2,2,2,2,2,
0.3,-4.22169,4.02687,3.32096,2,2,2,2,2,2,2,2,2,2,2,2,2,2,2,2,2,2,2,2,2,2,2,2,2,2,2,2,2,2,2,2,2,2,2,2,2,2,2,2,2,2,2,2,2,2,2,2,2,2,2,2,2,2,2,2,2,2,2,2,2,2,2,2,2,2,2,2,2,2,2,2,2,2,2,2,2,2,2,2,2,2,2,2,2,2,2,2,2,2,
0.4,-4.29549,4.01349,3.47096,2,2,2,2,2,2,2,2,2,2,2,2,2,2,2,2,2,2,2,2,2,2,2,2,2,2,2,2,2,2,2,2,2,2,2,2,2,2,2,2,2,2,2,2,2,2,2,2,2,2,2,2,2,2,2,2,2,2,2,2,2,2,2,2,2,2,2,2,2,2,2,2,2,2,2,2,2,2,2,2,2,2,2,2,2,2,2,2,2,2,
0.5,-4.36646,3.98923,3.62096,2,2,2,2,2,2,2,2,2,2,2,2,2,2,2,2,2,2,2,2,2,2,2,2,2,2,2,2,2,2,2,2,2,2,2,2,2,2,2,2,2,2,2,2,2,2,2,2,2,2,2,2,2,2,2,2,2,2,2,2,2,2,2,2,2,2,2,2,2,2,2,2,2,2,2,2,2,2,2,2,2,2,2,2,2,2,2,2,2,2,
0.6,-4.433,3.95464,3.77096,2,2,2,2,2,2,2,2,2,2,2,2,2,2,2,2,2,2,2,2,2,2,2,2,2,2,2,2,2,2,2,2,2,2,2,2,2,2,2,2,2,2,2,2,2,2,2,2,2,2,2,2,2,2,2,2,2,2,2,2,2,2,2,2,2,2,2,2,2,2,2,2,2,2,2,2,2,2,2,2,2,2,2,2,2,2,2,2,2,2,
0.7,-4.49363,3.9105,3.92096,2,2,2,2,2,2,2,2,2,2,2,2,2,2,2,2,2,2,2,2,2,2,2,2,2,2,2,2,2,2,2,2,2,2,2,2,2,2,2,2,2,2,2,2,2,2,2,2,2,2,2,2,2,2,2,2,2,2,2,2,2,2,2,2,2,2,2,2,2,2,2,2,2,2,2,2,2,2,2,2,2,2,2,2,2,2,2,2,2,2,
0.8,-4.54699,3.85778,4.07096,2,2,2,2,2,2,2,2,2,2,2,2,2,2,2,2,2,2,2,2,2,2,2,2,2,2,2,2,2,2,2,2,2,2,2,2,2,2,2,2,2,2,2,2,2,2,2,2,2,2,2,2,2,2,2,2,2,2,2,2,2,2,2,2,2,2,2,2,2,2,2,2,2,2,2,2,2,2,2,2,2,2,2,2,2,2,2,2,2,2,
0.9,-4.59186,3.79769,4.22096,2,2,2,2,2,2,2,2,2,2,2,2,2,2,2,2,2,2,2,2,2,2,2,2,2,2,2,2,2,2,2,2,2,2,2,2,2,2,2,2,2,2,2,2,2,2,2,2,2,2,2,2,2,2,2,2,2,2,2,2,2,2,2,2,2,2,2,2,2,2,2,2,2,2,2,2,2,2,2,2,2,2,2,2,2,2,2,2,2,2,
1,-4.62725,3.73157,4.37096,2,2,2,2,2,2,2,2,2,2,2,2,2,2,2,2,2,2,2,2,2,2,2,2,2,2,2,2,2,2,2,2,2,2,2,2,2,2,2,2,2,2,2,2,2,2,2,2,2,2,2,2,2,2,2,2,2,2,2,2,2,2,2,2,2,2,2,2,2,2,2,2,2,2,2,2,2,2,2,2,2,2,2,2,2,2,2,2,2,2,
1.1,-4.65237,3.66089,4.52096,2,2,2,2,2,2,2,2,2,2,2,2,2,2,2,2,2,2,2,2,2,2,2,2,2,2,2,2,2,2,2,2,2,2,2,2,2,2,2,2,2,2,2,2,2,2,2,2,2,2,2,2,2,2,2,2,2,2,2,2,2,2,2,2,2,2,2,2,2,2,2,2,2,2,2,2,2,2,2,2,2,2,2,2,2,2,2,2,2,2,
1.2,-4.66664,3.58726,4.67096,2,2,2,2,2,2,2,2,2,2,2,2,2,2,2,2,2,2,2,2,2,2,2,2,2,2,2,2,2,2,2,2,2,2,2,2,2,2,2,2,2,2,2,2,2,2,2,2,2,2,2,2,2,2,2,2,2,2,2,2,2,2,2,2,2,2,2,2,2,2,2,2,2,2,2,2,2,2,2,2,2,2,2,2,2,2,2,2,2,2,
1.3,-4.66974,3.51233,4.82096,2,2,2,2,2,2,2,2,2,2,2,2,2,2,2,2,2,2,2,2,2,2,2,2,2,2,2,2,2,2,2,2,2,2,2,2,2,2,2,2,2,2,2,2,2,2,2,2,2,2,2,2,2,2,2,2,2,2,2,2,2,2,2,2,2,2,2,2,2,2,2,2,2,2,2,2,2,2,2,2,2,2,2,2,2,2,2,2,2,2,
1.4,-4.66161,3.43777,4.96766,2,2,2,2,2,2,2,2,2,2,2,2,2,2,2,2,2,2,2,2,2,2,2,2,2,2,2,2,2,2,2,2,2,2,2,2,2,2,2,2,2,2,2,2,2,2,2,2,2,2,2,2,2,2,2,2,2,2,2,2,2,2,2,2,2,2,2,2,2,2,2,2,2,2,2,2,2,2,2,2,2,2,2,2,2,2,2,2,2,2,
1.5,-4.64268,3.3652,5.0897,2,2,2,2,2,2,2,2,2,2,2,2,2,2,2,2,2,2,2,2,2,2,2,2,2,2,2,2,2,2,2,2,2,2,2,2,2,2,2,2,2,2,2,2,2,2,2,2,2,2,2,2,2,2,2,2,2,2,2,2,2,2,2,2,2,2,2,2,2,2,2,2,2,2,2,2,2,2,2,2,2,2,2,2,2,2,2,2,2,2,
1.6,-4.61504,3.29548,5.19131,2,2,2,2,2,2,2,2,2,2,2,2,2,2,2,2,2,2,2,2,2,2,2,2,2,2,2,2,2,2,2,2,2,2,2,2,2,2,2,2,2,2,2,2,2,2,2,2,2,2,2,2,2,2,2,2,2,2,2,2,2,2,2,2,2,2,2,2,2,2,2,2,2,2,2,2,2,2,2,2,2,2,2,2,2,2,2,2,2,2,
1.7,-4.58048,3.22891,5.27593,2,2,2,2,2,2,2,2,2,2,2,2,2,2,2,2,2,2,2,2,2,2,2,2,2,2,2,2,2,2,2,2,2,2,2,2,2,2,2,2,2,2,2,2,2,2,2,2,2,2,2,2,2,2,2,2,2,2,2,2,2,2,2,2,2,2,2,2,2,2,2,2,2,2,2,2,2,2,2,2,2,2,2,2,2,2,2,2,2,2,
1.8,-4.54042,3.16551,5.34645,2,2,2,2,2,2,2,2,2,2,2,2,2,2,2,2,2,2,2,2,2,2,2,2,2,2,2,2,2,2,2,2,2,2,2,2,2,2,2,2,2,2,2,2,2,2,2,2,2,2,2,2,2,2,2,2,2,2,2,2,2,2,2,2,2,2,2,2,2,2,2,2,2,2,2,2,2,2,2,2,2,2,2,2,2,2,2,2,2,2,
1.9,-4.49599,3.10509,5.40524,2,2,2,2,2,2,2,2,2,2,2,2,2,2,2,2,2,2,2,2,2,2,2,2,2,2,2,2,2,2,2,2,2,2,2,2,2,2,2,2,2,2,2,2,2,2,2,2,2,2,2,2,2,2,2,2,2,2,2,2,2,2,2,2,2,2,2,2,2,2,2,2,2,2,2,2,2,2,2,2,2,2,2,2,2,2,2,2,2,2,
2,-4.44808,3.04738,5.45427,2,2,2,2,2,2,2,2,2,2,2,2,2,2,2,2,2,2,2,2,2,2,2,2,2,2,2,2,2,2,2,2,2,2,2,2,2,2,2,2,2,2,2,2,2,2,2,2,2,2,2,2,2,2,2,2,2,2,2,2,2,2,2,2,2,2,2,2,2,2,2,2,2,2,2,2,2,2,2,2,2,2,2,2,2,2,2,2,2,2,
2.1,-4.39741,2.99209,5.49517,2,2,2,2,2,2,2,2,2,2,2,2,2,2,2,2,2,2,2,2,2,2,2,2,2,2,2,2,2,2,2,2,2,2,2,2,2,2,2,2,2,2,2,2,2,2,2,2,2,2,2,2,2,2,2,2,2,2,2,2,2,2,2,2,2,2,2,2,2,2,2,2,2,2,2,2,2,2,2,2,2,2,2,2,2,2,2,2,2,2,
2.2,-4.34451,2.93892,5.5293,2,2,2,2,2,2,2,2,2,2,2,2,2,2,2,2,2,2,2,2,2,2,2,2,2,2,2,2,2,2,2,2,2,2,2,2,2,2,2,2,2,2,2,2,2,2,2,2,2,2,2,2,2,2,2,2,2,2,2,2,2,2,2,2,2,2,2,2,2,2,2,2,2,2,2,2,2,2,2,2,2,2,2,2,2,2,2,2,2,2,
2.3,-4.28983,2.88759,5.5578,2,2,2,2,2,2,2,2,2,2,2,2,2,2,2,2,2,2,2,2,2,2,2,2,2,2,2,2,2,2,2,2,2,2,2,2,2,2,2,2,2,2,2,2,2,2,2,2,2,2,2,2,2,2,2,2,2,2,2,2,2,2,2,2,2,2,2,2,2,2,2,2,2,2,2,2,2,2,2,2,2,2,2,2,2,2,2,2,2,2,
2.4,-4.23372,2.83783,5.58159,2,2,2,2,2,2,2,2,2,2,2,2,2,2,2,2,2,2,2,2,2,2,2,2,2,2,2,2,2,2,2,2,2,2,2,2,2,2,2,2,2,2,2,2,2,2,2,2,2,2,2,2,2,2,2,2,2,2,2,2,2,2,2,2,2,2,2,2,2,2,2,2,2,2,2,2,2,2,2,2,2,2,2,2,2,2,2,2,2,2,
2.5,-4.17643,2.78942,5.60146,2,2,2,2,2,2,2,2,2,2,2,2,2,2,2,2,2,2,2,2,2,2,2,2,2,2,2,2,2,2,2,2,2,2,2,2,2,2,2,2,2,2,2,2,2,2,2,2,2,2,2,2,2,2,2,2,2,2,2,2,2,2,2,2,2,2,2,2,2,2,2,2,2,2,2,2,2,2,2,2,2,2,2,2,2,2,2,2,2,2,
2.6,-4.11819,2.74216,5.61807,2,2,2,2,2,2,2,2,2,2,2,2,2,2,2,2,2,2,2,2,2,2,2,2,2,2,2,2,2,2,2,2,2,2,2,2,2,2,2,2,2,2,2,2,2,2,2,2,2,2,2,2,2,2,2,2,2,2,2,2,2,2,2,2,2,2,2,2,2,2,2,2,2,2,2,2,2,2,2,2,2,2,2,2,2,2,2,2,2,2,
2.7,-4.05918,2.69588,5.63195,2,2,2,2,2,2,2,2,2,2,2,2,2,2,2,2,2,2,2,2,2,2,2,2,2,2,2,2,2,2,2,2,2,2,2,2,2,2,2,2,2,2,2,2,2,2,2,2,2,2,2,2,2,2,2,2,2,2,2,2,2,2,2,2,2,2,2,2,2,2,2,2,2,2,2,2,2,2,2,2,2,2,2,2,2,2,2,2,2,2,
2.8,-3.99953,2.65041,5.64356,2,2,2,2,2,2,2,2,2,2,2,2,2,2,2,2,2,2,2,2,2,2,2,2,2,2,2,2,2,2,2,2,2,2,2,2,2,2,2,2,2,2,2,2,2,2,2,2,2,2,2,2,2,2,2,2,2,2,2,2,2,2,2,2,2,2,2,2,2,2,2,2,2,2,2,2,2,2,2,2,2,2,2,2,2,2,2,2,2,2,
2.9,-3.93936,2.60565,5.65327,2,2,2,2,2,2,2,2,2,2,2,2,2,2,2,2,2,2,2,2,2,2,2,2,2,2,2,2,2,2,2,2,2,2,2,2,2,2,2,2,2,2,2,2,2,2,2,2,2,2,2,2,2,2,2,2,2,2,2,2,2,2,2,2,2,2,2,2,2,2,2,2,2,2,2,2,2,2,2,2,2,2,2,2,2,2,2,2,2,2,
3,-3.87875,2.56146,5.66139,2,2,2,2,2,2,2,2,2,2,2,2,2,2,2,2,2,2,2,2,2,2,2,2,2,2,2,2,2,2,2,2,2,2,2,2,2,2,2,2,2,2,1.99983,1.94854,1.94925,2,2,2,2,2,2,2,2,2,2,2,2,2,2,2,2,2,2,2,2,2,2,2,2,2,2,2,2,2,2,2,2,2,2,2,2,2,2,2,2,2,2,2,2,2,
3.1,-3.81779,2.51778,5.6682,2,2,2,2,2,2,2,2,2,2,2,2,2,2,2,2,2,2,2,2,2,2,2,2,2,2,2,2,2,2,2,2,2,2,2,2,2,2,2,2,2,2,1.9115,1.87094,1.87737,1.93403,2,2,2,2,2,2,2,2,2,2,2,2,2,2,2,2,2,2,2,2,2,2,2,2,2,2,2,2,2,2,2,2,2,2,2,2,2,2,2,2,2,2,2,2,
3.2,-3.75653,2.47451,5.67389,2,2,2,2,2,2,2,2,2,2,2,2,2,2,2,2,2,2,2,2,2,2,2,2,2,2,2,2,2,2,2,2,2,2,2,2,2,2,2,2,2,1.9188,1.82649,1.79455,1.80548,1.86445,2,2,2,2,2,2,2,2,2,2,2,2,2,2,2,2,2,2,2,2,2,2,2,2,2,2,2,2,2,2,2,2,2,2,2,2,2,2,2,2,2,2,2,2,
3.3,-3.69503,2.43158,5.67867,2,2,2,2,2,2,2,2,2,2,2,2,2,2,2,2,2,2,2,2,2,2,2,2,2,2,2,2,2,2,2,2,2,2,2,2,2,2,2,2,2,1.81995,1.74386,1.71899,1.73345,1.79367,1.94859,2,2,2,2,2,2,2,2,2,2,2,2,2,2,2,2,2,2,2,2,2,2,2,2,2,2,2,2,2,2,2,2,2,2,2,2,2,2,2,2,2,2,2,
3.4,-3.63332,2.38896,5.68267,2,2,2,2,2,2,2,2,2,2,2,2,2,2,2,2,2,2,2,2,2,2,2,2,2,2,2,2,2,2,2,2,2,2,2,2,2,2,2,2,1.88645,1.72624,1.66303,1.64406,1.66124,1.72182,1.87317,2,2,2,2,2,2,2,2,2,2,2,2,2,2,2,2,2,2,2,2,2,2,2,2,2,2,2,2,2,2,2,2,2,2,2,2,2,2,2,2,2,2,2,
3.5,-3.57144,2.34658,5.68602,2,2,2,2,2,2,2,2,2,2,2,2,2,2,2,2,2,2,2,2,2,2,2,2,2,2,2,2,2,2,2,2,2,2,2,2,2,2,2,2,1.76062,1.63624,1.58358,1.56956,1.58884,1.64903,1.79483,2,2,2,2,2,2,2,2,2,2,2,2,2,2,2,2,2,2,2,2,2,2,2,2,2,2,2,2,2,2,2,2,2,2,2,2,2,2,2,2,2,2,2,
3.6,-3.50942,2.3044,5.68884,2,2,2,2,2,2,2,2,2,2,2,2,2,2,2,2,2,2,2,2,2,2,2,2,2,2,2,2,2,2,2,2,2,2,2,2,2,2,2,2,1.64901,1.54905,1.50521,1.49541,1.51624,1.57545,1.71424,2,2,2,2,2,2,2,2,2,2,2,2,2,2,2,2,2,2,2,2,2,2,2,2,2,2,2,2,2,2,2,2,2,2,2,2,2,2,2,2,2,2,2,
3.7,-3.44728,2.26241,5.6912,2,2,2,2,2,2,2,2,2,2,2,2,2,2,2,2,2,2,2,2,2,2,2,2,2,2,2,2,2,2,2,2,2,2,2,2,2,2,2,1.82764,1.54572,1.46405,1.42773,1.42152,1.44345,1.5012,1.632,2,2,2,2,2,2,2,2,2,2,2,2,2,2,2,2,2,2,2,2,2,2,2,2,2,2,2,2,2,2,2,2,2,2,2,2,2,2,2,2,2,2,2,
3.8,-3.38504,2.22056,5.69318,2,2,2,2,2,2,2,2,2,2,2,2,2,2,2,2,2,2,2,2,2,2,2,2,2,2,2,2,2,2,2,2,2,2,2,2,2,2,2,1.60823,1.44807,1.38083,1.35099,1.34785,1.37051,1.42639,1.54864,2,2,2,2,2,2,2,2,2,2,2,2,2,2,2,2,2,2,2,2,2,2,2,2,2,2,2,2,2,2,2,2,2,2,2,2,2,2,2,2,2,2,2,
3.9,-3.32272,2.17883,5.69485,2,2,2,2,2,2,2,2,2,2,2,2,2,2,2,2,2,2,2,2,2,2,2,2,2,2,2,2,2,2,2,2,2,2,2,2,2,2,2,1.47268,1.35455,1.2991,1.27487,1.27436,1.29743,1.35113,1.46456,2,2,2,2,2,2,2,2,2,2,2,2,2,2,2,2,2,2,2,2,2,2,2,2,2,2,2,2,2,2,2,2,2,2,2,2,2,2,2,2,2,2,2,
4,-3.26033,2.13721,5.69625,2,2,2,2,2,2,2,2,2,2,2,2,2,2,2,2,2,2,2,2,2,2,2,2,2,2,2,2,2,2,2,2,2,2,2,2,2,2,2,1.35574,1.26426,1.21864,1.1993,1.20103,1.22424,1.27551,1.38009,2,2,2,2,2,2,2,2,2,2,2,2,2,2,2,2,2,2,2,2,2,2,2,2,2,2,2,2,2,2,2,2,2,2,2,2,2,2,2,2,2,2,2,
4.1,-3.19788,2.09567,5.69743,2,2,2,2,2,2,2,2,2,2,2,2,2,2,2,2,2,2,2,2,2,2,2,2,2,2,2,2,2,2,2,2,2,2,2,2,2,2,1.42993,1.24888,1.17661,1.13929,1.12423,1.12785,1.15095,1.1996,1.29546,2,2,2,2,2,2,2,2,2,2,2,2,2,2,2,2,2,2,2,2,2,2,2,2,2,2,2,2,2,2,2,2,2,2,2,2,2,2,2,2,2,2,2,
4.2,-3.13539,2.05421,5.69843,2,2,2,2,2,2,2,2,2,2,2,2,2,2,2,2,2,2,2,2,2,2,2,2,2,2,2,2,2,2,2,2,2,2,2,2,2,2,1.26621,1.1487,1.09116,1.06093,1.04961,1.05481,1.07758,1.12346,1.21083,2,2,2,2,2,2,2,2,2,2,2,2,2,2,2,2,2,2,2,2,2,2,2,2,2,2,2,2,2,2,2,2,2,2,2,2,2,2,2,2,2,2,2,
4.3,-3.07285,2.01281,5.69926,2,2,2,2,2,2,2,2,2,2,2,2,2,2,2,2,2,2,2,2,2,2,2,2,2,2,2,2,2,2,2,2,2,2,2,2,2,2,1.13875,1.05345,1.00763,0.983486,0.975414,0.981898,1.00414,1.04714,1.12631,2,2,2,2,2,2,2,2,2,2,2,2,2,2,2,2,2,2,2,2,2,2,2,2,2,2,2,2,2,2,2,2,2,2,2,2,2,2,2,2,2,2,2,
4.4,-3.01028,1.97146,5.69997,2,2,2,2,2,2,2,2,2,2,2,2,2,2,2,2,2,2,2,2,2,2,2,2,2,2,2,2,2,2,2,2,2,2,2,2,2,1.16657,1.02619,0.962078,0.9258,0.906882,0.901615,0.909118,0.930665,0.970684,1.042,1.22615,2,2,2,2,2,2,2,2,2,2,2,2,2,2,2,2,2,2,2,2,2,2,2,2,2,2,2,2,2,2,2,2,2,2,2,2,2,2,2,2,2,2,
4.5,-2.94767,1.93016,5.70056,2,2,2,2,2,2,2,2,2,2,2,2,2,2,2,2,2,2,2,2,2,2,2,2,2,2,2,2,2,2,2,2,2,2,2,2,2,1.01221,0.922692,0.873917,0.845503,0.831069,0.828201,0.836467,0.85715,0.894128,0.957931,1.09844,2,2,2,2,2,2,2,2,2,2,2,2,2,2,2,2,2,2,2,2,2,2,2,2,2,2,2,2,2,2,2,2,2,2,2,2,2,2,2,2,2,2,
4.6,-2.88505,1.88889,5.55056,2,2,2,2,2,2,2,2,2,2,2,2,2,2,2,2,2,2,2,2,2,2,2,2,2,2,2,2,2,2,2,2,2,2,2,2,2,2,1.07017,0.899759,0.832036,0.792398,0.768805,0.756837,0.754732,0.762209,0.780305,0.812002,0.864756,0.964696,2,2,2,2,2,2,2,2,2,2,2,2,2,2,2,2,2,2,2,2,2,2,2,2,2,2,2,2,2,2,2,2,2,2,2,2,2,2,2,2,
4.7,-2.82929,1.83873,5.40056,2,2,2,2,2,2,2,2,2,2,2,2,2,2,2,2,2,2,2,2,2,2,2,2,2,2,2,2,2,2,2,2,2,2,2,2,2,2,2,2,0.909706,0.801923,0.74697,0.713331,0.692798,0.682039,0.679651,0.685348,0.699827,0.725114,0.765912,0.835125,2,2,2,2,2,2,2,2,2,2,2,2,2,2,2,2,2,2,2,2,2,2,2,2,2,2,2,2,2,2,2,2,2,2,2,2,2,2,
4.8,-2.78166,1.7808,5.25056,2,2,2,2,2,2,2,2,2,2,2,2,2,2,2,2,2,2,2,2,2,2,2,2,2,2,2,2,2,2,2,2,2,2,2,2,2,2,2,2,2,2,0.799131,0.714601,0.667436,0.637576,0.618754,0.608247,0.604823,0.608116,0.618478,0.637121,0.666727,0.713452,0.796777,2,2,2,2,2,2,2,2,2,2,2,2,2,2,2,2,2,2,2,2,2,2,2,2,2,2,2,2,2,2,2,2,2,2,2,
4.9,-2.74321,1.7164,5.10056,2,2,2,2,2,2,2,2,2,2,2,2,2,2,2,2,2,2,2,2,2,2,2,2,2,2,2,2,2,2,2,2,2,2,2,2,2,2,2,2,2,2,2,2,0.710818,0.637312,0.59455,0.566751,0.548582,0.53762,0.532687,0.533309,0.539546,0.552005,0.572079,0.602628,0.650221,0.737084,2,2,2,2,2,2,2,2,2,2,2,2,2,2,2,2,2,2,2,2,2,2,2,2,2,2,2,2,2,2,2,2,
5,-2.71483,1.64698,4.95056,2,2,2,2,2,2,2,2,2,2,2,2,2,2,2,2,2,2,2,2,2,2,2,2,2,2,2,2,2,2,2,2,2,2,2,2,2,2,2,2,2,2,2,2,2,2,0.642199,0.571773,0.530537,0.503278,0.484856,0.472897,0.466189,0.464141,0.466583,0.473718,0.486181,0.505256,0.533465,0.576366,0.651206,2,2,2,2,2,2,2,2,2,2,2,2,2,2,2,2,2,2,2,2,2,2,2,2,2,2,2,2,2,
5.1,-2.69713,1.5741,4.80056,2,2,2,2,2,2,2,2,2,2,2,2,2,2,2,2,2,2,2,2,2,2,2,2,2,2,2,2,2,2,2,2,2,2,2,2,2,2,2,2,2,2,2,2,2,2,2,2,0.599344,0.522089,0.478984,0.450533,0.430874,0.417386,0.408705,0.404098,0.403214,0.405989,0.412629,0.423661,0.440097,0.463826,0.498704,0.554757,0.700553,2,2,2,2,2,2,2,2,2,2,2,2,2,2,2,2,2,2,2,2,2,2,2,2,2,
5.2,-2.69053,1.49939,4.65056,2,2,2,2,2,2,2,2,2,2,2,2,2,2,2,2,2,2,2,2,2,2,2,2,2,2,2,2,2,2,2,2,2,2,2,2,2,2,2,2,2,2,2,2,2,2,2,2,2,2,0.616621,0.497045,0.445742,0.413296,0.390896,0.375057,0.364037,0.356877,0.353042,0.352271,0.354514,0.359919,0.368869,0.382077,0.400818,0.427485,0.467327,0.536993,2,2,2,2,2,2,2,2,2,2,2,2,2,2,2,2,2,2,2,2,2,2,
5.3,-2.69516,1.42453,4.50056,2,2,2,2,2,2,2,2,2,2,2,2,2,2,2,2,2,2,2,2,2,2,2,2,2,2,2,2,2,2,2,2,2,2,2,2,2,2,2,2,2,2,2,2,2,2,2,2,2,2,2,2,2,0.525731,0.442383,0.39917,0.37083,0.350892,0.336578,0.326443,0.319669,0.315784,0.31454,0.315863,0.319833,0.326701,0.33695,0.351411,0.371556,0.400224,0.444094,0.530064,2,2,2,2,2,2,2,2,2,2,2,2,2,2,2,2,2,2,
5.4,-2.71093,1.35121,4.35056,2,2,2,2,2,2,2,2,2,2,2,2,2,2,2,2,2,2,2,2,2,2,2,2,2,2,2,2,2,2,2,2,2,2,2,2,2,2,2,2,2,2,2,2,2,2,2,2,2,2,2,2,2,2,2,2,0.513784,0.42462,0.380643,0.352049,0.331922,0.317369,0.306899,0.299662,0.295159,0.293112,0.2934,0.296041,0.30119,0.309174,0.320562,0.336326,0.358202,0.389692,0.439913,0.575199,2,2,2,2,2,2,2,2,2,2,2,2,2,2,
5.5,-2.73748,1.28106,4.20056,2,2,2,2,2,2,2,2,2,2,2,2,2,2,2,2,2,2,2,2,2,2,2,2,2,2,2,2,2,2,2,2,2,2,2,2,2,2,2,2,2,2,2,2,2,2,2,2,2,2,2,2,2,2,2,2,2,2,2,2,0.447461,0.392386,0.358888,0.335849,0.319286,0.307281,0.298774,0.293144,0.29003,0.289249,0.290755,0.294636,0.301125,0.310653,0.323954,0.342292,0.368039,0.406455,0.475152,2,2,2,2,2,2,2,2,2,2,2,
5.6,-2.77421,1.21568,4.05056,2,2,2,2,2,2,2,2,2,2,2,2,2,2,2,2,2,2,2,2,2,2,2,2,2,2,2,2,2,2,2,2,2,2,2,2,2,2,2,2,2,2,2,2,2,2,2,2,2,2,2,2,2,2,2,2,2,2,2,2,2,2,2,0.535484,0.439125,0.393314,0.363761,0.343053,0.328141,0.317468,0.310154,0.305686,0.303782,0.304328,0.307356,0.313051,0.321787,0.334218,0.351472,0.375615,0.411015,0.470411,2,2,2,2,2,2,2,2,
5.7,-2.8203,1.15651,3.90056,2,2,2,2,2,2,2,2,2,2,2,2,2,2,2,2,2,2,2,2,2,2,2,2,2,2,2,2,2,2,2,2,2,2,2,2,2,2,2,2,2,2,2,2,2,2,2,2,1.97853,1.95829,1.98797,2,2,2,2,2,2,2,2,2,2,2,2,2,2,2,2,0.53171,0.456297,0.414862,0.387365,0.368018,0.35425,0.344706,0.338621,0.335567,0.335346,0.337945,0.343531,0.352489,0.365521,0.38386,0.409813,0.448382,0.515133,2,2,2,2,2,
5.8,-2.87472,1.1049,3.75056,2,2,2,2,2,2,2,2,2,2,2,2,2,2,2,2,2,2,2,2,2,2,2,2,2,2,2,2,2,2,2,2,2,2,2,2,2,2,2,2,2,2,2,2,2,2,2,2,2,2,1.91908,1.88746,1.90265,1.97266,2,2,2,2,2,2,2,2,2,2,2,2,2,2,2,2,2,0.546747,0.485296,0.448233,0.423147,0.405621,0.393549,0.385803,0.381768,0.381152,0.383913,0.390245,0.400631,0.415979,0.437947,0.469833,0.519678,0.624745,2,2,
5.9,-2.93623,1.062,3.60056,0.642272,2,2,2,2,2,2,2,2,2,2,2,2,2,2,2,2,2,2,2,2,2,2,2,2,2,2,2,2,2,2,2,2,2,2,2,2,2,2,2,2,2,2,2,2,2,2,2,2,2,2,1.99475,1.87168,1.82558,1.82547,1.87132,1.99381,2,2,2,2,2,2,2,2,2,2,2,2,2,2,2,2,2,0.659303,0.567012,0.518898,0.487809,0.466633,0.452331,0.443366,0.438934,0.438679,0.442579,0.450947,0.464521,0.484719,0.514317,0.559615,0.642272,
6,-3.00347,1.02877,3.46275,0.580288,0.629896,0.724237,2,2,2,2,2,2,2,2,2,2,2,2,2,2,2,2,2,2,2,2,2,2,2,2,2,2,2,2,2,2,2,2,2,2,2,2,2,2,2,2,2,2,2,2,2,2,2,2,2,2,1.96916,1.82642,1.77115,1.76171,1.79382,1.88458,2,2,2,2,2,2,2,2,2,2,2,2,2,2,2,2,2,2,0.738718,0.635752,0.583841,0.550884,0.528956,0.514754,0.506659,0.50389,0.5062,0.513795,0.527399,0.548534,0.580288,
6.1,-3.07464,1.00509,3.35025,0.605074,0.632437,0.674963,0.747667,2,2,2,2,2,2,2,2,2,2,2,2,2,2,2,2,2,2,2,2,2,2,2,2,2,2,2,2,2,2,2,2,2,2,2,2,2,2,2,2,2,2,2,2,2,2,2,2,2,2,2,1.88852,1.76575,1.71687,1.71038,1.74349,1.83323,2,2,2,2,2,2,2,2,2,2,2,2,2,2,2,2,2,2,2,0.743162,0.672565,0.630923,0.604093,0.587078,0.577613,0.574652,0.577897,0.587676,0.605074,
6.2,-3.14801,0.989558,3.25807,0.656822,0.6731,0.700193,0.743339,0.817619,2,2,2,2,2,2,2,2,2,2,2,2,2,2,2,2,2,2,2,2,2,2,2,2,2,2,2,2,2,2,2,2,2,2,2,2,2,2,2,2,2,2,2,2,2,2,2,2,2,2,2,2,1.78742,1.69991,1.66676,1.67154,1.71619,1.82667,2,2,2,2,2,2,2,2,2,2,2,2,2,2,2,2,2,2,2,0.813357,0.74107,0.698782,0.67222,0.656335,0.648912,0.649068,0.656822,
6.3,-3.2225,0.980842,3.18307,0.723243,0.731023,0.748812,0.77942,0.82971,0.922502,2,2,2,2,2,2,2,2,2,2,2,2,2,2,2,2,2,2,2,2,2,2,2,2,2,2,2,2,2,2,2,2,2,2,2,2,2,2,2,2,2,2,2,2,2,2,2,2,2,2,2,2,1.82512,1.69483,1.64114,1.62828,1.65107,1.71931,1.89796,2,2,2,2,2,2,2,2,2,2,2,2,2,2,2,2,2,2,0.966942,0.848595,0.790551,0.755605,0.734748,0.724434,0.723243,
6.4,-3.29744,0.977732,3.11994,0.799195,0.798678,0.808744,0.83092,0.869379,0.935461,1.08974,2,2,2,2,2,2,2,2,2,2,2,2,2,2,2,2,2,2,2,2,2,2,2,2,2,2,2,2,2,2,2,2,2,2,2,2,2,2,2,2,2,2,2,2,2,2,2,2,2,2,2,2,1.88348,1.69555,1.62485,1.59964,1.60911,1.65692,1.77098,2,2,2,2,2,2,2,2,2,2,2,2,2,2,2,2,2,2,1.13241,0.944617,0.874416,0.833916,0.810368,0.799195,
6.5,-3.37242,0.979356,3.06469,0.882921,0.873123,0.875499,0.890429,0.920571,0.973218,1.07356,2,2,2,2,2,2,2,2,2,2,2,2,2,2,2,2,2,2,2,2,2,2,2,2,2,2,2,2,2,2,2,2,2,2,2,2,2,2,2,2,2,2,2,2,2,2,2,2,2,2,2,2,2,2,1.70079,1.61504,1.58041,1.58073,1.61613,1.7033,2,2,2,2,2,2,2,2,2,2,2,2,2,2,2,2,2,2,2,1.02431,0.948865,0.90653,0.882921,
6.6,-3.4472,0.985118,3.01693,0.973589,0.953018,0.947329,0.955506,0.979032,1.02315,1.10406,2,2,2,2,2,2,2,2,2,2,2,2,2,2,2,2,2,2,2,2,2,2,2,2,2,2,2,2,2,2,2,2,2,2,2,2,2,2,2,2,2,2,2,2,2,2,2,2,2,2,2,2,2,2,2,1.70632,1.60895,1.5679,1.56241,1.59047,1.664,1.86448,2,2,2,2,2,2,2,2,2,2,2,2,2,2,2,2,2,1.27113,1.08537,1.01339,0.973589,
6.7,-3.52162,0.994444,3.16693,1.02236,1.03522,1.06661,1.12529,1.24582,2,2,2,2,2,2,2,2,2,2,2,2,2,2,2,2,2,2,2,2,2,2,2,2,2,2,2,2,2,2,2,2,2,2,2,2,2,2,2,2,2,2,2,2,2,2,2,2,2,2,2,2,2,2,2,1.7644,1.62701,1.56924,1.55106,1.56546,1.61784,1.74052,2,2,2,2,2,2,2,2,2,2,2,2,2,2,2,2,2,1.36798,1.1601,1.08516,1.04485,1.02537,1.02236,
6.8,-3.59659,0.992544,3.31693,1.15333,1.22714,1.41956,2,2,2,2,2,2,2,2,2,2,2,2,2,2,2,2,2,2,2,2,2,2,2,2,2,2,2,2,2,2,2,2,2,2,2,2,2,2,2,2,2,2,2,2,2,2,2,2,2,2,2,2,2,2,2,1.86654,1.64396,1.56687,1.53595,1.53794,1.57353,1.65898,2,2,2,2,2,2,2,2,2,2,2,2,2,2,2,2,2,2,1.24518,1.16247,1.11942,1.09959,1.09814,1.11475,1.15333,
6.9,-3.67044,0.979461,3.46693,2,2,2,2,2,2,2,2,2,2,2,2,2,2,2,2,2,2,2,2,2,2,2,2,2,2,2,2,2,2,2,2,2,2,2,2,2,2,2,2,2,2,2,2,2,2,2,2,2,2,2,2,2,2,2,2,2,1.66064,1.56035,1.51663,1.50728,1.52904,1.59015,1.73552,2,2,2,2,2,2,2,2,2,2,2,2,2,2,2,2,2,1.34071,1.24396,1.19558,1.17371,1.17241,1.19139,1.23561,1.32314,2,
7,-3.74151,0.955489,3.61693,2,2,2,2,2,2,2,2,2,2,2,2,2,2,2,2,2,2,2,2,2,2,2,2,2,2,2,2,2,2,2,2,2,2,2,2,2,2,2,2,2,2,2,2,2,2,2,2,2,2,2,2,2,2,2,1.6786,1.54895,1.49247,1.47285,1.48301,1.52639,1.62434,2,2,2,2,2,2,2,2,2,2,2,2,2,2,2,2,2,1.45042,1.3292,1.27227,1.24638,1.24357,1.26312,1.3106,1.40779,2,2,2,
7.1,-3.80819,0.921166,3.76693,2,2,2,2,2,2,2,2,2,2,2,2,2,2,2,2,2,2,2,2,2,2,2,2,2,2,2,2,2,2,2,2,2,2,2,2,2,2,2,2,2,2,2,2,2,2,2,2,2,2,2,2,2,1.7019,1.53147,1.46265,1.43394,1.43442,1.46425,1.53492,1.71388,2,2,2,2,2,2,2,2,2,2,2,2,2,2,2,2,1.58963,1.41896,1.34907,1.31681,1.3106,1.3287,1.37656,1.47724,2,2,2,2,2,
7.2,-3.869,0.877263,3.91693,2,2,2,2,2,2,2,2,2,2,2,2,2,2,2,2,2,2,2,2,2,2,2,2,2,2,2,2,2,2,2,2,2,2,2,2,2,2,2,2,2,2,2,2,2,2,2,2,2,2,2,1.75473,1.50616,1.42615,1.38983,1.38245,1.40176,1.45408,1.56847,2,2,2,2,2,2,2,2,2,2,2,2,2,2,2,2,2,1.51582,1.42622,1.38474,1.37307,1.38761,1.43293,1.53056,2,2,2,2,2,2,2,
7.3,-3.92257,0.824766,4.06693,2,2,2,2,2,2,2,2,2,2,2,2,2,2,2,2,2,2,2,2,2,2,2,2,2,2,2,2,2,2,2,2,2,2,2,2,2,2,2,2,2,2,2,2,2,2,2,2,2,2,1.47061,1.38184,1.33983,1.32643,1.33771,1.37693,1.46017,2,2,2,2,2,2,2,2,2,2,2,2,2,2,2,2,2,1.62662,1.50473,1.45036,1.43098,1.43993,1.48008,1.56953,2,2,2,2,2,2,2,2,2,
7.4,-3.96768,0.764854,4.21693,2,2,2,2,2,2,2,2,2,2,2,2,2,2,2,2,2,2,2,2,2,2,2,2,2,2,2,2,2,2,2,2,2,2,2,2,2,2,2,2,2,2,2,2,2,2,2,2,1.42203,1.3287,1.28336,1.2659,1.27133,1.30111,1.36511,1.50991,2,2,2,2,2,2,2,2,2,2,2,2,2,2,2,2,1.77736,1.58678,1.51429,1.4847,1.4861,1.51895,1.59706,1.82587,2,2,2,2,2,2,2,2,2,2,
7.5,-4.00334,0.698873,4.36693,2,2,2,2,2,2,2,2,2,2,2,2,2,2,2,2,2,2,2,2,2,2,2,2,2,2,2,2,2,2,2,2,2,2,2,2,2,2,2,2,2,2,2,2,2,2,1.35822,1.26609,1.22018,1.20068,1.2023,1.22542,1.2766,1.38103,2,2,2,2,2,2,2,2,2,2,2,2,2,2,2,2,2,1.67694,1.57762,1.5348,1.52676,1.55065,1.61589,1.77658,2,2,2,2,2,2,2,2,2,2,2,2,
7.6,-4.02874,0.628304,4.51693,2,2,2,2,2,2,2,2,2,2,2,2,2,2,2,2,2,2,2,2,2,2,2,2,2,2,2,2,2,2,2,2,2,2,2,2,2,2,2,2,2,2,2,2,1.2791,1.19419,1.15056,1.13103,1.13069,1.14945,1.192,1.27468,2,2,2,2,2,2,2,2,2,2,2,2,2,2,2,2,2,1.78718,1.64212,1.58204,1.56262,1.57625,1.62806,1.74989,2,2,2,2,2,2,2,2,2,2,2,2,2,2,
7.7,-4.0433,0.554732,4.66693,2,2,2,2,2,2,2,2,2,2,2,2,2,2,2,2,2,2,2,2,2,2,2,2,2,2,2,2,2,2,2,2,2,2,2,2,2,2,2,2,2,1.37591,1.18743,1.11432,1.07545,1.05772,1.05708,1.07342,1.11039,1.17991,1.34529,2,2,2,2,2,2,2,2,2,2,2,2,2,2,2,2,2,1.71087,1.62737,1.59438,1.59663,1.63496,1.72846,2,2,2,2,2,2,2,2,2,2,2,2,2,2,2,2,
7.8,-4.04671,0.47981,4.81693,2,2,2,2,2,2,2,2,2,2,2,2,2,2,2,2,2,2,2,2,2,2,2,2,2,2,2,2,2,2,2,2,2,2,2,2,2,2,2,1.20955,1.0881,1.02895,0.996599,0.982124,0.982617,0.998168,1.03195,1.09357,1.22371,2,2,2,2,2,2,2,2,2,2,2,2,2,2,2,2,2,1.79038,1.67202,1.62269,1.6125,1.63747,1.70839,1.89824,2,2,2,2,2,2,2,2,2,2,2,2,2,2,2,2,2,
7.9,-4.03889,0.405219,4.96693,2,2,2,2,2,2,2,2,2,2,2,2,2,2,2,2,2,2,2,2,2,2,2,2,2,2,2,2,2,2,2,2,2,2,2,2,2,1.06894,0.986618,0.941435,0.91649,0.906278,0.909011,0.925144,0.957718,1.0153,1.13083,2,2,2,2,2,2,2,2,2,2,2,2,2,2,2,2,2,1.90222,1.71775,1.64812,1.62434,1.63609,1.68807,1.81369,2,2,2,2,2,2,2,2,2,2,2,2,2,2,2,2,2,2,2,
8,-4.02,0.332636,5.11693,2,2,2,2,2,2,2,2,2,2,2,2,2,2,2,2,2,2,2,2,2,2,2,2,2,2,2,2,2,2,2,2,2,2,1.05333,0.943922,0.888127,0.855604,0.838186,0.832788,0.838586,0.856468,0.889626,0.946537,1.05958,2,2,2,2,2,2,2,2,2,2,2,2,2,2,2,2,2,2,1.7676,1.67128,1.63245,1.63107,1.66658,1.75653,2,2,2,2,2,2,2,2,2,2,2,2,2,2,2,2,2,2,2,2,2,
8.1,-3.99048,0.263689,4.96693,2,2,2,2,2,2,2,2,2,2,2,2,2,2,2,2,2,2,2,2,2,2,2,2,2,2,2,2,2,2,2,2,2,2,2,2,0.919478,0.846657,0.804662,0.779653,0.766731,0.763942,0.770907,0.788602,0.819945,0.872267,0.970928,2,2,2,2,2,2,2,2,2,2,2,2,2,2,2,2,2,2,1.89903,1.7158,1.64643,1.62276,1.63456,1.68654,1.81204,2,2,2,2,2,2,2,2,2,2,2,2,2,2,2,2,2,2,
8.2,-3.9716,0.191106,4.81693,2,2,2,2,2,2,2,2,2,2,2,2,2,2,2,2,2,2,2,2,2,2,2,2,2,2,2,2,2,2,2,2,2,2,2,2,2,0.913549,0.809937,0.756145,0.723244,0.703383,0.69336,0.691861,0.698705,0.714752,0.742362,0.787083,0.865332,2,2,2,2,2,2,2,2,2,2,2,2,2,2,2,2,2,2,2,1.8129,1.6919,1.64192,1.63189,1.65782,1.73122,1.93536,2,2,2,2,2,2,2,2,2,2,2,2,2,2,2,
8.3,-3.96377,0.116515,4.66693,2,2,2,2,2,2,2,2,2,2,2,2,2,2,2,2,2,2,2,2,2,2,2,2,2,2,2,2,2,2,2,2,2,2,2,2,2,2,2,0.78425,0.712448,0.670313,0.643545,0.627098,0.618719,0.617445,0.62314,0.636433,0.65901,0.69457,0.752381,0.873987,2,2,2,2,2,2,2,2,2,2,2,2,2,2,2,2,2,2,2,1.77646,1.68926,1.65596,1.6602,1.70369,1.81103,2,2,2,2,2,2,2,2,2,2,2,2,2,
8.4,-3.96718,0.0415929,4.51693,2,2,2,2,2,2,2,2,2,2,2,2,2,2,2,2,2,2,2,2,2,2,2,2,2,2,2,2,2,2,2,2,2,2,2,2,2,2,2,2,0.793339,0.678514,0.623251,0.588682,0.566024,0.551706,0.544024,0.542199,0.546056,0.555967,0.572986,0.599313,0.639721,0.707477,2,2,2,2,2,2,2,2,2,2,2,2,2,2,2,2,2,2,2,1.92533,1.76684,1.70494,1.68829,1.70961,1.77853,1.96407,2,2,2,2,2,2,2,2,2,2,
8.5,-3.98175,-0.031979,4.36693,2,2,2,2,2,2,2,2,2,2,2,2,2,2,2,2,2,2,2,2,2,2,2,2,2,2,2,2,2,2,2,2,2,2,2,2,2,2,2,2,2,2,0.669084,0.58695,0.541482,0.511857,0.491856,0.478728,0.471083,0.468229,0.469927,0.476317,0.487963,0.50604,0.532849,0.573341,0.641826,2,2,2,2,2,2,2,2,2,2,2,2,2,2,2,2,2,2,2,1.88046,1.77743,1.73817,1.74037,1.78499,1.89941,2,2,2,2,2,2,2,2,
8.6,-4.00714,-0.102548,4.21693,2,2,2,2,2,2,2,2,2,2,2,2,2,2,2,2,2,2,2,2,2,2,2,2,2,2,2,2,2,2,2,2,2,2,2,2,2,2,2,2,2,2,2,2,0.575441,0.507645,0.46794,0.441367,0.422931,0.410311,0.402284,0.39819,0.397723,0.400851,0.407802,0.419131,0.435881,0.46,0.495493,0.552986,0.738503,2,2,2,2,2,2,2,2,2,2,2,2,2,2,2,2,2,2,1.87252,1.80637,1.79031,1.81658,1.89878,2,2,2,2,2,2,
8.7,-4.0428,-0.168529,4.06693,2,2,2,2,2,2,2,2,2,2,2,2,2,2,2,2,2,2,2,2,2,2,2,2,2,2,2,2,2,2,2,2,2,2,2,2,2,2,2,2,2,2,2,2,2,2,0.50481,0.441955,0.404847,0.379709,0.3619,0.349243,0.340563,0.335192,0.332762,0.333118,0.336283,0.342461,0.352085,0.365928,0.385357,0.412968,0.454633,0.530964,2,2,2,2,2,2,2,2,2,2,2,2,2,2,2,2,2,1.9904,1.88946,1.85479,1.86577,1.9279,2,2,2,2,
8.8,-4.08792,-0.228441,3.91693,2,2,2,2,2,2,2,2,2,2,2,2,2,2,2,2,2,2,2,2,2,2,2,2,2,2,2,2,2,2,2,2,2,2,2,2,2,2,2,2,2,2,2,2,2,2,2,2,0.46345,0.394431,0.35619,0.330595,0.312335,0.29903,0.289413,0.282746,0.278592,0.276702,0.276971,0.279414,0.284169,0.291525,0.301982,0.316381,0.336191,0.364259,0.407401,0.495195,2,2,2,2,2,2,2,2,2,2,2,2,2,2,2,2,1.98377,1.9296,1.92721,1.97535,2,2,
8.9,-4.14148,-0.280938,3.78895,2,2,2,2,2,2,2,2,2,2,2,2,2,2,2,2,2,2,2,2,2,2,2,2,2,2,2,2,2,2,2,2,2,2,2,2,2,2,2,2,2,2,2,2,2,2,2,2,2,2,0.439317,0.35875,0.318755,0.292606,0.274009,0.26032,0.250165,0.242746,0.237581,0.234369,0.232943,0.233229,0.235242,0.239084,0.244965,0.253236,0.264467,0.279608,0.300343,0.330099,0.378078,2,2,2,2,2,2,2,2,2,2,2,2,2,2,2,2,2,2,2,
9,-4.20131,-0.326169,3.68568,2,2,2,2,2,2,2,2,2,2,2,2,2,2,2,2,2,2,2,2,2,2,2,2,2,2,2,2,2,2,2,2,2,2,2,2,2,2,2,2,2,2,2,2,2,2,2,2,2,2,2,2,0.455551,0.339175,0.295695,0.268342,0.249128,0.234983,0.224377,0.216438,0.210634,0.206628,0.204215,0.203276,0.203768,0.205715,0.209208,0.214425,0.221655,0.231359,0.24428,0.26169,0.286016,0.322939,0.395221,2,2,2,2,2,2,2,2,2,2,2,2,2,2,2,
9.1,-4.26548,-0.364991,3.6033,2,2,2,2,2,2,2,2,2,2,2,2,2,2,2,2,2,2,2,2,2,2,2,2,2,2,2,2,2,2,2,2,2,2,2,2,2,2,2,2,2,2,2,2,2,2,2,2,2,2,2,2,2,2,2,0.344206,0.291577,0.260956,0.240021,0.224767,0.213331,0.204689,0.198226,0.193557,0.190433,0.188704,0.18829,0.189174,0.191395,0.195057,0.200341,0.207538,0.217104,0.229772,0.246797,0.270578,0.30677,0.378576,2,2,2,2,2,2,2,2,2,2,2,2,
9.2,-4.33262,-0.398402,3.53665,2,2,2,2,2,2,2,2,2,2,2,2,2,2,2,2,2,2,2,2,2,2,2,2,2,2,2,2,2,2,2,2,2,2,2,2,2,2,2,2,2,2,2,2,2,2,2,2,2,2,2,2,2,2,2,2,2,0.39254,0.311035,0.272851,0.248136,0.230551,0.217502,0.207652,0.200229,0.194753,0.190919,0.188536,0.187491,0.187738,0.189287,0.19221,0.196645,0.202824,0.211109,0.222072,0.236657,0.256556,0.285294,0.332899,2,2,2,2,2,2,2,2,2,2,
9.3,-4.40185,-0.427266,3.4831,2,2,2,2,2,2,2,2,2,2,2,2,2,2,2,2,2,2,2,2,2,2,2,2,2,2,2,2,2,2,2,2,2,2,2,2,2,2,2,2,2,2,2,2,2,2,2,2,2,2,2,2,2,2,2,2,2,2,2,2,0.358187,0.304317,0.272959,0.251529,0.235938,0.224283,0.215519,0.209021,0.204397,0.201399,0.19988,0.19977,0.201063,0.20382,0.208174,0.214354,0.222726,0.233869,0.248742,0.269062,0.298396,0.346834,2,2,2,2,2,2,2,2,
9.4,-4.47252,-0.452384,3.43956,2,2,2,2,2,2,2,2,2,2,2,2,2,2,2,2,2,2,2,2,2,2,2,2,2,2,2,2,2,2,2,2,2,2,2,2,2,2,2,2,2,2,2,2,2,2,2,2,2,2,2,2,2,2,2,2,2,2,2,2,2,2,0.444148,0.353665,0.312123,0.28535,0.266399,0.252448,0.242055,0.234391,0.228948,0.225412,0.223598,0.223415,0.224854,0.227986,0.232974,0.240098,0.249813,0.262859,0.280498,0.305117,0.342204,0.412312,2,2,2,2,2,2,
9.5,-4.54421,-0.474403,3.40447,2,2,2,2,2,2,2,2,2,2,2,2,2,2,2,2,2,2,2,2,2,2,2,2,2,2,2,2,2,2,2,2,2,2,2,2,2,2,2,2,2,2,2,2,2,2,2,2,2,2,2,2,2,2,2,2,2,2,2,2,2,2,2,2,2,0.414705,0.360453,0.327769,0.305278,0.289005,0.277046,0.268349,0.26229,0.25849,0.256737,0.256935,0.259095,0.263334,0.269896,0.279199,0.291935,0.309283,0.333423,0.369117,0.431643,2,2,2,2,2,
9.6,-4.61664,-0.493892,3.37633,2,2,2,2,2,2,2,2,2,2,2,2,2,2,2,2,2,2,2,2,2,2,2,2,2,2,2,2,2,2,2,2,2,2,2,2,2,2,2,2,2,2,2,2,2,2,2,2,2,2,2,2,2,2,2,2,2,2,2,2,2,2,2,2,2,2,2,0.475459,0.41084,0.373622,0.348488,0.330564,0.317608,0.308412,0.302273,0.298787,0.297741,0.299074,0.302864,0.309344,0.318947,0.332422,0.351063,0.377306,0.416597,0.487491,2,2,2,2,
9.7,-4.68958,-0.511336,3.35358,2,2,2,2,2,2,2,2,2,2,2,2,2,2,2,2,2,2,2,2,2,2,2,2,2,2,2,2,2,2,2,2,2,2,2,2,2,2,2,2,2,2,2,2,2,2,2,2,2,2,2,2,2,2,2,2,2,2,2,2,2,2,2,2,2,2,2,2,2,0.523141,0.457112,0.418662,0.392765,0.374505,0.361602,0.352834,0.347514,0.345271,0.345958,0.349618,0.356498,0.367101,0.382327,0.403796,0.434698,0.482811,0.584228,2,2,2,
9.8,-4.7629,-0.527116,3.33439,2,2,2,2,2,2,2,2,2,2,2,2,2,2,2,2,2,2,2,2,2,2,2,2,2,2,2,2,2,2,2,2,2,2,2,2,2,2,2,2,2,2,2,2,2,2,2,2,2,2,2,2,2,2,2,2,2,2,2,2,2,2,2,2,2,2,2,2,2,2,2,0.556296,0.49739,0.46128,0.436793,0.419787,0.408262,0.401146,0.39787,0.398194,0.40214,0.410003,0.422424,0.4406,0.466789,0.505819,0.571853,2,2,2,
9.9,-4.83651,-0.541486,3.31959,2,2,2,2,2,2,2,2,2,2,2,2,2,2,2,2,2,2,2,2,2,2,2,2,2,2,2,2,2,2,2,2,2,2,2,2,2,2,2,2,2,2,2,2,2,2,2,2,2,2,2,2,2,2,2,2,2,2,2,2,2,2,2,2,2,2,2,2,2,2,2,2,0.670197,0.580114,0.532376,0.5015,0.480565,0.46659,0.458071,0.454237,0.454772,0.459719,0.469493,0.485009,0.508036,0.542169,0.596354,0.714676,2,2,
10,-4.91033,-0.554766,3.30733,2,2,2,2,2,2,2,2,2,2,2,2,2,2,2,2,2,2,2,2,2,2,2,2,2,2,2,2,2,2,2,2,2,2,2,2,2,2,2,2,2,2,2,2,2,2,2,2,2,2,2,2,2,2,2,2,2,2,2,2,2,2,2,2,2,2,2,2,2,2,2,2,2,0.806214,0.662606,0.603167,0.566514,0.542293,0.526494,0.517204,0.513487,0.515003,0.52189,0.534807,0.555181,0.585919,0.633702,0.72165,2,2,
10.1,-4.9843,-0.567139,3.29849,2,2,2,2,2,2,2,2,2,2,2,2,2,2,2,2,2,2,2,2,2,2,2,2,2,2,2,2,2,2,2,2,2,2,2,2,2,2,2,2,2,2,2,2,2,2,2,2,2,2,2,2,2,2,2,2,2,2,2,2,2,2,2,2,2,2,2,2,2,2,2,2,2,2,2,0.737702,0.669866,0.629418,0.603323,0.586849,0.577836,0.575297,0.578977,0.589251,0.607268,0.635507,0.679515,0.755886,2,2,
10.2,-5.05838,-0.578859,3.2902,2,2,2,2,2,2,2,2,2,2,2,2,2,2,2,2,2,2,2,2,2,2,2,2,2,2,2,2,2,2,2,2,2,2,2,2,2,2,2,2,2,2,2,2,2,2,2,2,2,2,2,2,2,2,2,2,2,2,2,2,2,2,2,2,2,2,2,2,2,2,2,2,2,2,2,2,0.80428,0.73243,0.690313,0.663765,0.64777,0.640111,0.639888,0.647074,0.662512,0.688309,0.729223,0.798361,2,2,
10.3,-5.13255,-0.589963,3.28558,2,2,2,2,2,2,2,2,2,2,2,2,2,2,2,2,2,2,2,2,2,2,2,2,2,2,2,2,2,2,2,2,2,2,2,2,2,2,2,2,2,2,2,2,2,2,2,2,2,2,2,2,2,2,2,2,2,2,2,2,2,2,2,2,2,2,2,2,2,2,2,2,2,2,2,2,1.05414,0.857123,0.788212,0.747681,0.722858,0.709115,0.704498,0.708423,0.721385,0.745199,0.784181,0.849851,1.01021,2,
10.4,-5.20677,-0.600725,3.28029,2,2,2,2,2,2,2,2,2,2,2,2,2,2,2,2,2,2,2,2,2,2,2,2,2,2,2,2,2,2,2,2,2,2,2,2,2,2,2,2,2,2,2,2,2,2,2,2,2,2,2,2,2,2,2,2,2,2,2,2,2,2,2,2,2,2,2,2,2,2,2,2,2,2,2,2,2,1.04332,0.90441,0.841357,0.804205,0.782525,0.772382,0.772289,0.782235,0.803672,0.840469,0.90284,1.03841,2,
10.5,-5.28105,-0.611094,3.27624,2,2,2,2,2,2,2,2,2,2,2,2,2,2,2,2,2,2,2,2,2,2,2,2,2,2,2,2,2,2,2,2,2,2,2,2,2,2,2,2,2,2,2,2,2,2,2,2,2,2,2,2,2,2,2,2,2,2,2,2,2,2,2,2,2,2,2,2,2,2,2,2,2,2,2,2,2,2,1.05276,0.946807,0.892131,0.860331,0.843547,0.838823,0.845432,0.864402,0.899212,0.959208,1.08323,2,
10.6,-5.35537,-0.621162,3.26829,2,2,2,2,2,2,2,2,2,2,2,2,2,2,2,2,2,2,2,2,2,2,2,2,2,2,2,2,2,2,2,2,2,2,2,2,2,2,2,2,2,2,2,2,2,2,2,2,2,2,2,2,2,2,2,2,2,2,2,2,2,2,2,2,2,2,2,2,2,2,2,2,2,2,2,2,2,2,2,1.07814,0.991966,0.945115,0.919111,0.908081,0.910071,0.925414,0.956973,1.01285,1.12302,2,
10.7,-5.42977,-0.630638,3.41829,2,2,2,2,2,2,2,2,2,2,2,2,2,2,2,2,2,2,2,2,2,2,2,2,2,2,2,2,2,2,2,2,2,2,2,2,2,2,2,2,2,2,2,2,2,2,2,2,2,2,2,2,2,2,2,2,2,2,2,2,2,2,2,2,2,2,2,2,2,2,2,2,2,2,2,2,2,1.20984,1.08608,1.02624,0.993421,0.978514,0.978518,0.993434,1.02626,1.08613,1.20996,2,2,2,
10.8,-5.50192,-0.651127,3.56829,2,2,2,2,2,2,2,2,2,2,2,2,2,2,2,2,2,2,2,2,2,2,2,2,2,2,2,2,2,2,2,2,2,2,2,2,2,2,2,2,2,2,2,2,2,2,2,2,2,2,2,2,2,2,2,2,2,2,2,2,2,2,2,2,2,2,2,2,2,2,2,2,2,2,2,2,1.18978,1.10951,1.06684,1.04613,1.04252,1.0553,1.08718,1.14726,1.27277,2,2,2,2,2,
10.9,-5.5702,-0.682166,3.71829,2,2,2,2,2,2,2,2,2,2,2,2,2,2,2,2,2,2,2,2,2,2,2,2,2,2,2,2,2,2,2,2,2,2,2,2,2,2,2,2,2,2,2,2,2,2,2,2,2,2,2,2,2,2,2,2,2,2,2,2,2,2,2,2,2,2,2,2,2,2,2,2,2,2,1.3138,1.19684,1.1399,1.11103,1.10204,1.11095,1.13972,1.19649,1.31296,2,2,2,2,2,2,2,
11,-5.63307,-0.723061,3.86829,2,2,2,2,2,2,2,2,2,2,2,2,2,2,2,2,2,2,2,2,2,2,2,2,2,2,2,2,2,2,2,2,2,2,2,2,2,2,2,2,2,2,2,2,2,2,2,2,2,2,2,2,2,2,2,2,2,2,2,2,2,2,2,2,2,2,2,2,2,2,2,2,1.53683,1.29247,1.21382,1.17373,1.1574,1.16074,1.18451,1.23524,1.33714,2,2,2,2,2,2,2,2,2,
11.1,-5.68912,-0.772891,4.01829,2,2,2,2,2,2,2,2,2,2,2,2,2,2,2,2,2,2,2,2,2,2,2,2,2,2,2,2,2,2,2,2,2,2,2,2,2,2,2,2,2,2,2,2,2,2,2,2,2,2,2,2,2,2,2,2,2,2,2,2,2,2,2,2,2,2,2,2,2,2,2,1.4072,1.29083,1.23515,1.20921,1.20531,1.22249,1.26534,1.35116,2,2,2,2,2,2,2,2,2,2,2,
11.2,-5.7371,-0.830538,4.16829,2,2,2,2,2,2,2,2,2,2,2,2,2,2,2,2,2,2,2,2,2,2,2,2,2,2,2,2,2,2,2,2,2,2,2,2,2,2,2,2,2,2,2,2,2,2,2,2,2,2,2,2,2,2,2,2,2,2,2,2,2,2,2,2,2,2,2,2,2,1.60845,1.37522,1.29667,1.25826,1.24541,1.25467,1.28847,1.35861,1.52874,2,2,2,2,2,2,2,2,2,2,2,2,
11.3,-5.77592,-0.894707,4.31829,2,2,2,2,2,2,2,2,2,2,2,2,2,2,2,2,2,2,2,2,2,2,2,2,2,2,2,2,2,2,2,2,2,2,2,2,2,2,2,2,2,2,2,2,2,2,2,2,2,2,2,2,2,2,2,2,2,2,2,2,2,2,2,2,2,2,2,2,1.47751,1.36048,1.30554,1.28181,1.28196,1.30602,1.36148,1.4799,2,2,2,2,2,2,2,2,2,2,2,2,2,2,
11.4,-5.80472,-0.963958,4.46829,2,2,2,2,2,2,2,2,2,2,2,2,2,2,2,2,2,2,2,2,2,2,2,2,2,2,2,2,2,2,2,2,2,2,2,2,2,2,2,2,2,2,2,2,2,2,2,2,2,2,2,2,2,2,2,2,2,2,2,2,2,2,2,2,2,2,1.6576,1.43052,1.35231,1.3153,1.30514,1.31898,1.36081,1.44834,2,2,2,2,2,2,2,2,2,2,2,2,2,2,2,2,
11.5,-5.82284,-1.03673,4.61829,2,2,2,2,2,2,2,2,2,2,2,2,2,2,2,2,2,2,2,2,2,2,2,2,2,2,2,2,2,2,2,2,2,2,2,2,2,2,2,2,2,2,2,2,2,2,2,2,2,2,2,2,2,2,2,2,2,2,2,2,2,2,2,2,2,1.51589,1.40038,1.34666,1.32485,1.32805,1.35716,1.42228,1.57325,2,2,2,2,2,2,2,2,2,2,2,2,2,2,2,2,2,
11.6,-5.82989,-1.1114,4.76829,2,2,2,2,2,2,2,2,2,2,2,2,2,2,2,2,2,2,2,2,2,2,2,2,2,2,2,2,2,2,2,2,2,2,2,2,2,2,2,2,2,2,2,2,2,2,2,2,2,2,2,2,2,2,2,2,2,2,2,2,2,2,2,1.65982,1.45272,1.37676,1.34158,1.33368,1.35078,1.3981,1.4985,2,2,2,2,2,2,2,2,2,2,2,2,2,2,2,2,2,2,2,
11.7,-5.8257,-1.18629,4.91829,2,2,2,2,2,2,2,2,2,2,2,2,2,2,2,2,2,2,2,2,2,2,2,2,2,2,2,2,2,2,2,2,2,2,2,2,2,2,2,2,2,2,2,2,2,2,2,2,2,2,2,2,2,2,2,2,2,2,2,2,2,2,1.51569,1.40667,1.35571,1.3361,1.34169,1.3741,1.44524,1.62283,2,2,2,2,2,2,2,2,2,2,2,2,2,2,2,2,2,2,2,2,
11.8,-5.81037,-1.2597,5.06829,2,2,2,2,2,2,2,2,2,2,2,2,2,2,2,2,2,2,2,2,2,2,2,2,2,2,2,2,2,2,2,2,2,2,2,2,2,2,2,2,2,2,2,2,2,2,2,2,2,2,2,2,2,2,2,2,2,2,2,2,1.61192,1.43797,1.36752,1.33537,1.32981,1.34923,1.39969,1.50723,2,2,2,2,2,2,2,2,2,2,2,2,2,2,2,2,2,2,2,2,2,2,
11.9,-5.78424,-1.33,5.21829,2,2,2,2,2,2,2,2,2,2,2,2,2,2,2,2,2,2,2,2,2,2,2,2,2,2,2,2,2,2,2,2,2,2,2,2,2,2,2,2,2,2,2,2,2,2,2,2,2,2,2,2,2,2,2,2,2,2,2,1.47352,1.37721,1.33138,1.31486,1.32271,1.35716,1.43105,1.62361,2,2,2,2,2,2,2,2,2,2,2,2,2,2,2,2,2,2,2,2,2,2,2,
12,-5.74789,-1.39561,5.36829,2,2,2,2,2,2,2,2,2,2,2,2,2,2,2,2,2,2,2,2,2,2,2,2,2,2,2,2,2,2,2,2,2,2,2,2,2,2,2,2,2,2,2,2,2,2,2,2,2,2,2,2,2,2,2,2,2,1.52053,1.38487,1.32381,1.29646,1.29384,1.31525,1.3672,1.47697,2,2,2,2,2,2,2,2,2,2,2,2,2,2,2,2,2,2,2,2,2,2,2,2,2,
12.1,-5.70215,-1.45504,5.51829,2,2,2,2,2,2,2,2,2,2,2,2,2,2,2,2,2,2,2,2,2,2,2,2,2,2,2,2,2,2,2,2,2,2,2,2,2,2,2,2,2,2,2,2,2,2,2,2,2,2,2,2,2,2,2,1.62126,1.39048,1.31206,1.27405,1.26194,1.27244,1.30838,1.38296,1.57922,2,2,2,2,2,2,2,2,2,2,2,2,2,2,2,2,2,2,2,2,2,2,2,2,2,2,
12.2,-5.64804,-1.50698,5.66829,2,2,2,2,2,2,2,2,2,2,2,2,2,2,2,2,2,2,2,2,2,2,2,2,2,2,2,2,2,2,2,2,2,2,2,2,2,2,2,2,2,2,2,2,2,2,2,2,2,2,2,2,2,2,1.39384,1.29526,1.24689,1.22628,1.22761,1.25122,1.30402,1.41341,2,2,2,2,2,2,2,2,2,2,2,2,2,2,2,2,2,2,2,2,2,2,2,2,2,2,2,2,
12.3,-5.58678,-1.55024,5.81829,2,2,2,2,2,2,2,2,2,2,2,2,2,2,2,2,2,2,2,2,2,2,2,2,2,2,2,2,2,2,2,2,2,2,2,2,2,2,2,2,2,2,2,2,2,2,2,2,2,2,2,2,1.39433,1.27204,1.21404,1.18608,1.17982,1.19374,1.23135,1.30605,1.50333,2,2,2,2,2,2,2,2,2,2,2,2,2,2,2,2,2,2,2,2,2,2,2,2,2,2,2,2,2,
12.4,-5.51974,-1.58387,5.95029,2,2,2,2,2,2,2,2,2,2,2,2,2,2,2,2,2,2,2,2,2,2,2,2,2,2,2,2,2,2,2,2,2,2,2,2,2,2,2,2,2,2,2,2,2,2,2,2,2,2,1.51563,1.26603,1.18745,1.14691,1.12959,1.13123,1.1522,1.19788,1.28717,2,2,2,2,2,2,2,2,2,2,2,2,2,2,2,2,2,2,2,2,2,2,2,2,2,2,2,2,2,2,2,
12.5,-5.44886,-1.60838,6.06016,2,2,2,2,2,2,2,2,2,2,2,2,2,2,2,2,2,2,2,2,2,2,2,2,2,2,2,2,2,2,2,2,2,2,2,2,2,2,2,2,2,2,2,2,2,2,2,2,2,1.32577,1.18403,1.11963,1.08576,1.07211,1.07566,1.09715,1.14183,1.22719,2,2,2,2,2,2,2,2,2,2,2,2,2,2,2,2,2,2,2,2,2,2,2,2,2,2,2,2,2,2,2,2,
12.6,-5.37571,-1.62497,6.15166,2,2,2,2,2,2,2,2,2,2,2,2,2,2,2,2,2,2,2,2,2,2,2,2,2,2,2,2,2,2,2,2,2,2,2,2,2,2,2,2,2,2,2,2,2,2,2,2,1.24782,1.12016,1.05931,1.02646,1.01226,1.01374,1.03121,1.06842,1.13711,1.29849,2,2,2,2,2,2,2,2,2,2,2,2,2,2,2,2,2,2,2,2,2,2,2,2,2,2,2,2,2,2,2,2,
12.7,-5.30136,-1.6348,6.22789,2,2,2,2,2,2,2,2,2,2,2,2,2,2,2,2,2,2,2,2,2,2,2,2,2,2,2,2,2,2,2,2,2,2,2,2,2,2,2,2,2,2,2,2,2,2,2,1.20592,1.06789,1.00423,0.968834,0.951425,0.948505,0.959555,0.986633,1.03622,1.1298,2,2,2,2,2,2,2,2,2,2,2,2,2,2,2,2,2,2,2,2,2,2,2,2,2,2,2,2,2,2,2,2,2,
12.8,-5.22648,-1.63895,6.29144,2,2,2,2,2,2,2,2,2,2,2,2,2,2,2,2,2,2,2,2,2,2,2,2,2,2,2,2,2,2,2,2,2,2,2,2,2,2,2,2,2,2,2,2,2,2,1.22138,1.02671,0.954573,0.913938,0.891648,0.883142,0.886997,0.903838,0.93679,0.994477,1.11022,2,2,2,2,2,2,2,2,2,2,2,2,2,2,2,2,2,2,2,2,2,2,2,2,2,2,2,2,2,2,2,2,2,
12.9,-5.15148,-1.63833,6.14144,2,2,2,2,2,2,2,2,2,2,2,2,2,2,2,2,2,2,2,2,2,2,2,2,2,2,2,2,2,2,2,2,2,2,2,2,2,2,2,2,2,2,2,2,2,2,2,2,2,0.985171,0.904003,0.858621,0.83217,0.819049,0.817131,0.826136,0.847449,0.885075,0.949891,1.09594,2,2,2,2,2,2,2,2,2,2,2,2,2,2,2,2,2,2,2,2,2,2,2,2,2,2,2,2,2,2,
13,-5.07723,-1.64892,5.99144,2,2,2,2,2,2,2,2,2,2,2,2,2,2,2,2,2,2,2,2,2,2,2,2,2,2,2,2,2,2,2,2,2,2,2,2,2,2,2,2,2,2,2,2,2,2,2,2,2,2,2,0.975803,0.871298,0.817061,0.784553,0.765922,0.758053,0.759845,0.77154,0.794855,0.834144,0.901204,1.06575,2,2,2,2,2,2,2,2,2,2,2,2,2,2,2,2,2,2,2,2,2,2,2,2,2,2,2,
13.1,-5.0054,-1.6705,5.84144,2,2,2,2,2,2,2,2,2,2,2,2,2,2,2,2,2,2,2,2,2,2,2,2,2,2,2,2,2,2,2,2,2,2,2,2,2,2,2,2,2,2,2,2,2,2,2,2,2,2,2,2,2,2,0.867682,0.795605,0.753633,0.727935,0.713583,0.708501,0.712044,0.724655,0.748102,0.786603,0.851346,1.00442,2,2,2,2,2,2,2,2,2,2,2,2,2,2,2,2,2,2,2,2,2,2,2,2,
13.2,-4.9376,-1.70256,5.69144,2,2,2,2,2,2,2,2,2,2,2,2,2,2,2,2,2,2,2,2,2,2,2,2,2,2,2,2,2,2,2,2,2,2,2,2,2,2,2,2,2,2,2,2,2,2,2,2,2,2,2,2,2,2,2,2,0.931437,0.805489,0.746094,0.710044,0.687769,0.675503,0.671617,0.675649,0.68808,0.710564,0.746926,0.806931,0.935763,2,2,2,2,2,2,2,2,2,2,2,2,2,2,2,2,2,2,2,2,2,
13.3,-4.87535,-1.7444,5.54144,2,2,2,2,2,2,2,2,2,2,2,2,2,2,2,2,2,2,2,2,2,2,2,2,2,2,2,2,2,2,2,2,2,2,2,2,2,2,2,2,2,2,2,2,2,2,2,2,2,2,2,2,2,2,2,2,2,2,2,0.881457,0.77379,0.719066,0.685321,0.664332,0.652741,0.649073,0.652908,0.664686,0.685911,0.720001,0.77537,0.885423,2,2,2,2,2,2,2,2,2,2,2,2,2,2,2,2,2,2,
13.4,-4.82006,-1.79506,5.39144,2,2,2,2,2,2,2,2,2,2,2,2,2,2,2,2,2,2,2,2,2,2,2,2,2,2,2,2,2,2,2,2,2,2,2,2,2,2,2,2,2,2,2,2,2,2,2,2,2,2,2,2,2,2,2,2,2,2,2,2,2,2,0.875663,0.767663,0.712899,0.679085,0.657966,0.64617,0.642204,0.645616,0.656793,0.677132,0.709811,0.762482,0.863169,2,2,2,2,2,2,2,2,2,2,2,2,2,2,2,
13.5,-4.77295,-1.85343,5.24144,2,2,2,2,2,2,2,2,2,2,2,2,2,2,2,2,2,2,2,2,2,2,2,2,2,2,2,2,2,2,2,2,2,2,2,2,2,2,2,2,2,2,2,2,2,2,2,2,2,2,2,2,2,2,2,2,2,2,2,2,2,2,2,2,2,0.904559,0.783895,0.725889,0.690425,0.668301,0.65585,0.651456,0.654609,0.665673,0.686046,0.718937,0.772118,0.87434,2,2,2,2,2,2,2,2,2,2,2,2,
13.6,-4.7351,-1.91817,5.09144,2,2,2,2,2,2,2,2,2,2,2,2,2,2,2,2,2,2,2,2,2,2,2,2,2,2,2,2,2,2,2,2,2,2,2,2,2,2,2,2,2,2,2,2,2,2,2,2,2,2,2,2,2,2,2,2,2,2,2,2,2,2,2,2,2,2,2,2,0.963708,0.81827,0.755186,0.717301,0.693863,0.680757,0.676204,0.679657,0.691529,0.713392,0.748916,0.807356,0.928826,2,2,2,2,2,2,2,2,2,
13.7,-4.70735,-1.98785,4.94144,2,2,2,2,2,2,2,2,2,2,2,2,2,2,2,2,2,2,2,2,2,2,2,2,2,2,2,2,2,2,2,2,2,2,2,2,2,2,2,2,2,2,2,2,2,2,2,2,2,2,2,2,2,2,2,2,2,2,2,2,2,2,2,2,2,2,2,2,2,2,2,1.04417,0.864464,0.796531,0.756523,0.732169,0.718955,0.714993,0.719779,0.733926,0.759488,0.801371,0.873325,2,2,2,2,2,2,2,
13.8,-4.69032,-2.06089,4.79144,2,2,2,2,2,2,2,2,2,2,2,2,2,2,2,2,2,2,2,2,2,2,2,2,2,2,2,2,2,2,2,2,2,2,2,2,2,2,2,2,2,2,2,2,2,2,2,2,2,2,2,2,2,2,2,2,2,2,2,2,2,2,2,2,2,2,2,2,2,2,2,2,2,2,1.10478,0.914692,0.84489,0.80433,0.780286,0.768154,0.766121,0.773909,0.79262,0.825414,0.88031,0.986892,2,2,2,2,
13.9,-4.68439,-2.13566,4.64144,2,2,2,2,2,2,2,2,2,2,2,2,2,2,2,2,2,2,2,2,2,2,2,2,2,2,2,2,2,2,2,2,2,2,2,2,2,2,2,2,2,2,2,2,2,2,2,2,2,2,2,2,2,2,2,2,2,2,2,2,2,2,2,2,2,2,2,2,2,2,2,2,2,2,2,2,2,1.11842,0.962527,0.895893,0.857428,0.835687,0.826507,0.828457,0.841826,0.868812,0.915252,0.999035,2,2,
14,-4.68971,-2.21047,4.49144,1.04269,2,2,2,2,2,2,2,2,2,2,2,2,2,2,2,2,2,2,2,2,2,2,2,2,2,2,2,2,2,2,2,2,2,2,2,2,2,2,2,2,2,2,2,2,2,2,2,2,2,2,2,2,2,2,2,2,2,1.96414,1.97158,2,2,2,2,2,2,2,2,2,2,2,2,2,2,2,2,2,2,2,2,1.12424,1.00576,0.947268,0.913998,0.897113,0.893438,0.902372,0.925432,0.967461,1.04269,
14.1,-4.70615,-2.28364,4.34144,0.99098,1.03122,1.10451,1.30073,2,2,2,2,2,2,2,2,2,2,2,2,2,2,2,2,2,2,2,2,2,2,2,2,2,2,2,2,2,2,2,2,2,2,2,2,2,2,2,2,2,2,2,2,2,2,2,2,2,2,2,2,2,2,2,2,1.93673,1.9207,1.953,2,2,2,2,2,2,2,2,2,2,2,2,2,2,2,2,2,2,2,2,1.13377,1.0462,0.999287,0.974228,0.965176,0.97044,0.99098,
14.2,-4.73334,-2.35354,4.49144,1.20832,2,2,2,2,2,2,2,2,2,2,2,2,2,2,2,2,2,2,2,2,2,2,2,2,2,2,2,2,2,2,2,2,2,2,2,2,2,2,2,2,2,2,2,2,2,2,2,2,2,2,2,2,2,2,2,2,2,1.92015,1.89098,1.90864,1.9826,2,2,2,2,2,2,2,2,2,2,2,2,2,2,2,2,2,2,2,1.23625,1.1306,1.07712,1.04921,1.03951,1.04603,1.07007,1.11757,1.20832,
14.3,-4.74977,-2.42672,4.64144,2,2,2,2,2,2,2,2,2,2,2,2,2,2,2,2,2,2,2,2,2,2,2,2,2,2,2,2,2,2,2,2,2,2,2,2,2,2,2,2,2,2,2,2,2,2,2,2,2,2,2,2,2,2,2,2,1.89748,1.85625,1.86148,1.91578,2,2,2,2,2,2,2,2,2,2,2,2,2,2,2,2,2,2,2,1.36081,1.22054,1.15667,1.12384,1.11194,1.11825,1.14415,1.1967,1.30182,2,2,
14.4,-4.75509,-2.50153,4.79144,2,2,2,2,2,2,2,2,2,2,2,2,2,2,2,2,2,2,2,2,2,2,2,2,2,2,2,2,2,2,2,2,2,2,2,2,2,2,2,2,2,2,2,2,2,2,2,2,2,2,2,2,2,2,1.86768,1.81586,1.81077,1.85002,1.95733,2,2,2,2,2,2,2,2,2,2,2,2,2,2,2,2,2,2,2,1.31771,1.23775,1.19741,1.18148,1.18587,1.21164,1.26624,1.37888,2,2,2,2,
14.5,-4.74917,-2.5763,4.94144,2,2,2,2,2,2,2,2,2,2,2,2,2,2,2,2,2,2,2,2,2,2,2,2,2,2,2,2,2,2,2,2,2,2,2,2,2,2,2,2,2,2,2,2,2,2,2,2,2,2,2,1.98722,1.82949,1.76917,1.75591,1.78363,1.8664,2,2,2,2,2,2,2,2,2,2,2,2,2,2,2,2,2,2,2,1.42719,1.32099,1.26975,1.24768,1.24832,1.27181,1.32518,1.43678,2,2,2,2,2,2,
14.6,-4.73214,-2.64934,5.09144,2,2,2,2,2,2,2,2,2,2,2,2,2,2,2,2,2,2,2,2,2,2,2,2,2,2,2,2,2,2,2,2,2,2,2,2,2,2,2,2,2,2,2,2,2,2,2,2,2,1.9555,1.78161,1.71563,1.6965,1.71564,1.78165,1.95565,2,2,2,2,2,2,2,2,2,2,2,2,2,2,2,2,2,2,1.56596,1.40825,1.34125,1.31057,1.3055,1.32465,1.3738,1.47725,2,2,2,2,2,2,2,2,
14.7,-4.70439,-2.71901,5.24144,2,2,2,2,2,2,2,2,2,2,2,2,2,2,2,2,2,2,2,2,2,2,2,2,2,2,2,2,2,2,2,2,2,2,2,2,2,2,2,2,2,2,2,2,2,2,2,1.90128,1.72303,1.65494,1.63238,1.64561,1.70001,1.83245,2,2,2,2,2,2,2,2,2,2,2,2,2,2,2,2,2,2,2,1.50365,1.41289,1.37052,1.35773,1.37065,1.41319,1.50431,2,2,2,2,2,2,2,2,2,2,
14.8,-4.66653,-2.78376,5.39144,2,2,2,2,2,2,2,2,2,2,2,2,2,2,2,2,2,2,2,2,2,2,2,2,2,2,2,2,2,2,2,2,2,2,2,2,2,2,2,2,2,2,2,2,2,1.82024,1.65354,1.58726,1.5638,1.57357,1.62024,1.72979,2,2,2,2,2,2,2,2,2,2,2,2,2,2,2,2,2,2,2,1.61802,1.4865,1.42826,1.40556,1.41052,1.4447,1.52177,1.73913,2,2,2,2,2,2,2,2,2,2,2,
14.9,-4.61943,-2.84212,5.54144,2,2,2,2,2,2,2,2,2,2,2,2,2,2,2,2,2,2,2,2,2,2,2,2,2,2,2,2,2,2,2,2,2,2,2,2,2,2,2,2,2,2,2,1.71751,1.57417,1.51343,1.49147,1.50005,1.54215,1.63826,2,2,2,2,2,2,2,2,2,2,2,2,2,2,2,2,2,2,2,1.82289,1.5655,1.48487,1.44967,1.44508,1.46963,1.53233,1.67979,2,2,2,2,2,2,2,2,2,2,2,2,2,
15,-4.56413,-2.89279,5.69144,2,2,2,2,2,2,2,2,2,2,2,2,2,2,2,2,2,2,2,2,2,2,2,2,2,2,2,2,2,2,2,2,2,2,2,2,2,2,2,2,2,1.60322,1.48733,1.43503,1.41669,1.42614,1.46638,1.55539,2,2,2,2,2,2,2,2,2,2,2,2,2,2,2,2,2,2,2,2,1.65746,1.54192,1.49085,1.47508,1.48908,1.5377,1.64738,2,2,2,2,2,2,2,2,2,2,2,2,2,2,2,
15.1,-4.50188,-2.93463,5.84144,2,2,2,2,2,2,2,2,2,2,2,2,2,2,2,2,2,2,2,2,2,2,2,2,2,2,2,2,2,2,2,2,2,2,2,2,2,2,2,1.48605,1.39652,1.35442,1.34138,1.3535,1.39438,1.48147,2,2,2,2,2,2,2,2,2,2,2,2,2,2,2,2,2,2,2,2,1.79035,1.60193,1.53,1.50121,1.50388,1.53891,1.62172,2,2,2,2,2,2,2,2,2,2,2,2,2,2,2,2,2,
15.2,-4.43408,-2.96669,5.99144,2,2,2,2,2,2,2,2,2,2,2,2,2,2,2,2,2,2,2,2,2,2,2,2,2,2,2,2,2,2,2,2,2,2,2,2,1.52642,1.37221,1.30578,1.2746,1.26808,1.28446,1.3284,1.41883,2,2,2,2,2,2,2,2,2,2,2,2,2,2,2,2,2,2,2,2,2,1.66977,1.5682,1.52405,1.5146,1.53653,1.59823,1.74586,2,2,2,2,2,2,2,2,2,2,2,2,2,2,2,2,2,2,
15.3,-4.36225,-2.98826,6.14144,2,2,2,2,2,2,2,2,2,2,2,2,2,2,2,2,2,2,2,2,2,2,2,2,2,2,2,2,2,2,2,2,2,2,1.36074,1.26629,1.2193,1.19901,1.19984,1.22201,1.27171,1.37246,2,2,2,2,2,2,2,2,2,2,2,2,2,2,2,2,2,2,2,2,2,1.75869,1.60692,1.5441,1.52164,1.53083,1.57495,1.67677,2,2,2,2,2,2,2,2,2,2,2,2,2,2,2,2,2,2,2,2,
15.4,-4.288,-2.99886,6.27439,2,2,2,2,2,2,2,2,2,2,2,2,2,2,2,2,2,2,2,2,2,2,2,2,2,2,2,2,2,2,2,1.43187,1.25492,1.1833,1.14648,1.13198,1.13634,1.16054,1.2111,1.31179,2,2,2,2,2,2,2,2,2,2,2,2,2,2,2,2,2,2,2,2,2,2,1.68322,1.5769,1.53069,1.51986,1.54052,1.60056,1.74317,2,2,2,2,2,2,2,2,2,2,2,2,2,2,2,2,2,2,2,2,2,
15.5,-4.21301,-2.99952,6.38524,2,2,2,2,2,2,2,2,2,2,2,2,2,2,2,2,2,2,2,2,2,2,2,2,2,2,2,2,2,1.32623,1.18477,1.12044,1.08663,1.07306,1.0767,1.09832,1.14321,1.22908,2,2,2,2,2,2,2,2,2,2,2,2,2,2,2,2,2,2,2,2,2,2,2,1.66518,1.56451,1.52071,1.51143,1.53341,1.59506,1.74235,2,2,2,2,2,2,2,2,2,2,2,2,2,2,2,2,2,2,2,2,2,2,
15.6,-4.1384,-2.99188,6.47771,2,2,2,2,2,2,2,2,2,2,2,2,2,2,2,2,2,2,2,2,2,2,2,2,2,2,2,1.28251,1.13831,1.0732,1.03809,1.02239,1.02273,1.03918,1.07529,1.14221,1.29457,2,2,2,2,2,2,2,2,2,2,2,2,2,2,2,2,2,2,2,2,2,2,2,1.68257,1.56414,1.51233,1.49668,1.51158,1.56234,1.67817,2,2,2,2,2,2,2,2,2,2,2,2,2,2,2,2,2,2,2,2,2,2,2,
15.7,-4.06481,-2.97738,6.5549,2,2,2,2,2,2,2,2,2,2,2,2,2,2,2,2,2,2,2,2,2,2,2,2,2,1.30281,1.11354,1.04089,1.00112,0.981126,0.976592,0.986679,1.01332,1.06298,1.15735,2,2,2,2,2,2,2,2,2,2,2,2,2,2,2,2,2,2,2,2,2,2,2,2,1.76549,1.58144,1.51018,1.48124,1.4831,1.51637,1.59508,1.82942,2,2,2,2,2,2,2,2,2,2,2,2,2,2,2,2,2,2,2,2,2,2,2,
15.8,-3.99256,-2.95725,6.61937,2,2,2,2,2,2,2,2,2,2,2,2,2,2,2,2,2,2,2,2,2,2,2,2,1.11448,1.02488,0.976851,0.95063,0.94009,0.943301,0.960825,0.996163,1.05949,1.19617,2,2,2,2,2,2,2,2,2,2,2,2,2,2,2,2,2,2,2,2,2,2,2,2,2,1.63657,1.52351,1.47311,1.45729,1.47061,1.51758,1.62262,2,2,2,2,2,2,2,2,2,2,2,2,2,2,2,2,2,2,2,2,2,2,2,2,
15.9,-3.92176,-2.93251,6.67323,2,2,2,2,2,2,2,2,2,2,2,2,2,2,2,2,2,2,2,2,2,2,1.1596,1.02908,0.967296,0.932412,0.914663,0.910604,0.919551,0.94306,0.986192,1.06413,2,2,2,2,2,2,2,2,2,2,2,2,2,2,2,2,2,2,2,2,2,2,2,2,2,2,2,1.57104,1.48259,1.44303,1.43466,1.45476,1.51035,1.63569,2,2,2,2,2,2,2,2,2,2,2,2,2,2,2,2,2,2,2,2,2,2,2,2,
16,-3.8524,-2.90399,6.71826,2,2,2,2,2,2,2,2,2,2,2,2,2,2,2,2,2,2,2,2,2,1.06381,0.976175,0.928549,0.901748,0.889707,0.890321,0.903691,0.932191,0.982529,1.0769,2,2,2,2,2,2,2,2,2,2,2,2,2,2,2,2,2,2,2,2,2,2,2,2,2,2,2,1.75102,1.52813,1.45043,1.41603,1.41106,1.43394,1.49268,1.62594,2,2,2,2,2,2,2,2,2,2,2,2,2,2,2,2,2,2,2,2,2,2,2,2,
16.1,-3.78438,-2.87238,6.56826,2,2,2,2,2,2,2,2,2,2,2,2,2,2,2,2,2,2,2,2,2,2,1.09543,0.983333,0.926748,0.894303,0.877666,0.873793,0.882063,0.903838,0.94349,1.01345,1.18894,2,2,2,2,2,2,2,2,2,2,2,2,2,2,2,2,2,2,2,2,2,2,2,2,2,2,2,2,1.59486,1.46642,1.40895,1.38623,1.39055,1.42321,1.4968,1.68951,2,2,2,2,2,2,2,2,2,2,2,2,2,2,2,2,2,2,2,2,2,
16.2,-3.71241,-2.85129,6.41826,2,2,2,2,2,2,2,2,2,2,2,2,2,2,2,2,2,2,2,2,2,2,2,1.14064,0.986073,0.919436,0.881238,0.860098,0.851919,0.855391,0.871052,0.901655,0.954586,1.0555,2,2,2,2,2,2,2,2,2,2,2,2,2,2,2,2,2,2,2,2,2,2,2,2,2,2,2,2,2,2,1.52631,1.43125,1.38714,1.3735,1.38609,1.42879,1.5209,2,2,2,2,2,2,2,2,2,2,2,2,2,2,2,2,2,2,2,
16.3,-3.63809,-2.84119,6.26826,2,2,2,2,2,2,2,2,2,2,2,2,2,2,2,2,2,2,2,2,2,2,2,2,2,0.984732,0.906546,0.862523,0.837035,0.824781,0.823786,0.833904,0.856722,0.896699,0.966291,1.14399,2,2,2,2,2,2,2,2,2,2,2,2,2,2,2,2,2,2,2,2,2,2,2,2,2,2,2,2,2,2,1.69469,1.49198,1.41677,1.38299,1.3775,1.39865,1.45344,1.57403,2,2,2,2,2,2,2,2,2,2,2,2,2,2,2,2,
16.4,-3.5631,-2.84231,6.11826,2,2,2,2,2,2,2,2,2,2,2,2,2,2,2,2,2,2,2,2,2,2,2,2,2,2,0.979935,0.887998,0.838126,0.808509,0.792469,0.787374,0.792497,0.808569,0.838228,0.88817,0.980297,2,2,2,2,2,2,2,2,2,2,2,2,2,2,2,2,2,2,2,2,2,2,2,2,2,2,2,2,2,2,2,2,1.61778,1.48015,1.41975,1.39535,1.39843,1.42992,1.50186,1.68561,2,2,2,2,2,2,2,2,2,2,2,2,2,
16.5,-3.48912,-2.85462,5.96826,2,2,2,2,2,2,2,2,2,2,2,2,2,2,2,2,2,2,2,2,2,2,2,2,2,2,2,0.972967,0.863668,0.807996,0.774558,0.755081,0.746291,0.746964,0.757188,0.778413,0.81436,0.874664,1.00171,2,2,2,2,2,2,2,2,2,2,2,2,2,2,2,2,2,2,2,2,2,2,2,2,2,2,2,2,2,2,2,2,2,1.5895,1.48543,1.4382,1.4237,1.43716,1.48296,1.58386,2,2,2,2,2,2,2,2,2,2,2,
16.6,-3.41781,-2.87785,5.81826,2,2,2,2,2,2,2,2,2,2,2,2,2,2,2,2,2,2,2,2,2,2,2,2,2,2,2,2,0.967183,0.833367,0.772061,0.735209,0.712718,0.700684,0.69746,0.702649,0.7169,0.742243,0.783452,0.853743,2,2,2,2,2,2,2,2,2,2,2,2,2,2,2,2,2,2,2,2,2,2,2,2,2,2,2,2,2,2,2,2,2,2,1.82272,1.58414,1.50498,1.47114,1.46841,1.49588,1.56418,1.73401,2,2,2,2,2,2,2,2,
16.7,-3.35077,-2.91148,5.66826,2,2,2,2,2,2,2,2,2,2,2,2,2,2,2,2,2,2,2,2,2,2,2,2,2,2,2,2,2,0.98056,0.796784,0.730203,0.690479,0.665482,0.650708,0.64416,0.645075,0.653553,0.670613,0.698691,0.743388,0.821381,2,2,2,2,2,2,2,2,2,2,2,2,2,2,2,2,2,2,2,2,2,2,2,2,2,2,2,2,2,2,2,2,2,2,2,1.72953,1.59508,1.53774,1.51887,1.53141,1.57987,1.6913,2,2,2,2,2,2,
16.8,-3.28951,-2.95475,5.51826,2,2,2,2,2,2,2,2,2,2,2,2,2,2,2,2,2,2,2,2,2,2,2,2,2,2,2,2,2,2,2,0.75341,0.682246,0.640363,0.613466,0.596522,0.587253,0.584629,0.58838,0.598893,0.617369,0.646406,0.691889,0.772029,2,2,2,2,2,2,2,2,2,2,2,2,2,2,2,2,2,2,2,2,2,2,2,2,2,2,2,2,2,2,2,2,2,2,2,2,1.70905,1.62045,1.58438,1.58361,1.61785,1.70307,2,2,2,2,
16.9,-3.2354,-3.00668,5.36826,2,2,2,2,2,2,2,2,2,2,2,2,2,2,2,2,2,2,2,2,2,2,2,2,2,2,2,2,2,2,2,2,0.70243,0.627932,0.584824,0.556757,0.538285,0.526939,0.521508,0.521477,0.526844,0.538117,0.556496,0.584431,0.627311,0.701221,2,2,2,2,2,2,2,2,2,2,2,2,2,2,2,2,2,2,2,2,2,2,2,2,2,2,2,2,2,2,2,2,2,2,2,2,1.85114,1.716,1.66094,1.64773,1.67094,1.74079,1.92785,2,
17,-3.18966,-3.06612,5.21826,1.79437,1.94946,2,2,2,2,2,2,2,2,2,2,2,2,2,2,2,2,2,2,2,2,2,2,2,2,2,2,2,2,2,2,2,0.6426,0.566902,0.523785,0.495418,0.476148,0.463421,0.455927,0.453007,0.454422,0.460287,0.4711,0.487905,0.512717,0.549732,0.610135,2,2,2,2,2,2,2,2,2,2,2,2,2,2,2,2,2,2,2,2,2,2,2,2,2,2,2,2,2,2,2,2,2,2,2,2,2,1.82072,1.74456,1.71966,1.73412,1.79437,
17.1,-3.15332,-3.13173,5.06826,1.79575,1.8035,1.85814,2,2,2,2,2,2,2,2,2,2,2,2,2,2,2,2,2,2,2,2,2,2,2,2,2,2,2,2,2,2,2,0.572238,0.498697,0.457116,0.429486,0.410254,0.396905,0.388121,0.383177,0.381711,0.383619,0.389036,0.398364,0.412388,0.432535,0.461561,0.505747,0.5875,2,2,2,2,2,2,2,2,2,2,2,2,2,2,2,2,2,2,2,2,2,2,2,2,2,2,2,2,2,2,2,2,2,2,2,2,1.93033,1.83128,1.79575,
17.2,-3.12719,-3.20203,4.91826,2,1.91725,1.87279,1.87596,1.92837,2,2,2,2,2,2,2,2,2,2,2,2,2,2,2,2,2,2,2,2,2,2,2,2,2,2,2,2,2,2,0.489579,0.422784,0.384634,0.358965,0.34072,0.327588,0.318331,0.312233,0.308886,0.308082,0.309774,0.314063,0.321221,0.33175,0.346513,0.36704,0.396305,0.441461,0.533894,2,2,2,2,2,2,2,2,2,2,2,2,2,2,2,2,2,2,2,2,2,2,2,2,2,2,2,2,2,2,2,2,2,2,2,2,
17.3,-3.11186,-3.27545,4.76826,2,2,2,1.99906,1.94812,1.9491,2,2,2,2,2,2,2,2,2,2,2,2,2,2,2,2,2,2,2,2,2,2,2,2,2,2,2,2,2,2,0.393687,0.338662,0.306117,0.283812,0.267637,0.255657,0.246804,0.240445,0.236187,0.233797,0.23315,0.234215,0.237045,0.241788,0.248711,0.258254,0.271135,0.288575,0.312856,0.349112,0.415243,2,2,2,2,2,2,2,2,2,2,2,2,2,2,2,2,2,2,2,2,2,2,2,2,2,2,2,2,2,2,2,2,2,
17.4,-3.10767,-3.35033,4.62274,2,2,2,2,2,2,2,2,2,2,2,2,2,2,2,2,2,2,2,2,2,2,2,2,2,2,2,2,2,2,2,2,2,2,2,2,0.373284,0.282077,0.244143,0.220051,0.203011,0.190354,0.180733,0.173373,0.167795,0.163689,0.160854,0.159161,0.158538,0.158959,0.160442,0.16305,0.166898,0.172172,0.179159,0.188296,0.200287,0.216334,0.238745,0.27302,0.342547,2,2,2,2,2,2,2,2,2,2,2,2,2,2,2,2,2,2,2,2,2,2,2,2,2,2,2,2,2,
17.5,-3.11438,-3.42503,4.50555,2,2,2,2,2,2,2,2,2,2,2,2,2,2,2,2,2,2,2,2,2,2,2,2,2,2,2,2,2,2,2,2,2,2,2,2,0.240132,0.181077,0.153727,0.1362,0.123742,0.114413,0.107218,0.10158,0.0971342,0.0936422,0.0909402,0.0889151,0.0874892,0.0866112,0.0862512,0.0863968,0.0870531,0.0882422,0.0900064,0.0924105,0.0955519,0.09957,0.104669,0.11115,0.119486,0.130457,0.145498,0.167737,0.207062,2,2,2,2,2,2,2,2,2,2,2,2,2,2,2,2,2,2,2,2,2,2,2,2,2,
17.6,-3.12979,-3.49843,4.41079,2,2,2,2,2,2,2,2,2,2,2,2,2,2,2,2,2,2,2,2,2,2,2,2,2,2,2,2,2,2,2,2,2,2,0.104006,0.0642993,0.0499555,0.0415877,0.035981,0.0319429,0.0289011,0.0265404,0.0246704,0.0231686,0.0219526,0.0209652,0.0201653,0.0195234,0.0190173,0.0186312,0.018354,0.0181776,0.018097,0.0181102,0.0182175,0.0184219,0.018729,0.0191477,0.0196903,0.0203745,0.0212239,0.0222711,0.0235612,0.0251575,0.0271514,0.0296815,0.0329653,0.0373723,0.0435943,0.0531568,0.0706993,2,2,2,2,2,2,2,2,2,2,2,2,2,2,2,2,2,2,2,
17.7,-3.15206,-3.57004,4.33438,
