0,-5,5,-2.51639,2,2,2,2,2,2,2,2,2,2,2,2,2,2,2,2,2,2,2,2,2,2,2,2,2,2,2,2,2,2,2,2,2,2,2,2,2,2,2,2,2,2,2,2,2,2,2,2,2,2,2,0.707137,0.620362,0.573077,0.542561,0.522219,0.509176,0.502004,0.500028,0.503074,0.511413,0.525848,0.548031,0.581334,0.633903,0.739831,2,2,2,2,2,2,2,2,2,2,2,2,2,2,2,2,2,2,2,2,2,2,2,2,
0.1,-5.06081,4.95611,-2.66639,2,2,2,2,2,2,2,2,2,2,2,2,2,2,2,2,2,2,2,2,2,2,2,2,2,2,2,2,2,2,2,2,2,2,2,2,2,2,2,2,2,2,2,2,2,2,2,2,2,2,2,2,2,2,0.627154,0.561186,0.52177,0.495548,0.477793,0.466289,0.459894,0.458052,0.460615,0.467792,0.480215,0.499157,0.527099,0.569491,0.643073,2,2,2,2,2,2,2,2,2,2,2,2,2,2,2,2,2,2,2,2,2,
0.2,-5.1275,4.92179,-2.81639,2,2,2,2,2,2,2,2,2,2,2,2,2,2,2,2,2,2,2,2,2,2,2,2,2,2,2,2,2,2,2,2,2,2,2,2,2,2,2,2,2,2,2,2,2,2,2,2,2,2,2,2,2,2,2,2,2,0.59158,0.530384,0.49311,0.468044,0.450875,0.439542,0.432961,0.430585,0.432229,0.43802,0.448431,0.464428,0.487839,0.522388,0.577524,0.706054,2,2,2,2,2,2,2,2,2,2,2,2,2,2,2,2,2,
0.3,-5.19857,4.89783,-2.96639,2,2,2,2,2,2,2,2,2,2,2,2,2,2,2,2,2,2,2,2,2,2,2,2,2,2,2,2,2,2,2,2,2,2,2,2,2,2,2,2,2,2,2,2,2,2,2,2,2,2,2,2,2,2,2,2,2,2,2,2,0.593556,0.526816,0.487327,0.460926,0.442752,0.430533,0.423078,0.419764,0.420337,0.42484,0.433624,0.447453,0.467761,0.497346,0.54258,0.625846,2,2,2,2,2,2,2,2,2,2,2,2,2,2,
0.4,-5.27242,4.88476,-3.11639,2,2,2,2,2,2,2,2,2,2,2,2,2,2,2,2,2,2,2,2,2,2,2,2,2,2,2,2,2,2,2,2,2,2,2,2,2,2,2,2,2,2,2,2,2,2,2,2,2,2,2,2,2,2,2,2,2,2,2,2,2,2,2,0.637402,0.55094,0.504662,0.474526,0.453895,0.439882,0.431015,0.426515,0.426026,0.429511,0.437242,0.449875,0.468671,0.496046,0.537272,0.60843,2,2,2,2,2,2,2,2,2,2,2,
0.5,-5.3474,4.88287,-3.25531,2,2,2,2,2,2,2,2,2,2,2,2,2,2,2,2,2,2,2,2,2,2,2,2,2,2,2,2,2,2,2,2,2,2,2,2,2,2,2,2,2,2,2,2,2,2,2,2,2,2,2,2,2,2,2,2,2,2,2,2,2,2,2,2,2,2,0.708941,0.591145,0.537181,0.503159,0.480171,0.464638,0.454791,0.449716,0.448988,0.452549,0.46069,0.474134,0.494294,0.523943,0.569368,0.652028,2,2,2,2,2,2,2,2,
0.6,-5.42192,4.89138,-3.36832,2,2,2,2,2,2,2,2,2,2,2,2,2,2,2,2,2,2,2,2,2,2,2,2,2,2,2,2,2,2,2,2,2,2,2,2,2,2,2,2,2,2,2,2,2,2,2,2,2,2,2,2,2,2,2,2,2,2,2,2,2,2,2,2,2,2,2,2,2,0.725624,0.620446,0.568283,0.535163,0.512995,0.498426,0.489803,0.486307,0.487634,0.493898,0.505665,0.524153,0.55178,0.593819,0.665986,2,2,2,2,2,2,
0.7,-5.495,4.90824,-3.45979,2,2,2,2,2,2,2,2,2,2,2,2,2,2,2,2,2,2,2,2,2,2,2,2,2,2,2,2,2,2,2,2,2,2,2,2,2,2,2,2,2,2,2,2,2,2,2,2,2,2,2,2,2,2,2,2,2,2,2,2,2,2,2,2,2,2,2,2,2,2,2,2,0.708325,0.636913,0.594986,0.567694,0.549905,0.539272,0.534659,0.535624,0.542259,0.555215,0.575964,0.607541,0.657029,0.749849,2,2,2,2,
0.8,-5.56623,4.9317,-3.53365,2,2,2,2,2,2,2,2,2,2,2,2,2,2,2,2,2,2,2,2,2,2,2,2,2,2,2,2,2,2,2,2,2,2,2,2,2,2,2,2,2,2,2,2,2,2,2,2,2,2,2,2,2,2,2,2,2,2,2,2,2,2,2,2,2,2,2,2,2,2,2,2,2,2,0.77649,0.696699,0.651335,0.62241,0.604077,0.593759,0.590273,0.593255,0.603016,0.620661,0.648623,0.692354,0.767976,2,2,2,
0.9,-5.63554,4.96036,-3.59368,2,2,2,2,2,2,2,2,2,2,2,2,2,2,2,2,2,2,2,2,2,2,2,2,2,2,2,2,2,2,2,2,2,2,2,2,2,2,2,2,2,2,2,2,2,2,2,2,2,2,2,2,2,2,2,2,2,2,2,2,2,2,2,2,2,2,2,2,2,2,2,2,2,2,2,2,0.814553,0.743198,0.701331,0.675065,0.659451,0.652314,0.652806,0.660982,0.67783,0.705764,0.750348,0.828084,2,2,
1,-5.70301,4.99312,-3.64145,2,2,2,2,2,2,2,2,2,2,2,2,2,2,2,2,2,2,2,2,2,2,2,2,2,2,2,2,2,2,2,2,2,2,2,2,2,2,2,2,2,2,2,2,2,2,2,2,2,2,2,2,2,2,2,2,2,2,2,2,2,2,2,2,2,2,2,2,2,2,2,2,2,2,2,2,2,0.940841,0.834903,0.780319,0.747207,0.727545,0.718107,0.717619,0.726021,0.744429,0.775776,0.827239,0.923403,2,
1.1,-5.76883,5.02907,-3.68151,1.07718,2,2,2,2,2,2,2,2,2,2,2,2,2,2,2,2,2,2,2,2,2,2,2,2,2,2,2,2,2,2,2,2,2,2,2,2,2,2,2,2,2,2,2,2,2,2,2,2,2,2,2,2,2,2,2,2,2,2,2,2,2,2,2,2,2,2,2,2,2,2,2,2,2,2,2,2,2,1.0687,0.920799,0.855931,0.81797,0.795936,0.785747,0.785882,0.796359,0.818749,0.857234,0.923134,1.07718,
1.2,-5.83316,5.06762,-3.71407,1.05278,2,2,2,2,2,2,2,2,2,2,2,2,2,2,2,2,2,2,2,2,2,2,2,2,2,2,2,2,2,2,2,2,2,2,2,2,2,2,2,2,2,2,2,2,2,2,2,2,2,2,2,2,2,2,2,2,2,2,2,2,2,2,2,2,2,2,2,2,2,2,2,2,2,2,2,2,2,2,1.16356,0.993672,0.924656,0.885274,0.863361,0.854591,0.857548,0.87269,0.902667,0.954607,1.05278,
1.3,-5.8962,5.10825,-3.73979,1.0801,2,2,2,2,2,2,2,2,2,2,2,2,2,2,2,2,2,2,2,2,2,2,2,2,2,2,2,2,2,2,2,2,2,2,2,2,2,2,2,2,2,2,2,2,2,2,2,2,2,2,2,2,2,2,2,2,2,2,2,2,2,2,2,2,2,2,2,2,2,2,2,2,2,2,2,2,2,2,2,1.19912,1.05158,0.985847,0.94901,0.930129,0.92541,0.934036,0.957537,1.00104,1.0801,
1.4,-5.95818,5.15049,-3.58979,2,2,2,2,2,2,2,2,2,2,2,2,2,2,2,2,2,2,2,2,2,2,2,2,2,2,2,2,2,2,2,2,2,2,2,2,2,2,2,2,2,2,2,2,2,2,2,2,2,2,2,2,2,2,2,2,2,2,2,2,2,2,2,2,2,2,2,2,2,2,2,2,2,2,2,2,2,2,2,1.15457,1.07138,1.02677,1.00384,0.997272,1.00582,1.03113,1.07933,1.17065,2,2,
1.5,-6.02577,5.18299,-3.43979,2,2,2,2,2,2,2,2,2,2,2,2,2,2,2,2,2,2,2,2,2,2,2,2,2,2,2,2,2,2,2,2,2,2,2,2,2,2,2,2,2,2,2,2,2,2,2,2,2,2,2,2,2,2,2,2,2,2,2,2,2,2,2,2,2,2,2,2,2,2,2,2,2,2,2,2,2,1.27508,1.1612,1.105,1.0759,1.06585,1.07272,1.09795,1.14802,1.24561,2,2,2,2,
1.6,-6.09746,5.20502,-3.28979,2,2,2,2,2,2,2,2,2,2,2,2,2,2,2,2,2,2,2,2,2,2,2,2,2,2,2,2,2,2,2,2,2,2,2,2,2,2,2,2,2,2,2,2,2,2,2,2,2,2,2,2,2,2,2,2,2,2,2,2,2,2,2,2,2,2,2,2,2,2,2,2,2,2,2,1.44892,1.25792,1.18417,1.14618,1.13078,1.13425,1.15736,1.20625,1.30287,2,2,2,2,2,2,
1.7,-6.17164,5.2161,-3.13979,2,2,2,2,2,2,2,2,2,2,2,2,2,2,2,2,2,2,2,2,2,2,2,2,2,2,2,2,2,2,2,2,2,2,2,2,2,2,2,2,2,2,2,2,2,2,2,2,2,2,2,2,2,2,2,2,2,2,2,2,2,2,2,2,2,2,2,2,2,2,2,2,2,2,1.36816,1.26562,1.21506,1.19213,1.1904,1.20945,1.25438,1.34404,2,2,2,2,2,2,2,2,
1.8,-6.24664,5.21596,-2.98979,2,2,2,2,2,2,2,2,2,2,2,2,2,2,2,2,2,2,2,2,2,2,2,2,2,2,2,2,2,2,2,2,2,2,2,2,2,2,2,2,2,2,2,2,2,2,2,2,2,2,2,2,2,2,2,2,2,2,2,2,2,2,2,2,2,2,2,2,2,2,2,2,1.51545,1.35214,1.28342,1.25035,1.24156,1.25478,1.29353,1.3726,1.6136,2,2,2,2,2,2,2,2,2,
1.9,-6.32078,5.20462,-2.83979,2,2,2,2,2,2,2,2,2,2,2,2,2,2,2,2,2,2,2,2,2,2,2,2,2,2,2,2,2,2,2,2,2,2,2,2,2,2,2,2,2,2,2,2,2,2,2,2,2,2,2,2,2,2,2,2,2,2,2,2,2,2,2,2,2,2,2,2,2,2,2,1.44988,1.35281,1.30616,1.28834,1.29412,1.32508,1.39191,1.54835,2,2,2,2,2,2,2,2,2,2,2,
2,-6.39239,5.18233,-2.68979,2,2,2,2,2,2,2,2,2,2,2,2,2,2,2,2,2,2,2,2,2,2,2,2,2,2,2,2,2,2,2,2,2,2,2,2,2,2,2,2,2,2,2,2,2,2,2,2,2,2,2,2,2,2,2,2,2,2,2,2,2,2,2,2,2,2,2,2,2,1.57781,1.42593,1.36061,1.33146,1.32832,1.35032,1.40445,1.52118,2,2,2,2,2,2,2,2,2,2,2,2,2,
2.1,-6.45986,5.14958,-2.53979,2,2,2,2,2,2,2,2,2,2,2,2,2,2,2,2,2,2,2,2,2,2,2,2,2,2,2,2,2,2,2,2,2,2,2,2,2,2,2,2,2,2,2,2,2,2,2,2,2,2,2,2,2,2,2,2,2,2,2,2,2,2,2,2,2,2,2,2,1.50814,1.41516,1.37173,1.35816,1.37031,1.41185,1.50096,2,2,2,2,2,2,2,2,2,2,2,2,2,2,2,
2.2,-6.52169,5.10712,-2.38979,2,2,2,2,2,2,2,2,2,2,2,2,2,2,2,2,2,2,2,2,2,2,2,2,2,2,2,2,2,2,2,2,2,2,2,2,2,2,2,2,2,2,2,2,2,2,2,2,2,2,2,2,2,2,2,2,2,2,2,2,2,2,2,2,2,2,1.6143,1.47205,1.41007,1.38436,1.38589,1.41514,1.48282,1.64624,2,2,2,2,2,2,2,2,2,2,2,2,2,2,2,2,
2.3,-6.57647,5.0559,-2.23979,2,2,2,2,2,2,2,2,2,2,2,2,2,2,2,2,2,2,2,2,2,2,2,2,2,2,2,2,2,2,2,2,2,2,2,2,2,2,2,2,2,2,2,2,2,2,2,2,2,2,2,2,2,2,2,2,2,2,2,2,2,2,2,2,2,1.53535,1.44756,1.40751,1.39765,1.4149,1.4649,1.57426,2,2,2,2,2,2,2,2,2,2,2,2,2,2,2,2,2,2,
2.4,-6.62298,4.99707,-2.08979,2,2,2,2,2,2,2,2,2,2,2,2,2,2,2,2,2,2,2,2,2,2,2,2,2,2,2,2,2,2,2,2,2,2,2,2,2,2,2,2,2,2,2,2,2,2,2,2,2,2,2,2,2,2,2,2,2,2,2,2,2,2,2,1.61499,1.48565,1.42817,1.40598,1.41143,1.44623,1.52444,1.75194,2,2,2,2,2,2,2,2,2,2,2,2,2,2,2,2,2,2,2,
2.5,-6.66018,4.93194,-1.93979,2,2,2,2,2,2,2,2,2,2,2,2,2,2,2,2,2,2,2,2,2,2,2,2,2,2,2,2,2,2,2,2,2,2,2,2,2,2,2,2,2,2,2,2,2,2,2,2,2,2,2,2,2,2,2,2,2,2,2,2,2,1.77298,1.52668,1.44681,1.41108,1.40484,1.42614,1.48226,1.6077,2,2,2,2,2,2,2,2,2,2,2,2,2,2,2,2,2,2,2,2,2,
2.6,-6.68724,4.86199,-1.78979,2,2,2,2,2,2,2,2,2,2,2,2,2,2,2,2,2,2,2,2,2,2,2,2,2,2,2,2,2,2,2,2,2,2,2,2,2,2,2,2,2,2,2,2,2,2,2,2,2,2,2,2,2,2,2,2,2,2,2,2,1.57545,1.46395,1.41301,1.39502,1.40408,1.443,1.52847,2,2,2,2,2,2,2,2,2,2,2,2,2,2,2,2,2,2,2,2,2,2,2,
2.7,-6.70353,4.78878,-1.63979,2,2,2,2,2,2,2,2,2,2,2,2,2,2,2,2,2,2,2,2,2,2,2,2,2,2,2,2,2,2,2,2,2,2,2,2,2,2,2,2,2,2,2,2,2,2,2,2,2,2,2,2,2,2,2,2,2,2,1.64705,1.48014,1.4116,1.38172,1.37951,1.4043,1.46465,1.60143,2,2,2,2,2,2,2,2,2,2,2,2,2,2,2,2,2,2,2,2,2,2,2,2,
2.8,-6.7087,4.71396,-1.48979,2,2,2,2,2,2,2,2,2,2,2,2,2,2,2,2,2,2,2,2,2,2,2,2,2,2,2,2,2,2,2,2,2,2,2,2,2,2,2,2,2,2,2,2,2,2,2,2,2,2,2,2,2,2,2,2,2,1.49622,1.40649,1.36452,1.35186,1.36471,1.40695,1.4972,2,2,2,2,2,2,2,2,2,2,2,2,2,2,2,2,2,2,2,2,2,2,2,2,2,2,
2.9,-6.70263,4.63921,-1.33979,2,2,2,2,2,2,2,2,2,2,2,2,2,2,2,2,2,2,2,2,2,2,2,2,2,2,2,2,2,2,2,2,2,2,2,2,2,2,2,2,2,2,2,2,2,2,2,2,2,2,2,2,2,2,2,1.51368,1.397,1.34276,1.32049,1.32314,1.35143,1.41503,1.5603,2,2,2,2,2,2,2,2,2,2,2,2,2,2,2,2,2,2,2,2,2,2,2,2,2,2,2,
3,-6.68546,4.5662,-1.20764,2,2,2,2,2,2,2,2,2,2,2,2,2,2,2,2,2,2,2,2,2,2,2,2,2,2,2,2,2,2,2,2,2,2,2,2,2,2,2,2,2,2,2,2,2,2,2,2,2,2,2,2,2,1.6552,1.4079,1.32827,1.28994,1.27802,1.28922,1.32661,1.40447,1.62835,2,2,2,2,2,2,2,2,2,2,2,2,2,2,2,2,2,2,2,2,2,2,2,2,2,2,2,2,
3.1,-6.65882,4.49609,-1.09816,2,2,2,2,2,2,2,2,2,2,2,2,2,2,2,2,2,2,2,2,2,2,2,2,2,2,2,2,2,2,2,2,2,2,2,2,2,2,2,2,2,2,2,2,2,2,2,2,2,2,2,2,1.50967,1.34387,1.27456,1.24094,1.23145,1.24363,1.2807,1.35622,1.55938,2,2,2,2,2,2,2,2,2,2,2,2,2,2,2,2,2,2,2,2,2,2,2,2,2,2,2,2,2,
3.2,-6.62467,4.42931,-1.00742,2,2,2,2,2,2,2,2,2,2,2,2,2,2,2,2,2,2,2,2,2,2,2,2,2,2,2,2,2,2,2,2,2,2,2,2,2,2,2,2,2,2,2,2,2,2,2,2,2,2,2,1.4731,1.2995,1.2285,1.19291,1.18056,1.18837,1.21824,1.27938,1.4116,2,2,2,2,2,2,2,2,2,2,2,2,2,2,2,2,2,2,2,2,2,2,2,2,2,2,2,2,2,2,
3.3,-6.58462,4.3659,-0.932195,2,2,2,2,2,2,2,2,2,2,2,2,2,2,2,2,2,2,2,2,2,2,2,2,2,2,2,2,2,2,2,2,2,2,2,2,2,2,2,2,2,2,2,2,2,2,2,2,2,2,2,1.27279,1.19002,1.14739,1.12852,1.1287,1.14799,1.1912,1.27517,2,2,2,2,2,2,2,2,2,2,2,2,2,2,2,2,2,2,2,2,2,2,2,2,2,2,2,2,2,2,2,
3.4,-6.53992,4.30568,-0.869812,2,2,2,2,2,2,2,2,2,2,2,2,2,2,2,2,2,2,2,2,2,2,2,2,2,2,2,2,2,2,2,2,2,2,2,2,2,2,2,2,2,2,2,2,2,2,2,2,2,2,1.27313,1.16255,1.10756,1.07927,1.06998,1.07771,1.1041,1.15609,1.25859,2,2,2,2,2,2,2,2,2,2,2,2,2,2,2,2,2,2,2,2,2,2,2,2,2,2,2,2,2,2,2,
3.5,-6.49154,4.24837,-0.818069,2,2,2,2,2,2,2,2,2,2,2,2,2,2,2,2,2,2,2,2,2,2,2,2,2,2,2,2,2,2,2,2,2,2,2,2,2,2,2,2,2,2,2,2,2,2,2,2,2,1.37954,1.15374,1.07762,1.03659,1.01641,1.01256,1.02427,1.05394,1.10946,1.22022,2,2,2,2,2,2,2,2,2,2,2,2,2,2,2,2,2,2,2,2,2,2,2,2,2,2,2,2,2,2,2,
3.6,-6.44027,4.19363,-0.775144,2,2,2,2,2,2,2,2,2,2,2,2,2,2,2,2,2,2,2,2,2,2,2,2,2,2,2,2,2,2,2,2,2,2,2,2,2,2,2,2,2,2,2,2,2,2,2,2,2,1.18746,1.06417,1.00439,0.971247,0.955617,0.95441,0.967412,0.997111,1.05106,1.15623,2,2,2,2,2,2,2,2,2,2,2,2,2,2,2,2,2,2,2,2,2,2,2,2,2,2,2,2,2,2,2,
3.7,-6.3867,4.14115,-0.739528,2,2,2,2,2,2,2,2,2,2,2,2,2,2,2,2,2,2,2,2,2,2,2,2,2,2,2,2,2,2,2,2,2,2,2,2,2,2,2,2,2,2,2,2,2,2,2,2,2,1.08359,0.988296,0.937639,0.909023,0.895669,0.895188,0.907504,0.934787,0.983308,1.07322,2,2,2,2,2,2,2,2,2,2,2,2,2,2,2,2,2,2,2,2,2,2,2,2,2,2,2,2,2,2,2,
3.8,-6.33129,4.0906,-0.889528,2,2,2,2,2,2,2,2,2,2,2,2,2,2,2,2,2,2,2,2,2,2,2,2,2,2,2,2,2,2,2,2,2,2,2,2,2,2,2,2,2,2,2,2,2,2,2,2,2,2,2,1.08672,0.957916,0.896721,0.861206,0.841659,0.834472,0.838532,0.854455,0.884993,0.937422,1.03676,2,2,2,2,2,2,2,2,2,2,2,2,2,2,2,2,2,2,2,2,2,2,2,2,2,2,2,2,
3.9,-6.28405,4.03234,-1.03953,2,2,2,2,2,2,2,2,2,2,2,2,2,2,2,2,2,2,2,2,2,2,2,2,2,2,2,2,2,2,2,2,2,2,2,2,2,2,2,2,2,2,2,2,2,2,2,2,2,2,2,2,2,2,0.958969,0.87631,0.830107,0.802699,0.788277,0.784549,0.790989,0.808523,0.840099,0.893233,0.994332,2,2,2,2,2,2,2,2,2,2,2,2,2,2,2,2,2,2,2,2,2,2,2,2,2,
4,-6.24606,3.96768,-1.18953,2,2,2,2,2,2,2,2,2,2,2,2,2,2,2,2,2,2,2,2,2,2,2,2,2,2,2,2,2,2,2,2,2,2,2,2,2,2,2,2,2,2,2,2,2,2,2,2,2,2,2,2,2,2,2,2,1.04448,0.888187,0.82242,0.783684,0.760584,0.748871,0.746848,0.754248,0.772084,0.803252,0.854944,0.951749,2,2,2,2,2,2,2,2,2,2,2,2,2,2,2,2,2,2,2,2,2,2,
4.1,-6.21815,3.89807,-1.33953,2,2,2,2,2,2,2,2,2,2,2,2,2,2,2,2,2,2,2,2,2,2,2,2,2,2,2,2,2,2,2,2,2,2,2,2,2,2,2,2,2,2,2,2,2,2,2,2,2,2,2,2,2,2,2,2,2,2,2,0.970994,0.849962,0.791249,0.755943,0.734835,0.724314,0.722927,0.730498,0.748032,0.778286,0.827965,0.91906,2,2,2,2,2,2,2,2,2,2,2,2,2,2,2,2,2,2,2,
4.2,-6.20096,3.82506,-1.48953,2,2,2,2,2,2,2,2,2,2,2,2,2,2,2,2,2,2,2,2,2,2,2,2,2,2,2,2,2,2,2,2,2,2,2,2,2,2,2,2,2,2,2,2,2,2,2,2,2,2,2,2,2,2,2,2,2,2,2,2,2,2,0.951128,0.837386,0.780598,0.74625,0.725683,0.715452,0.714169,0.721674,0.738948,0.768667,0.817282,0.905476,2,2,2,2,2,2,2,2,2,2,2,2,2,2,2,2,
4.3,-6.19487,3.75031,-1.63953,2,2,2,2,2,2,2,2,2,2,2,2,2,2,2,2,2,2,2,2,2,2,2,2,2,2,2,2,2,2,2,2,2,2,2,2,2,2,2,2,2,2,2,2,2,2,2,2,2,2,2,2,2,2,2,2,2,2,2,2,2,2,2,2,2,0.964293,0.84646,0.788558,0.753672,0.732829,0.722493,0.721245,0.728925,0.746555,0.776903,0.826714,0.918168,2,2,2,2,2,2,2,2,2,2,2,2,2,
4.4,-6.20002,3.67549,-1.78953,2,2,2,2,2,2,2,2,2,2,2,2,2,2,2,2,2,2,2,2,2,2,2,2,2,2,2,2,2,2,2,2,2,2,2,2,2,2,2,2,2,2,2,2,2,2,2,2,2,2,2,2,2,2,2,2,2,2,2,2,2,2,2,2,2,2,2,2,1.00057,0.872869,0.812431,0.776393,0.755072,0.74473,0.743903,0.752483,0.771657,0.80462,0.859397,0.965723,2,2,2,2,2,2,2,2,2,2,
4.5,-6.2163,3.60227,-1.93953,2,2,2,2,2,2,2,2,2,2,2,2,2,2,2,2,2,2,2,2,2,2,2,2,2,2,2,2,2,2,2,2,2,2,2,2,2,2,2,2,2,2,2,2,2,2,2,2,2,2,2,2,2,2,2,2,2,2,2,2,2,2,2,2,2,2,2,2,2,2,2,1.04707,0.911024,0.848487,0.811684,0.790371,0.78068,0.781184,0.791952,0.814594,0.853346,0.919692,1.07697,2,2,2,2,2,2,2,
4.6,-6.24333,3.53231,-2.08953,2,2,2,2,2,2,2,2,2,2,2,2,2,2,2,2,2,2,2,2,2,2,2,2,2,2,2,2,2,2,2,2,2,2,2,2,2,2,2,2,2,2,2,2,2,2,2,2,2,2,2,2,2,2,2,2,2,2,2,2,2,2,2,2,2,2,2,2,2,2,2,2,2,2,1.08781,0.95471,0.892522,0.856404,0.836333,0.828587,0.831971,0.846992,0.876193,0.926261,1.01912,2,2,2,2,2,
4.7,-6.28051,3.46718,-2.23953,2,2,2,2,2,2,2,2,2,2,2,2,2,2,2,2,2,2,2,2,2,2,2,2,2,2,2,2,2,2,2,2,2,2,2,2,2,2,2,2,2,2,2,2,2,2,2,2,2,2,2,2,2,2,2,2,2,2,2,2,2,2,2,2,2,2,2,2,2,2,2,2,2,2,2,2,2,1.11604,0.999029,0.940969,0.907858,0.890974,0.887168,0.895817,0.918379,0.959513,1.03276,1.24094,2,2,
4.8,-6.32701,3.40834,-2.38953,1.21553,2,2,2,2,2,2,2,2,2,2,2,2,2,2,2,2,2,2,2,2,2,2,2,2,2,2,2,2,2,2,2,2,2,2,2,2,2,2,2,2,2,2,2,2,2,2,2,2,2,2,2,2,2,2,2,2,2,2,2,2,2,2,2,2,2,2,2,2,2,2,2,2,2,2,2,2,2,2,2,1.1371,1.0421,0.991983,0.964654,0.95351,0.956459,0.974029,1.00979,1.07422,1.21554,
4.9,-6.38178,3.3571,-2.23953,2,2,2,2,2,2,2,2,2,2,2,2,2,2,2,2,2,2,2,2,2,2,2,2,2,2,2,2,2,2,2,2,2,2,2,2,2,2,2,2,2,2,2,2,2,2,2,2,2,2,2,2,2,2,2,2,2,2,2,2,2,2,2,2,2,2,2,2,2,2,2,2,2,2,2,2,2,2,1.26735,1.13499,1.07288,1.03953,1.02521,1.02692,1.04499,1.08341,1.15474,1.33162,2,2,
5,-6.42828,3.29825,-2.08953,2,2,2,2,2,2,2,2,2,2,2,2,2,2,2,2,2,2,2,2,2,2,2,2,2,2,2,2,2,2,2,2,2,2,2,2,2,2,2,2,2,2,2,2,2,2,2,2,2,2,2,2,2,2,2,2,2,2,2,2,2,2,2,2,2,2,2,2,2,2,2,2,2,2,2,2,2,1.23653,1.15572,1.1135,1.09415,1.09299,1.10977,1.14843,1.2222,1.41451,2,2,2,2,
5.1,-6.46546,3.23312,-1.93953,2,2,2,2,2,2,2,2,2,2,2,2,2,2,2,2,2,2,2,2,2,2,2,2,2,2,2,2,2,2,2,2,2,2,2,2,2,2,2,2,2,2,2,2,2,2,2,2,2,2,2,2,2,2,2,2,2,2,2,2,2,2,2,2,2,2,2,2,2,2,2,2,2,2,2,1.35479,1.24182,1.1868,1.16018,1.15437,1.168,1.2044,1.27599,1.45277,2,2,2,2,2,2,
5.2,-6.4925,3.16316,-1.78953,2,2,2,2,2,2,2,2,2,2,2,2,2,2,2,2,2,2,2,2,2,2,2,2,2,2,2,2,2,2,2,2,2,2,2,2,2,2,2,2,2,2,2,2,2,2,2,2,2,2,2,2,2,2,2,2,2,2,2,2,2,2,2,2,2,2,2,2,2,2,2,2,2,1.52648,1.33425,1.26022,1.22357,1.21117,1.21984,1.25177,1.31741,1.46686,2,2,2,2,2,2,2,2,
5.3,-6.50877,3.08995,-1.63953,2,2,2,2,2,2,2,2,2,2,2,2,2,2,2,2,2,2,2,2,2,2,2,2,2,2,2,2,2,2,2,2,2,2,2,2,2,2,2,2,2,2,2,2,2,2,2,2,2,2,2,2,2,2,2,2,2,2,2,2,2,2,2,2,2,2,2,2,2,2,2,2,1.44026,1.33541,1.28498,1.26387,1.26585,1.29144,1.34862,1.47128,2,2,2,2,2,2,2,2,2,2,
5.4,-6.51392,3.01513,-1.48953,2,2,2,2,2,2,2,2,2,2,2,2,2,2,2,2,2,2,2,2,2,2,2,2,2,2,2,2,2,2,2,2,2,2,2,2,2,2,2,2,2,2,2,2,2,2,2,2,2,2,2,2,2,2,2,2,2,2,2,2,2,2,2,2,2,2,2,2,2,2,1.58598,1.41537,1.34546,1.31311,1.30671,1.32449,1.37176,1.47092,2,2,2,2,2,2,2,2,2,2,2,2,
5.5,-6.50783,2.94037,-1.33953,2,2,2,2,2,2,2,2,2,2,2,2,2,2,2,2,2,2,2,2,2,2,2,2,2,2,2,2,2,2,2,2,2,2,2,2,2,2,2,2,2,2,2,2,2,2,2,2,2,2,2,2,2,2,2,2,2,2,2,2,2,2,2,2,2,2,2,2,2,1.50651,1.40665,1.35975,1.34321,1.35195,1.38855,1.46747,1.70225,2,2,2,2,2,2,2,2,2,2,2,2,2,
5.6,-6.49064,2.86737,-1.18953,2,2,2,2,2,2,2,2,2,2,2,2,2,2,2,2,2,2,2,2,2,2,2,2,2,2,2,2,2,2,2,2,2,2,2,2,2,2,2,2,2,2,2,2,2,2,2,2,2,2,2,2,2,2,2,2,2,2,2,2,2,2,2,2,2,2,2,1.629,1.47118,1.40478,1.37607,1.3747,1.40025,1.46158,1.60127,2,2,2,2,2,2,2,2,2,2,2,2,2,2,2,
5.7,-6.46274,2.79775,-1.05041,2,2,2,2,2,2,2,2,2,2,2,2,2,2,2,2,2,2,2,2,2,2,2,2,2,2,2,2,2,2,2,2,2,2,2,2,2,2,2,2,2,2,2,2,2,2,2,2,2,2,2,2,2,2,2,2,2,2,2,2,2,2,2,2,2,2,1.56743,1.45983,1.41049,1.39361,1.40368,1.44385,1.53171,2,2,2,2,2,2,2,2,2,2,2,2,2,2,2,2,2,
5.8,-6.42544,2.73268,-0.934973,2,2,2,2,2,2,2,2,2,2,2,2,2,2,2,2,2,2,2,2,2,2,2,2,2,2,2,2,2,2,2,2,2,2,2,2,2,2,2,2,2,2,2,2,2,2,2,2,2,2,2,2,2,2,2,2,2,2,2,2,2,2,2,2,2,1.57173,1.46905,1.42212,1.40737,1.42,1.46406,1.56049,2,2,2,2,2,2,2,2,2,2,2,2,2,2,2,2,2,2,
5.9,-6.38091,2.67234,-0.839148,2,2,2,2,2,2,2,2,2,2,2,2,2,2,2,2,2,2,2,2,2,2,2,2,2,2,2,2,2,2,2,2,2,2,2,2,2,2,2,2,2,2,2,2,2,2,2,2,2,2,2,2,2,2,2,2,2,2,2,2,2,2,2,2,1.61666,1.49241,1.43691,1.41635,1.42368,1.4612,1.54491,2,2,2,2,2,2,2,2,2,2,2,2,2,2,2,2,2,2,2,
6,-6.3308,2.61653,-0.75957,2,2,2,2,2,2,2,2,2,2,2,2,2,2,2,2,2,2,2,2,2,2,2,2,2,2,2,2,2,2,2,2,2,2,2,2,2,2,2,2,2,2,2,2,2,2,2,2,2,2,2,2,2,2,2,2,2,2,2,2,2,2,2,1.7583,1.5371,1.45962,1.42559,1.42122,1.44513,1.50585,1.64566,2,2,2,2,2,2,2,2,2,2,2,2,2,2,2,2,2,2,2,
6.1,-6.27641,2.56489,-0.693463,2,2,2,2,2,2,2,2,2,2,2,2,2,2,2,2,2,2,2,2,2,2,2,2,2,2,2,2,2,2,2,2,2,2,2,2,2,2,2,2,2,2,2,2,2,2,2,2,2,2,2,2,2,2,2,2,2,2,2,2,2,2,2,1.63242,1.50143,1.44363,1.42166,1.42784,1.46412,1.54574,1.82574,2,2,2,2,2,2,2,2,2,2,2,2,2,2,2,2,2,2,2,
6.2,-6.21874,2.51695,-0.638532,2,2,2,2,2,2,2,2,2,2,2,2,2,2,2,2,2,2,2,2,2,2,2,2,2,2,2,2,2,2,2,2,2,2,2,2,2,2,2,2,2,2,2,2,2,2,2,2,2,2,2,2,2,2,2,2,2,2,2,2,2,2,2,1.58943,1.48321,1.43497,1.41961,1.43206,1.47637,1.57385,2,2,2,2,2,2,2,2,2,2,2,2,2,2,2,2,2,2,2,2,
6.3,-6.15851,2.47225,-0.592877,2,2,2,2,2,2,2,2,2,2,2,2,2,2,2,2,2,2,2,2,2,2,2,2,2,2,2,2,2,2,2,2,2,2,2,2,2,2,2,2,2,2,2,2,2,2,2,2,2,2,2,2,2,2,2,2,2,2,2,2,2,2,2,1.57235,1.47454,1.43003,1.41736,1.43242,1.48017,1.58514,2,2,2,2,2,2,2,2,2,2,2,2,2,2,2,2,2,2,2,2,
6.4,-6.09631,2.43034,-0.554923,2,2,2,2,2,2,2,2,2,2,2,2,2,2,2,2,2,2,2,2,2,2,2,2,2,2,2,2,2,2,2,2,2,2,2,2,2,2,2,2,2,2,2,2,2,2,2,2,2,2,2,2,2,2,2,2,2,2,2,2,2,2,2,1.57135,1.47268,1.42771,1.41462,1.42916,1.47609,1.57907,2,2,2,2,2,2,2,2,2,2,2,2,2,2,2,2,2,2,2,2,
6.5,-6.03257,2.39082,-0.523364,2,2,2,2,2,2,2,2,2,2,2,2,2,2,2,2,2,2,2,2,2,2,2,2,2,2,2,2,2,2,2,2,2,2,2,2,2,2,2,2,2,2,2,2,2,2,2,2,2,2,2,2,2,2,2,2,2,2,2,2,2,2,2,1.58472,1.47715,1.42817,1.41206,1.42353,1.46622,1.55998,2,2,2,2,2,2,2,2,2,2,2,2,2,2,2,2,2,2,2,2,
6.6,-5.96761,2.35334,-0.497118,2,2,2,2,2,2,2,2,2,2,2,2,2,2,2,2,2,2,2,2,2,2,2,2,2,2,2,2,2,2,2,2,2,2,2,2,2,2,2,2,2,2,2,2,2,2,2,2,2,2,2,2,2,2,2,2,2,2,2,2,2,2,2,1.61553,1.48876,1.43226,1.41086,1.41722,1.45332,1.53414,1.79525,2,2,2,2,2,2,2,2,2,2,2,2,2,2,2,2,2,2,2,
6.7,-5.90168,2.31757,-0.475285,2,2,2,2,2,2,2,2,2,2,2,2,2,2,2,2,2,2,2,2,2,2,2,2,2,2,2,2,2,2,2,2,2,2,2,2,2,2,2,2,2,2,2,2,2,2,2,2,2,2,2,2,2,2,2,2,2,2,2,2,2,2,2,1.67607,1.50942,1.44125,1.41238,1.41201,1.44004,1.50684,1.6678,2,2,2,2,2,2,2,2,2,2,2,2,2,2,2,2,2,2,2,
6.8,-5.835,2.28325,-0.457121,2,2,2,2,2,2,2,2,2,2,2,2,2,2,2,2,2,2,2,2,2,2,2,2,2,2,2,2,2,2,2,2,2,2,2,2,2,2,2,2,2,2,2,2,2,2,2,2,2,2,2,2,2,2,2,2,2,2,2,2,2,2,2,2,1.54262,1.45681,1.41803,1.40951,1.42857,1.48162,1.59906,2,2,2,2,2,2,2,2,2,2,2,2,2,2,2,2,2,2,2,
6.9,-5.7677,2.25015,-0.442006,2,2,2,2,2,2,2,2,2,2,2,2,2,2,2,2,2,2,2,2,2,2,2,2,2,2,2,2,2,2,2,2,2,2,2,2,2,2,2,2,2,2,2,2,2,2,2,2,2,2,2,2,2,2,2,2,2,2,2,2,2,2,2,2,1.59558,1.48115,1.42933,1.41117,1.42061,1.46062,1.54894,2,2,2,2,2,2,2,2,2,2,2,2,2,2,2,2,2,2,2,
7,-5.69991,2.21807,-0.429425,2,2,2,2,2,2,2,2,2,2,2,2,2,2,2,2,2,2,2,2,2,2,2,2,2,2,2,2,2,2,2,2,2,2,2,2,2,2,2,2,2,2,2,2,2,2,2,2,2,2,2,2,2,2,2,2,2,2,2,2,2,2,2,2,1.6913,1.51764,1.44794,1.41829,1.41744,1.44511,1.51156,1.67141,2,2,2,2,2,2,2,2,2,2,2,2,2,2,2,2,2,2,
7.1,-5.63172,2.18684,-0.418951,2,2,2,2,2,2,2,2,2,2,2,2,2,2,2,2,2,2,2,2,2,2,2,2,2,2,2,2,2,2,2,2,2,2,2,2,2,2,2,2,2,2,2,2,2,2,2,2,2,2,2,2,2,2,2,2,2,2,2,2,2,2,2,2,2,1.57251,1.47602,1.43219,1.42011,1.43586,1.48467,1.59223,2,2,2,2,2,2,2,2,2,2,2,2,2,2,2,2,2,2,
7.2,-5.5632,2.15633,-0.41023,2,2,2,2,2,2,2,2,2,2,2,2,2,2,2,2,2,2,2,2,2,2,2,2,2,2,2,2,2,2,2,2,2,2,2,2,2,2,2,2,2,2,2,2,2,2,2,2,2,2,2,2,2,2,2,2,2,2,2,2,2,2,2,2,2,1.66249,1.51676,1.45435,1.42957,1.43342,1.46713,1.54439,1.76395,2,2,2,2,2,2,2,2,2,2,2,2,2,2,2,2,2,
7.3,-5.49442,2.12642,-0.402967,2,2,2,2,2,2,2,2,2,2,2,2,2,2,2,2,2,2,2,2,2,2,2,2,2,2,2,2,2,2,2,2,2,2,2,2,2,2,2,2,2,2,2,2,2,2,2,2,2,2,2,2,2,2,2,2,2,2,2,2,2,2,2,2,2,2,1.57609,1.48675,1.44681,1.43826,1.4583,1.51394,1.63961,2,2,2,2,2,2,2,2,2,2,2,2,2,2,2,2,2,
7.4,-5.42543,2.09701,-0.396917,2,2,2,2,2,2,2,2,2,2,2,2,2,2,2,2,2,2,2,2,2,2,2,2,2,2,2,2,2,2,2,2,2,2,2,2,2,2,2,2,2,2,2,2,2,2,2,2,2,2,2,2,2,2,2,2,2,2,2,2,2,2,2,2,2,2,1.6695,1.53246,1.4731,1.4509,1.45785,1.49624,1.58311,2,2,2,2,2,2,2,2,2,2,2,2,2,2,2,2,2,
7.5,-5.35626,2.06802,-0.391876,2,2,2,2,2,2,2,2,2,2,2,2,2,2,2,2,2,2,2,2,2,2,2,2,2,2,2,2,2,2,2,2,2,2,2,2,2,2,2,2,2,2,2,2,2,2,2,2,2,2,2,2,2,2,2,2,2,2,2,2,2,2,2,2,2,2,2,1.59737,1.51022,1.47204,1.4657,1.48911,1.55094,1.6965,2,2,2,2,2,2,2,2,2,2,2,2,2,2,2,2,
7.6,-5.28695,2.03937,-0.387675,2,2,2,2,2,2,2,2,2,2,2,2,2,2,2,2,2,2,2,2,2,2,2,2,2,2,2,2,2,2,2,2,2,2,2,2,2,2,2,2,2,2,2,2,2,2,2,2,2,2,2,2,2,2,2,2,2,2,2,2,2,2,2,2,2,2,2,1.69703,1.56118,1.50272,1.482,1.49145,1.53426,1.63144,2,2,2,2,2,2,2,2,2,2,2,2,2,2,2,2,
7.7,-5.21751,2.01102,-0.384172,2,2,2,2,2,2,2,2,2,2,2,2,2,2,2,2,2,2,2,2,2,2,2,2,2,2,2,2,2,2,2,2,2,2,2,2,2,2,2,2,2,2,2,2,2,2,2,2,2,2,2,2,2,2,2,2,2,2,2,2,2,2,2,2,2,2,2,2,1.63184,1.54458,1.5072,1.50269,1.52948,1.59823,1.7717,2,2,2,2,2,2,2,2,2,2,2,2,2,2,2,
7.8,-5.14798,1.98291,-0.381252,2,2,2,2,2,2,2,2,2,2,2,2,2,2,2,2,2,2,2,2,2,2,2,2,2,2,2,2,2,2,2,2,2,2,2,2,2,2,2,2,2,2,2,2,2,2,2,2,2,2,2,2,2,2,2,2,2,2,2,2,2,2,2,2,2,2,2,2,1.73809,1.60049,1.54214,1.52271,1.53483,1.58288,1.69356,2,2,2,2,2,2,2,2,2,2,2,2,2,2,2,
7.9,-5.07837,1.955,-0.378817,2,2,2,2,2,2,2,2,2,2,2,2,2,2,2,2,2,2,2,2,2,2,2,2,2,2,2,2,2,2,2,2,2,2,2,2,2,2,2,2,2,2,2,2,2,2,2,2,2,2,2,2,2,2,2,2,2,2,2,2,2,2,2,2,2,2,2,2,2,1.67624,1.5883,1.55173,1.54938,1.58043,1.65838,1.88872,2,2,2,2,2,2,2,2,2,2,2,2,2,2,
8,-5.00868,1.92727,-0.376785,2,2,2,2,2,2,2,2,2,2,2,2,2,2,2,2,2,2,2,2,2,2,2,2,2,2,2,2,2,2,2,2,2,2,2,2,2,2,2,2,2,2,2,2,2,2,2,2,2,2,2,2,2,2,2,2,2,2,2,2,2,2,2,2,2,2,2,2,2,1.78751,1.64837,1.59041,1.57276,1.5885,1.64373,1.77511,2,2,2,2,2,2,2,2,2,2,2,2,2,2,
8.1,-4.93894,1.89967,-0.37509,2,2,2,2,2,2,2,2,2,2,2,2,2,2,2,2,2,2,2,2,2,2,2,2,2,2,2,2,2,2,2,2,2,2,2,2,2,2,2,2,2,2,2,2,2,2,2,2,2,2,2,2,2,2,2,2,2,2,2,2,2,2,2,2,2,2,2,2,2,2,1.72775,1.64004,1.60502,1.60588,1.64295,1.73451,2,2,2,2,2,2,2,2,2,2,2,2,2,2,
8.2,-4.86916,1.8722,-0.373674,2,2,2,2,2,2,2,2,2,2,2,2,2,2,2,2,2,2,2,2,2,2,2,2,2,2,2,2,2,2,2,2,2,2,2,2,2,2,2,2,2,2,2,2,2,2,2,2,2,2,2,2,2,2,2,2,2,2,2,2,2,2,2,2,2,2,2,2,2,2,1.84094,1.703,1.64662,1.63195,1.65302,1.71879,1.88765,2,2,2,2,2,2,2,2,2,2,2,2,2,
8.3,-4.79934,1.84482,-0.372493,2,2,2,2,2,2,2,2,2,2,2,2,2,2,2,2,2,2,2,2,2,2,2,2,2,2,2,2,2,2,2,2,2,2,2,2,2,2,2,2,2,2,2,2,2,2,2,2,2,2,2,2,2,2,2,2,2,2,2,2,2,2,2,2,2,2,2,2,2,2,2,1.78407,1.69861,1.6666,1.67239,1.71834,1.83174,2,2,2,2,2,2,2,2,2,2,2,2,2,
8.4,-4.72948,1.81752,-0.371506,2,2,2,2,2,2,2,2,2,2,2,2,2,2,2,2,2,2,2,2,2,2,2,2,2,2,2,2,2,2,2,2,2,2,2,2,2,2,2,2,2,2,2,2,2,2,2,2,2,2,2,2,2,2,2,2,2,2,2,2,2,2,2,2,2,2,2,2,2,2,2,1.89529,1.76297,1.7101,1.70026,1.72925,1.81121,2,2,2,2,2,2,2,2,2,2,2,2,2,
8.5,-4.65959,1.7903,-0.370681,2,2,2,2,2,2,2,2,2,2,2,2,2,2,2,2,2,2,2,2,2,2,2,2,2,2,2,2,2,2,2,2,2,2,2,2,2,2,2,2,2,2,2,2,2,2,2,2,2,2,2,2,2,2,2,2,2,2,2,2,2,2,2,2,2,2,2,2,2,2,2,2,1.84355,1.76321,1.7363,1.74952,1.80883,1.96199,2,2,2,2,2,2,2,2,2,2,2,2,
8.6,-4.58969,1.76313,-0.369992,2,2,2,2,2,2,2,2,2,2,2,2,2,2,2,2,2,2,2,2,2,2,2,2,2,2,2,2,2,2,2,2,2,2,2,2,2,2,2,2,2,2,2,2,2,2,2,2,2,2,2,2,2,2,2,2,2,2,2,2,2,2,2,2,2,2,2,2,2,2,2,2,1.94934,1.82742,1.78057,1.7781,1.81887,1.92732,2,2,2,2,2,2,2,2,2,2,2,2,
8.7,-4.51976,1.73601,-0.369416,2,2,2,2,2,2,2,2,2,2,2,2,2,2,2,2,2,2,2,2,2,2,2,2,2,2,2,2,2,2,2,2,2,2,2,2,2,2,2,2,2,2,2,2,2,2,2,2,2,2,2,2,2,2,2,2,2,2,2,2,2,2,2,2,2,2,2,2,2,2,2,2,2,1.90557,1.83355,1.81443,1.83862,1.91869,2,2,2,2,2,2,2,2,2,2,2,2,
8.8,-4.44982,1.70893,-0.368934,2,2,2,2,2,2,2,2,2,2,2,2,2,2,2,2,2,2,2,2,2,2,2,2,2,2,2,2,2,2,2,2,2,2,2,2,2,2,2,2,2,2,2,2,2,2,2,2,2,2,2,2,2,2,2,2,2,2,2,2,2,2,2,2,2,2,2,2,2,2,2,2,2,2,1.89624,1.85837,1.86662,1.92513,2,2,2,2,2,2,2,2,2,2,2,2,
8.9,-4.37987,1.68188,-0.368531,2,2,2,2,2,2,2,2,2,2,2,2,2,2,2,2,2,2,2,2,2,2,2,2,2,2,2,2,2,2,2,2,2,2,2,2,2,2,2,2,2,2,2,2,2,2,2,2,2,2,2,2,2,2,2,2,2,2,2,2,2,2,2,2,2,2,2,2,2,2,2,2,2,2,1.97053,1.91008,1.90207,1.94235,2,2,2,2,2,2,2,2,2,2,2,2,
9,-4.30991,1.65486,-0.368194,2,2,2,2,2,2,2,2,2,2,2,2,2,2,2,2,2,2,2,2,2,2,2,2,2,2,2,2,2,2,2,2,2,2,2,2,2,2,2,2,2,2,2,2,2,2,2,2,2,2,2,2,2,2,2,2,2,2,2,2,2,2,2,2,2,2,2,2,2,2,2,2,2,2,2,1.97014,1.94457,1.96818,2,2,2,2,2,2,2,2,2,2,2,2,
9.1,-4.23993,1.62787,-0.367911,2,2,2,2,2,2,2,2,2,2,2,2,2,2,2,2,2,2,2,2,2,2,2,2,2,2,2,2,2,2,2,2,2,2,2,2,2,2,2,2,2,2,2,2,2,2,2,2,2,2,2,2,2,2,2,2,2,2,2,2,2,2,2,2,2,2,2,2,2,2,2,2,2,2,2,2,1.99403,2,2,2,2,2,2,2,2,2,2,2,2,2,
9.2,-4.16995,1.60089,-0.367675,2,2,2,2,2,2,2,2,2,2,2,2,2,2,2,2,2,2,2,2,2,2,2,2,2,2,2,2,2,2,2,2,2,2,2,2,2,2,2,2,2,2,2,2,2,2,2,2,2,2,2,2,2,2,2,2,2,2,2,2,2,2,2,2,2,2,2,2,2,2,2,2,2,2,2,2,2,2,2,2,2,2,2,2,2,2,2,2,2,2,
9.3,-4.09996,1.57393,-0.367476,2,2,2,2,2,2,2,2,2,2,2,2,2,2,2,2,2,2,2,2,2,2,2,2,2,2,2,2,2,2,2,2,2,2,2,2,2,2,2,2,2,2,2,2,2,2,2,2,2,2,2,2,2,2,2,2,2,2,2,2,2,2,2,2,2,2,2,2,2,2,2,2,2,2,2,2,2,2,2,2,2,2,2,2,2,2,2,2,2,2,
9.4,-4.02997,1.54699,-0.36731,2,2,2,2,2,2,2,2,2,2,2,2,2,2,2,2,2,2,2,2,2,2,2,2,2,2,2,2,2,2,2,2,2,2,2,2,2,2,2,2,2,2,2,2,2,2,2,2,2,2,2,2,2,2,2,2,2,2,2,2,2,2,2,2,2,2,2,2,2,2,2,2,2,2,2,2,2,2,2,2,2,2,2,2,2,2,2,2,2,2,
9.5,-3.95997,1.52006,-0.367171,2,2,2,2,2,2,2,2,2,2,2,2,2,2,2,2,2,2,2,2,2,2,2,2,2,2,2,2,2,2,2,2,2,2,2,2,2,2,2,2,2,2,2,2,2,2,2,2,2,2,2,2,2,2,2,2,2,2,2,2,2,2,2,2,2,2,2,2,2,2,2,2,2,2,2,2,2,2,2,2,2,2,2,2,2,2,2,2,2,2,
9.6,-3.88997,1.49313,-0.367054,2,2,2,2,2,2,2,2,2,2,2,2,2,2,2,2,2,2,2,2,2,2,2,2,2,2,2,2,2,2,2,2,2,2,2,2,2,2,2,2,2,2,2,2,2,2,2,2,2,2,2,2,2,2,2,2,2,2,2,2,2,2,2,2,2,2,2,2,2,2,2,2,2,2,2,2,2,2,2,2,2,2,2,2,2,2,2,2,2,2,
9.7,-3.81997,1.46622,-0.366955,2,2,2,2,2,2,2,2,2,2,2,2,2,2,2,2,2,2,2,2,2,2,2,2,2,2,2,2,2,2,2,2,2,2,2,2,2,2,2,2,2,2,2,2,2,2,2,2,2,2,2,2,2,2,2,2,2,2,2,2,2,2,2,2,2,2,2,2,2,2,2,2,2,2,2,2,2,2,2,2,2,2,2,2,2,2,2,2,2,2,
9.8,-3.74996,1.43931,-0.366873,2,2,2,2,2,2,2,2,2,2,2,2,2,2,2,2,2,2,2,2,2,2,2,2,2,2,2,2,2,2,2,2,2,2,2,2,2,2,2,2,2,2,2,2,2,2,2,2,2,2,2,2,2,2,2,2,2,2,2,2,2,2,2,2,2,2,2,2,2,2,2,2,2,2,2,2,2,2,2,2,2,2,2,2,2,2,2,2,2,2,
9.9,-3.67995,1.41241,-0.366804,2,2,2,2,2,2,2,2,2,2,2,2,2,2,2,2,2,2,2,2,2,2,2,2,2,2,2,2,2,2,2,2,2,2,2,2,2,2,2,2,2,2,2,2,2,2,2,2,2,2,2,2,2,2,2,2,2,2,2,2,2,2,2,2,2,2,2,2,2,2,2,2,2,2,2,2,2,2,2,2,2,2,2,2,2,2,2,2,2,2,
10,-3.60994,1.38551,-0.366745,2,2,2,2,2,2,2,2,2,2,2,2,2,2,2,2,2,2,2,2,2,2,2,2,2,2,2,2,2,2,2,2,2,2,2,2,2,2,2,2,2,2,2,2,2,2,2,2,2,2,2,2,2,2,2,2,2,2,2,2,2,2,2,2,2,2,2,2,2,2,2,2,2,2,2,2,2,2,2,2,2,2,2,2,2,2,2,2,2,2,
10.1,-3.53993,1.35862,-0.366696,2,2,2,2,2,2,2,2,2,2,2,2,2,2,2,2,2,2,2,2,2,2,2,2,2,2,2,2,2,2,2,2,2,2,2,2,2,2,2,2,2,2,2,2,2,2,2,2,2,2,2,2,2,2,2,2,2,2,2,2,2,2,2,2,2,2,2,2,2,2,2,2,2,2,2,2,2,2,2,2,2,2,2,2,2,2,2,2,2,2,
10.2,-3.46991,1.33173,-0.366655,2,2,2,2,2,2,2,2,2,2,2,2,2,2,2,2,2,2,2,2,2,2,2,2,2,2,2,2,2,2,2,2,2,2,2,2,2,2,2,2,2,2,2,2,2,2,2,2,2,2,2,2,2,2,2,2,2,2,2,2,2,2,2,2,2,2,2,2,2,2,2,2,2,2,2,2,2,2,2,2,2,2,2,2,2,2,2,2,2,2,
10.3,-3.3999,1.30484,-0.36662,2,2,2,2,2,2,2,2,2,2,2,2,2,2,2,2,2,2,2,2,2,2,2,2,2,2,2,2,2,2,2,2,2,2,2,2,2,2,2,2,2,2,2,2,2,2,2,2,2,2,2,2,2,2,2,2,2,2,2,2,2,2,2,2,2,2,2,2,2,2,2,2,2,2,2,2,2,2,2,2,2,2,2,2,2,2,2,2,2,2,
10.4,-3.32988,1.27795,-0.366591,2,2,2,2,2,2,2,2,2,2,2,2,2,2,2,2,2,2,2,2,2,2,2,2,2,2,2,2,2,2,2,2,2,2,2,2,2,2,2,2,2,2,2,2,2,2,2,2,2,2,2,2,2,2,2,2,2,2,2,2,2,2,2,2,2,2,2,2,2,2,2,2,2,2,2,2,2,2,2,2,2,2,2,2,2,2,2,2,2,2,
10.5,-3.25987,1.25107,-0.366566,2,2,2,2,2,2,2,2,2,2,2,2,2,2,2,2,2,2,2,2,2,2,2,2,2,2,2,2,2,2,2,2,2,2,2,2,2,2,2,2,2,2,2,2,2,2,2,2,2,2,2,2,2,2,2,2,2,2,2,2,2,2,2,2,2,2,2,2,2,2,2,2,2,2,2,2,2,2,2,2,2,2,2,2,2,2,2,2,2,2,
10.6,-3.18985,1.22419,-0.366545,2,2,2,2,2,2,2,2,2,2,2,2,2,2,2,2,2,2,2,2,2,2,2,2,2,2,2,2,2,2,2,2,2,2,2,2,2,2,2,2,2,2,2,2,2,2,2,2,2,2,2,2,2,2,2,2,2,2,2,2,2,2,2,2,2,2,2,2,2,2,2,2,2,2,2,2,2,2,2,2,2,2,2,2,2,2,2,2,2,2,
10.7,-3.11983,1.19731,-0.366527,2,2,2,2,2,2,2,2,2,2,2,2,2,2,2,2,2,2,2,2,2,2,2,2,2,2,2,2,2,2,2,2,2,2,2,2,2,2,2,2,2,2,2,2,2,2,2,2,2,2,2,2,2,2,2,2,2,2,2,2,2,2,2,2,2,2,2,2,2,2,2,2,2,2,2,2,2,2,2,2,2,2,2,2,2,2,2,2,2,2,
10.8,-3.04981,1.17043,-0.366512,2,2,2,2,2,2,2,2,2,2,2,2,2,2,2,2,2,2,2,2,2,2,2,2,2,2,2,2,2,2,2,2,2,2,2,2,2,2,2,2,2,2,2,2,2,2,2,2,2,2,2,2,2,2,2,2,2,2,2,2,2,2,2,2,2,2,2,2,2,2,2,2,2,2,2,2,2,2,2,2,2,2,2,2,2,2,2,2,2,2,
10.9,-2.9798,1.14356,-0.366499,2,2,2,2,2,2,2,2,2,2,2,2,2,2,2,2,2,2,2,2,2,2,2,2,2,2,2,2,2,2,2,2,2,2,2,2,2,2,2,2,2,2,2,2,2,2,2,2,2,2,2,2,2,2,2,2,2,2,2,2,2,2,2,2,2,2,2,2,2,2,2,2,2,2,2,2,2,2,2,2,2,2,2,2,2,2,2,2,2,2,
11,-2.90978,1.11668,-0.366489,2,2,2,2,2,2,2,2,2,2,2,2,2,2,2,2,2,2,2,2,2,2,2,2,2,2,2,2,2,2,2,2,2,2,2,2,2,2,2,2,2,2,2,2,2,2,2,2,2,2,2,2,2,2,2,2,2,2,2,2,2,2,2,2,2,2,2,2,2,2,2,2,2,2,2,2,2,2,2,2,2,2,2,2,2,2,2,2,2,2,
11.1,-2.83976,1.0898,-0.36648,2,2,2,2,2,2,2,2,2,2,2,2,2,2,2,2,2,2,2,2,2,2,2,2,2,2,2,2,2,2,2,2,2,2,2,2,2,2,2,2,2,2,2,2,2,2,2,2,2,2,2,2,2,2,2,2,2,2,2,2,2,2,2,2,2,2,2,2,2,2,2,2,2,2,2,2,2,2,2,2,2,2,2,2,2,2,2,2,2,2,
11.2,-2.76974,1.06293,-0.366472,2,2,2,2,2,2,2,2,2,2,2,2,2,2,2,2,2,2,2,2,2,2,2,2,2,2,2,2,2,2,2,2,2,2,2,2,2,2,2,2,2,2,2,2,2,2,2,2,2,2,2,2,2,2,2,2,2,2,2,2,2,2,2,2,2,2,2,2,2,2,2,2,2,2,2,2,2,2,2,2,2,2,2,2,2,2,2,2,2,2,
11.3,-2.69972,1.03606,-0.366465,2,2,2,2,2,2,2,2,2,2,2,2,2,2,2,2,2,2,2,2,2,2,2,2,2,2,2,2,2,2,2,2,2,2,2,2,2,2,2,2,2,2,2,2,2,2,2,2,2,2,2,2,2,2,2,2,2,2,2,2,2,2,2,2,2,2,2,2,2,2,2,2,2,2,2,2,2,2,2,2,2,2,2,2,2,2,2,2,2,2,
11.4,-2.6297,1.00918,-0.36646,2,2,2,2,2,2,2,2,2,2,2,2,2,2,2,2,2,2,2,2,2,2,2,2,2,2,2,2,2,2,2,2,2,2,2,2,2,2,2,2,2,2,2,2,2,2,2,2,2,2,2,2,2,2,2,2,2,2,2,2,2,2,2,2,2,2,2,2,2,2,2,2,2,2,2,2,2,2,2,2,2,2,2,2,2,2,2,2,2,2,
11.5,-2.55968,0.982308,-0.366455,2,2,2,2,2,2,2,2,2,2,2,2,2,2,2,2,2,2,2,2,2,2,2,2,2,2,2,2,2,2,2,2,2,2,2,2,2,2,2,2,2,2,2,2,2,2,2,2,2,2,2,2,2,2,2,2,2,2,2,2,2,2,2,2,2,2,2,2,2,2,2,2,2,2,2,2,2,2,2,2,2,2,2,2,2,2,2,2,2,2,
11.6,-2.48966,0.955435,-0.366451,2,2,2,2,2,2,2,2,2,2,2,2,2,2,2,2,2,2,2,2,2,2,2,2,2,2,2,2,2,2,2,2,2,2,2,2,1.9689,1.96096,2,2,2,2,2,2,2,2,2,2,2,2,2,2,2,2,2,2,2,2,2,2,2,2,2,2,2,2,2,2,2,2,2,2,2,2,2,2,2,2,2,2,2,2,2,2,2,2,2,2,2,2,
11.7,-2.41964,0.928562,-0.366447,2,2,2,2,2,2,2,2,2,2,2,2,2,2,2,2,2,2,2,2,2,2,2,2,2,2,2,2,2,2,2,2,2,2,2,1.94456,1.89891,1.90218,1.95605,2,2,2,2,2,2,2,2,2,2,2,2,2,2,2,2,2,2,2,2,2,2,2,2,2,2,2,2,2,2,2,2,2,2,2,2,2,2,2,2,2,2,2,2,2,2,2,2,2,2,2,
11.8,-2.34962,0.90169,-0.366444,2,2,2,2,2,2,2,2,2,2,2,2,2,2,2,2,2,2,2,2,2,2,2,2,2,2,2,2,2,2,2,2,2,2,1.95522,1.8632,1.83264,1.84645,1.91149,2,2,2,2,2,2,2,2,2,2,2,2,2,2,2,2,2,2,2,2,2,2,2,2,2,2,2,2,2,2,2,2,2,2,2,2,2,2,2,2,2,2,2,2,2,2,2,2,2,2,2,
11.9,-2.2796,0.874817,-0.366442,2,2,2,2,2,2,2,2,2,2,2,2,2,2,2,2,2,2,2,2,2,2,2,2,2,2,2,2,2,2,2,2,2,2,1.85458,1.78743,1.76999,1.79394,1.87123,2,2,2,2,2,2,2,2,2,2,2,2,2,2,2,2,2,2,2,2,2,2,2,2,2,2,2,2,2,2,2,2,2,2,2,2,2,2,2,2,2,2,2,2,2,2,2,2,2,2,2,
12,-2.20958,0.847945,-0.366439,2,2,2,2,2,2,2,2,2,2,2,2,2,2,2,2,2,2,2,2,2,2,2,2,2,2,2,2,2,2,2,2,2,1.88503,1.76456,1.71666,1.71093,1.74491,1.83629,2,2,2,2,2,2,2,2,2,2,2,2,2,2,2,2,2,2,2,2,2,2,2,2,2,2,2,2,2,2,2,2,2,2,2,2,2,2,2,2,2,2,2,2,2,2,2,2,2,2,2,
12.1,-2.13955,0.821073,-0.366437,2,2,2,2,2,2,2,2,2,2,2,2,2,2,2,2,2,2,2,2,2,2,2,2,2,2,2,2,2,2,2,2,2,1.76775,1.68275,1.65053,1.65553,1.69973,1.80835,2,2,2,2,2,2,2,2,2,2,2,2,2,2,2,2,2,2,2,2,2,2,2,2,2,2,2,2,2,2,2,2,2,2,2,2,2,2,2,2,2,2,2,2,2,2,2,2,2,2,2,
12.2,-2.06953,0.794201,-0.366436,2,2,2,2,2,2,2,2,2,2,2,2,2,2,2,2,2,2,2,2,2,2,2,2,2,2,2,2,2,2,2,2,1.81635,1.66832,1.60777,1.58884,1.60394,1.65897,1.79067,2,2,2,2,2,2,2,2,2,2,2,2,2,2,2,2,2,2,2,2,2,2,2,2,2,2,2,2,2,2,2,2,2,2,2,2,2,2,2,2,2,2,2,2,2,2,2,2,2,2,2,
12.3,-1.99951,0.767329,-0.366434,2,2,2,2,2,2,2,2,2,2,2,2,2,2,2,2,2,2,2,2,2,2,2,2,2,2,2,2,2,2,2,2,1.67871,1.58081,1.53878,1.53151,1.55641,1.62344,1.79131,2,2,2,2,2,2,2,2,2,2,2,2,2,2,2,2,2,2,2,2,2,2,2,2,2,2,2,2,2,2,2,2,2,2,2,2,2,2,2,2,2,2,2,2,2,2,2,2,2,2,2,
12.4,-1.92949,0.740458,-0.366433,2,2,2,2,2,2,2,2,2,2,2,2,2,2,2,2,2,2,2,2,2,2,2,2,2,2,2,2,2,2,2,1.73964,1.57049,1.50243,1.4753,1.47857,1.51333,1.59447,1.86076,2,2,2,2,2,2,2,2,2,2,2,2,2,2,2,2,2,2,2,2,2,2,2,2,2,2,2,2,2,2,2,2,2,2,2,2,2,2,2,2,2,2,2,2,2,2,2,2,2,2,2,
12.5,-1.85947,0.713586,-0.366432,2,2,2,2,2,2,2,2,2,2,2,2,2,2,2,2,2,2,2,2,2,2,2,2,2,2,2,2,2,2,2,1.58218,1.47872,1.43164,1.41706,1.43019,1.4753,1.5744,2,2,2,2,2,2,2,2,2,2,2,2,2,2,2,2,2,2,2,2,2,2,2,2,2,2,2,2,2,2,2,2,2,2,2,2,2,2,2,2,2,2,2,2,2,2,2,2,2,2,2,2,
12.6,-1.78945,0.686715,-0.366431,2,2,2,2,2,2,2,2,2,2,2,2,2,2,2,2,2,2,2,2,2,2,2,2,2,2,2,2,2,2,1.64041,1.46836,1.39856,1.36756,1.36395,1.38666,1.44323,1.56811,2,2,2,2,2,2,2,2,2,2,2,2,2,2,2,2,2,2,2,2,2,2,2,2,2,2,2,2,2,2,2,2,2,2,2,2,2,2,2,2,2,2,2,2,2,2,2,2,2,2,2,2,
12.7,-1.71943,0.659843,-0.36643,2,2,2,2,2,2,2,2,2,2,2,2,2,2,2,2,2,2,2,2,2,2,2,2,2,2,2,2,2,2,1.47509,1.37515,1.3276,1.30969,1.31606,1.34849,1.41863,1.59047,2,2,2,2,2,2,2,2,2,2,2,2,2,2,2,2,2,2,2,2,2,2,2,2,2,2,2,2,2,2,2,2,2,2,2,2,2,2,2,2,2,2,2,2,2,2,2,2,2,2,2,2,
12.8,-1.64941,0.632972,-0.36643,2,2,2,2,2,2,2,2,2,2,2,2,2,2,2,2,2,2,2,2,2,2,2,2,2,2,2,2,2,1.51332,1.36153,1.29562,1.26454,1.2578,1.27363,1.31645,1.40417,2,2,2,2,2,2,2,2,2,2,2,2,2,2,2,2,2,2,2,2,2,2,2,2,2,2,2,2,2,2,2,2,2,2,2,2,2,2,2,2,2,2,2,2,2,2,2,2,2,2,2,2,2,
12.9,-1.57939,0.606101,-0.366429,2,2,2,2,2,2,2,2,2,2,2,2,2,2,2,2,2,2,2,2,2,2,2,2,2,2,2,2,2,1.35924,1.27072,1.22663,1.20863,1.21186,1.23712,1.29184,1.4057,2,2,2,2,2,2,2,2,2,2,2,2,2,2,2,2,2,2,2,2,2,2,2,2,2,2,2,2,2,2,2,2,2,2,2,2,2,2,2,2,2,2,2,2,2,2,2,2,2,2,2,2,2,
13,-1.50937,0.579229,-0.366429,2,2,2,2,2,2,2,2,2,2,2,2,2,2,2,2,2,2,2,2,2,2,2,2,2,2,2,2,1.37328,1.25244,1.19473,1.16653,1.15953,1.1721,1.20728,1.27685,1.44267,2,2,2,2,2,2,2,2,2,2,2,2,2,2,2,2,2,2,2,2,2,2,2,2,2,2,2,2,2,2,2,2,2,2,2,2,2,2,2,2,2,2,2,2,2,2,2,2,2,2,2,2,2,
13.1,-1.43935,0.552358,-0.366428,2,2,2,2,2,2,2,2,2,2,2,2,2,2,2,2,2,2,2,2,2,2,2,2,2,2,2,1.42636,1.24086,1.16793,1.13009,1.11441,1.11718,1.13898,1.18542,1.2759,2,2,2,2,2,2,2,2,2,2,2,2,2,2,2,2,2,2,2,2,2,2,2,2,2,2,2,2,2,2,2,2,2,2,2,2,2,2,2,2,2,2,2,2,2,2,2,2,2,2,2,2,2,2,
13.2,-1.36933,0.525487,-0.366428,2,2,2,2,2,2,2,2,2,2,2,2,2,2,2,2,2,2,2,2,2,2,2,2,2,2,2,1.23673,1.14562,1.09834,1.07504,1.06988,1.08179,1.11336,1.17375,1.3008,2,2,2,2,2,2,2,2,2,2,2,2,2,2,2,2,2,2,2,2,2,2,2,2,2,2,2,2,2,2,2,2,2,2,2,2,2,2,2,2,2,2,2,2,2,2,2,2,2,2,2,2,2,2,
13.3,-1.2993,0.498616,-0.366427,2,2,2,2,2,2,2,2,2,2,2,2,2,2,2,2,2,2,2,2,2,2,2,2,2,2,1.24231,1.12739,1.07057,1.04039,1.02864,1.03286,1.05391,1.09666,1.17673,2,2,2,2,2,2,2,2,2,2,2,2,2,2,2,2,2,2,2,2,2,2,2,2,2,2,2,2,2,2,2,2,2,2,2,2,2,2,2,2,2,2,2,2,2,2,2,2,2,2,2,2,2,2,2,
13.4,-1.22928,0.471744,-0.366427,2,2,2,2,2,2,2,2,2,2,2,2,2,2,2,2,2,2,2,2,2,2,2,2,2,1.2646,1.113,1.04627,1.00979,0.992425,0.990508,1.00368,1.03459,1.09153,1.20607,2,2,2,2,2,2,2,2,2,2,2,2,2,2,2,2,2,2,2,2,2,2,2,2,2,2,2,2,2,2,2,2,2,2,2,2,2,2,2,2,2,2,2,2,2,2,2,2,2,2,2,2,2,2,2,
13.5,-1.15926,0.444873,-0.366427,2,2,2,2,2,2,2,2,2,2,2,2,2,2,2,2,2,2,2,2,2,2,2,2,2,1.10242,1.02513,0.982777,0.960565,0.953624,0.960695,0.983063,1.02564,1.10341,2,2,2,2,2,2,2,2,2,2,2,2,2,2,2,2,2,2,2,2,2,2,2,2,2,2,2,2,2,2,2,2,2,2,2,2,2,2,2,2,2,2,2,2,2,2,2,2,2,2,2,2,2,2,2,2,
13.6,-1.08924,0.418002,-0.366426,2,2,2,2,2,2,2,2,2,2,2,2,2,2,2,2,2,2,2,2,2,2,2,2,1.09585,1.00697,0.95908,0.932632,0.921521,0.923746,0.939686,0.972388,1.03057,1.14818,2,2,2,2,2,2,2,2,2,2,2,2,2,2,2,2,2,2,2,2,2,2,2,2,2,2,2,2,2,2,2,2,2,2,2,2,2,2,2,2,2,2,2,2,2,2,2,2,2,2,2,2,2,2,2,2,
13.7,-1.01922,0.391131,-0.366426,2,2,2,2,2,2,2,2,2,2,2,2,2,2,2,2,2,2,2,2,2,2,2,1.09391,0.991793,0.938599,0.908399,0.893777,0.892084,0.903043,0.928552,0.974236,1.0574,2,2,2,2,2,2,2,2,2,2,2,2,2,2,2,2,2,2,2,2,2,2,2,2,2,2,2,2,2,2,2,2,2,2,2,2,2,2,2,2,2,2,2,2,2,2,2,2,2,2,2,2,2,2,2,2,2,
13.8,-0.949199,0.36426,-0.516426,2,2,2,2,2,2,2,2,2,2,2,2,2,2,2,2,2,2,2,2,2,2,2,2,1.12479,0.989791,0.927013,0.891005,0.871632,0.865214,0.870718,0.889025,0.923546,0.983607,1.10771,2,2,2,2,2,2,2,2,2,2,2,2,2,2,2,2,2,2,2,2,2,2,2,2,2,2,2,2,2,2,2,2,2,2,2,2,2,2,2,2,2,2,2,2,2,2,2,2,2,2,2,2,2,2,2,
13.9,-0.884277,0.327395,-0.366426,2,2,2,2,2,2,2,2,2,2,2,2,2,2,2,2,2,2,2,2,2,1.09992,0.961267,0.897826,0.861088,0.840647,0.83267,0.835918,0.85088,0.880097,0.930283,1.0235,2,2,2,2,2,2,2,2,2,2,2,2,2,2,2,2,2,2,2,2,2,2,2,2,2,2,2,2,2,2,2,2,2,2,2,2,2,2,2,2,2,2,2,2,2,2,2,2,2,2,2,2,2,2,2,2,2,2,
14,-0.820919,0.303082,-0.516426,2,2,2,2,2,2,2,2,2,2,2,2,2,2,2,2,2,2,2,2,2,2,2,0.978081,0.899787,0.85566,0.829994,0.817464,0.81606,0.825577,0.847482,0.885944,0.952365,1.1076,2,2,2,2,2,2,2,2,2,2,2,2,2,2,2,2,2,2,2,2,2,2,2,2,2,2,2,2,2,2,2,2,2,2,2,2,2,2,2,2,2,2,2,2,2,2,2,2,2,2,2,2,2,2,2,2,
14.1,-0.76721,0.272584,-0.666426,2,2,2,2,2,2,2,2,2,2,2,2,2,2,2,2,2,2,2,2,2,2,2,2,1.00952,0.904663,0.850296,0.818117,0.800295,0.793783,0.797635,0.8124,0.840465,0.887924,0.973741,2,2,2,2,2,2,2,2,2,2,2,2,2,2,2,2,2,2,2,2,2,2,2,2,2,2,2,2,2,2,2,2,2,2,2,2,2,2,2,2,2,2,2,2,2,2,2,2,2,2,2,2,2,2,2,
14.2,-0.722859,0.237704,-0.816426,2,2,2,2,2,2,2,2,2,2,2,2,2,2,2,2,2,2,2,2,2,2,2,2,2,1.10617,0.91704,0.847262,0.806733,0.782747,0.770706,0.768807,0.77679,0.795791,0.829049,0.884819,0.994265,2,2,2,2,2,2,2,2,2,2,2,2,2,2,2,2,2,2,2,2,2,2,2,2,2,2,2,2,2,2,2,2,2,2,2,2,2,2,2,2,2,2,2,2,2,2,2,2,2,2,2,2,2,
14.3,-0.687342,0.199912,-0.966426,2,2,2,2,2,2,2,2,2,2,2,2,2,2,2,2,2,2,2,2,2,2,2,2,2,2,2,0.947154,0.849617,0.797675,0.766292,0.748201,0.740472,0.742048,0.753138,0.775319,0.812553,0.875244,1.0138,2,2,2,2,2,2,2,2,2,2,2,2,2,2,2,2,2,2,2,2,2,2,2,2,2,2,2,2,2,2,2,2,2,2,2,2,2,2,2,2,2,2,2,2,2,2,2,2,2,2,2,
14.4,-0.66002,0.160348,-1.11643,2,2,2,2,2,2,2,2,2,2,2,2,2,2,2,2,2,2,2,2,2,2,2,2,2,2,2,2,1.07078,0.862707,0.793175,0.752378,0.72744,0.713681,0.709132,0.713216,0.726449,0.750706,0.790454,0.857769,1.03206,2,2,2,2,2,2,2,2,2,2,2,2,2,2,2,2,2,2,2,2,2,2,2,2,2,2,2,2,2,2,2,2,2,2,2,2,2,2,2,2,2,2,2,2,2,2,2,2,2,
14.5,-0.640239,0.11985,-1.26643,2,2,2,2,2,2,2,2,2,2,2,2,2,2,2,2,2,2,2,2,2,2,2,2,2,2,2,2,2,2,0.901298,0.796678,0.742655,0.709498,0.689256,0.678681,0.676402,0.682148,0.69662,0.721835,0.762461,0.831271,1.04575,2,2,2,2,2,2,2,2,2,2,2,2,2,2,2,2,2,2,2,2,2,2,2,2,2,2,2,2,2,2,2,2,2,2,2,2,2,2,2,2,2,2,2,2,2,2,2,
14.6,-0.627408,0.0790033,-1.41643,2,2,2,2,2,2,2,2,2,2,2,2,2,2,2,2,2,2,2,2,2,2,2,2,2,2,2,2,2,2,2,2,0.815696,0.739514,0.695557,0.667907,0.651132,0.642857,0.642096,0.648765,0.663641,0.688734,0.728574,0.795385,0.983892,2,2,2,2,2,2,2,2,2,2,2,2,2,2,2,2,2,2,2,2,2,2,2,2,2,2,2,2,2,2,2,2,2,2,2,2,2,2,2,2,2,2,2,2,2,
14.7,-0.621058,0.0381995,-1.56643,2,2,2,2,2,2,2,2,2,2,2,2,2,2,2,2,2,2,2,2,2,2,2,2,2,2,2,2,2,2,2,2,2,0.883535,0.747671,0.68732,0.650431,0.62686,0.612643,0.605967,0.606095,0.613042,0.627577,0.651566,0.689102,0.750778,0.895168,2,2,2,2,2,2,2,2,2,2,2,2,2,2,2,2,2,2,2,2,2,2,2,2,2,2,2,2,2,2,2,2,2,2,2,2,2,2,2,2,2,2,2,
14.8,-0.620881,-0.00229037,-1.71643,2,2,2,2,2,2,2,2,2,2,2,2,2,2,2,2,2,2,2,2,2,2,2,2,2,2,2,2,2,2,2,2,2,2,2,0.7817,0.688079,0.638064,0.60636,0.585848,0.573488,0.567843,0.568334,0.575009,0.588562,0.610618,0.644624,0.698962,0.808229,2,2,2,2,2,2,2,2,2,2,2,2,2,2,2,2,2,2,2,2,2,2,2,2,2,2,2,2,2,2,2,2,2,2,2,2,2,2,2,2,2,
14.9,-0.626742,-0.0422465,-1.86643,2,2,2,2,2,2,2,2,2,2,2,2,2,2,2,2,2,2,2,2,2,2,2,2,2,2,2,2,2,2,2,2,2,2,2,2,2,0.706778,0.633305,0.59057,0.562762,0.544541,0.533483,0.528403,0.528818,0.534765,0.546817,0.566301,0.595927,0.641825,0.723793,2,2,2,2,2,2,2,2,2,2,2,2,2,2,2,2,2,2,2,2,2,2,2,2,2,2,2,2,2,2,2,2,2,2,2,2,2,2,2,
15,-0.638675,-0.0814305,-2.00182,2,2,2,2,2,2,2,2,2,2,2,2,2,2,2,2,2,2,2,2,2,2,2,2,2,2,2,2,2,2,2,2,2,2,2,2,2,2,0.742716,0.626932,0.572475,0.538207,0.515308,0.500206,0.491157,0.487291,0.488268,0.494172,0.505537,0.523525,0.550444,0.591276,0.660385,2,2,2,2,2,2,2,2,2,2,2,2,2,2,2,2,2,2,2,2,2,2,2,2,2,2,2,2,2,2,2,2,2,2,2,2,2,
15.1,-0.656312,-0.119782,-2.11685,2,2,2,2,2,2,2,2,2,2,2,2,2,2,2,2,2,2,2,2,2,2,2,2,2,2,2,2,2,2,2,2,2,2,2,2,2,2,2,2,0.606972,0.544748,0.506968,0.481659,0.464435,0.453207,0.446887,0.44494,0.447211,0.453882,0.465521,0.48327,0.509333,0.548384,0.613629,2,2,2,2,2,2,2,2,2,2,2,2,2,2,2,2,2,2,2,2,2,2,2,2,2,2,2,2,2,2,2,2,2,2,2,
15.2,-0.679208,-0.15746,-2.22758,2,2,2,2,2,2,2,2,2,2,2,2,2,2,2,2,2,2,2,2,2,2,2,2,2,2,2,2,2,2,2,2,2,2,2,2,2,2,2,2,2,0.585892,0.514807,0.473846,0.446574,0.427691,0.41477,0.406537,0.402308,0.401765,0.404867,0.411844,0.423257,0.440164,0.464548,0.500507,0.55901,2,2,2,2,2,2,2,2,2,2,2,2,2,2,2,2,2,2,2,2,2,2,2,2,2,2,2,2,2,2,2,2,2,
15.3,-0.707627,-0.194321,-2.30916,2,2,2,2,2,2,2,2,2,2,2,2,2,2,2,2,2,2,2,2,2,2,2,2,2,2,2,2,2,2,2,2,2,2,2,2,2,2,2,2,2,2,0.52751,0.464733,0.427366,0.402078,0.384281,0.371811,0.363504,0.358709,0.357089,0.358537,0.363148,0.371246,0.383459,0.400915,0.425698,0.462184,0.52274,2,2,2,2,2,2,2,2,2,2,2,2,2,2,2,2,2,2,2,2,2,2,2,2,2,2,2,2,2,2,2,
15.4,-0.740999,-0.230989,-2.37548,2,2,2,2,2,2,2,2,2,2,2,2,2,2,2,2,2,2,2,2,2,2,2,2,2,2,2,2,2,2,2,2,2,2,2,2,2,2,2,2,2,2,0.573416,0.455327,0.405829,0.374495,0.352711,0.337087,0.325925,0.318276,0.31359,0.311566,0.31208,0.315163,0.321005,0.329999,0.342831,0.360693,0.385794,0.422888,0.486517,2,2,2,2,2,2,2,2,2,2,2,2,2,2,2,2,2,2,2,2,2,2,2,2,2,2,2,2,2,
15.5,-0.779304,-0.267844,-2.43167,2,2,2,2,2,2,2,2,2,2,2,2,2,2,2,2,2,2,2,2,2,2,2,2,2,2,2,2,2,2,2,2,2,2,2,2,2,2,2,2,2,2,2,0.448401,0.381242,0.343858,0.318776,0.300831,0.287701,0.278144,0.271434,0.267136,0.264998,0.264902,0.266845,0.270932,0.2774,0.286664,0.299415,0.316832,0.34109,0.376927,0.43937,2,2,2,2,2,2,2,2,2,2,2,2,2,2,2,2,2,2,2,2,2,2,2,2,2,2,2,
15.6,-0.822745,-0.305177,-2.47872,2,2,2,2,2,2,2,2,2,2,2,2,2,2,2,2,2,2,2,2,2,2,2,2,2,2,2,2,2,2,2,2,2,2,2,2,2,2,2,2,2,2,2,0.455456,0.351668,0.308523,0.281103,0.261788,0.247583,0.236979,0.229112,0.223457,0.219687,0.217602,0.2171,0.218158,0.220825,0.225236,0.231631,0.240396,0.252157,0.267954,0.289678,0.321343,0.374909,2,2,2,2,2,2,2,2,2,2,2,2,2,2,2,2,2,2,2,2,2,2,2,2,2,
15.7,-0.871599,-0.343319,-2.51752,2,2,2,2,2,2,2,2,2,2,2,2,2,2,2,2,2,2,2,2,2,2,2,2,2,2,2,2,2,2,2,2,2,2,2,2,2,2,2,2,2,2,2,2,0.314745,0.266972,0.238631,0.219109,0.204807,0.19402,0.185806,0.17959,0.17501,0.171829,0.169899,0.169134,0.169501,0.171017,0.173746,0.177815,0.183424,0.190887,0.20069,0.213619,0.231041,0.25566,0.294313,0.385523,2,2,2,2,2,2,2,2,2,2,2,2,2,2,2,2,2,2,2,2,2,2,
15.8,-0.926216,-0.382647,-2.55059,2,2,2,2,2,2,2,2,2,2,2,2,2,2,2,2,2,2,2,2,2,2,2,2,2,2,2,2,2,2,2,2,2,2,2,2,2,2,2,2,2,2,2,2,0.268962,0.218629,0.191135,0.172696,0.159313,0.149201,0.141402,0.135345,0.130665,0.127119,0.124546,0.122838,0.121928,0.121782,0.122394,0.123787,0.126014,0.129168,0.133385,0.138874,0.145944,0.155074,0.167039,0.18322,0.206455,0.244569,2,2,2,2,2,2,2,2,2,2,2,2,2,2,2,2,2,2,2,2,
15.9,-0.987087,-0.423492,-2.57682,2,2,2,2,2,2,2,2,2,2,2,2,2,2,2,2,2,2,2,2,2,2,2,2,2,2,2,2,2,2,2,2,2,2,2,2,2,2,2,2,2,2,2,2,0.208127,0.16154,0.137756,0.122191,0.111023,0.102612,0.0960982,0.0909745,0.086919,0.0837176,0.0812232,0.0793335,0.0779774,0.0771073,0.0766937,0.0767233,0.077197,0.0781304,0.0795548,0.0815209,0.0841034,0.0874098,0.0915944,0.0968829,0.103616,0.112336,0.123974,0.140338,0.16582,0.219725,2,2,2,2,2,2,2,2,2,2,2,2,2,2,2,2,
16,-1.05044,-0.463634,-2.59837,2,2,2,2,2,2,2,2,2,2,2,2,2,2,2,2,2,2,2,2,2,2,2,2,2,2,2,2,2,2,2,2,2,2,2,2,2,2,2,2,2,2,2,2,0.134527,0.100078,0.0829264,0.071931,0.0641547,0.0583503,0.0538711,0.0503395,0.0475183,0.0452499,0.043426,0.0419698,0.0408265,0.0399563,0.0393314,0.0389324,0.0387478,0.0387721,0.0390059,0.0394562,0.0401363,0.0410672,0.0422794,0.0438157,0.0457353,0.0481213,0.0510917,0.0548189,0.0595662,0.0657578,0.0741384,0.0861961,0.105694,0.151168,2,2,2,2,2,2,2,2,2,2,2,2,
16.1,-1.11464,-0.502401,-2.61577,2,2,2,2,2,2,2,2,2,2,2,2,2,2,2,2,2,2,2,2,2,2,2,2,2,2,2,2,2,2,2,2,2,2,2,2,2,2,2,2,2,2,2,2,0.0495135,0.0358755,0.0287432,0.0242262,0.0210885,0.0187838,0.0170269,0.0156525,0.0145575,0.0136743,0.0129566,0.0123718,0.0118965,0.0115135,0.0112101,0.0109769,0.0108073,0.0106965,0.0106415,0.010641,0.0106949,0.0108047,0.0109732,0.0112051,0.0115072,0.0118886,0.0123621,0.0129446,0.0136595,0.0145393,0.0156298,0.0169982,0.0187468,0.0210392,0.0241574,0.0286409,0.0357042,0.0491348,2,2,2,2,2,2,2,2,
16.2,-1.17951,-0.540046,-2.63003,
