0,0,3,2.39265,2,2,2,2,2,2,2,2,2,2,2,2,2,2,2,2,2,2,2,2,2,2,2,2,2,2,2,2,2,2,2,2,2,2,2,2,2,2,2,2,2,2,2,2,2,2,2,2,2,2,2,2,2,2,2,2,2,2,2,2,2,2,2,2,2,2,2,2,2,2,2,2,2,2,2,2,2,2,2,2,2,1.98941,1.81779,1.75311,1.73617,1.7592,1.83322,2,2,2,
0.1,-0.0549306,3.05106,2.54265,2,2,2,2,2,2,2,2,2,2,2,2,2,2,2,2,2,2,2,2,2,2,2,2,2,2,2,2,2,2,2,2,2,2,2,2,2,2,2,2,2,2,2,2,2,2,2,2,2,2,2,2,2,2,2,2,2,2,2,2,2,2,2,2,2,2,2,2,2,2,2,2,2,2,2,2,2,2,2,2,1.89899,1.82631,1.80649,1.82961,1.90751,2,2,2,2,2,
0.2,-0.116875,3.09335,2.69265,2,2,2,2,2,2,2,2,2,2,2,2,2,2,2,2,2,2,2,2,2,2,2,2,2,2,2,2,2,2,2,2,2,2,2,2,2,2,2,2,2,2,2,2,2,2,2,2,2,2,2,2,2,2,2,2,2,2,2,2,2,2,2,2,2,2,2,2,2,2,2,2,2,2,2,2,2,2,1.9835,1.89812,1.87272,1.89321,1.97057,2,2,2,2,2,2,2,
0.3,-0.184443,3.1259,2.84265,2,2,2,2,2,2,2,2,2,2,2,2,2,2,2,2,2,2,2,2,2,2,2,2,2,2,2,2,2,2,2,2,2,2,2,2,2,2,2,2,2,2,2,2,2,2,2,2,2,2,2,2,2,2,2,2,2,2,2,2,2,2,2,2,2,2,2,2,2,2,2,2,2,2,2,2,2,1.96828,1.93439,1.94956,2,2,2,2,2,2,2,2,2,2,
0.4,-0.256117,3.14799,2.99265,2,2,2,2,2,2,2,2,2,2,2,2,2,2,2,2,2,2,2,2,2,2,2,2,2,2,2,2,2,2,2,2,2,2,2,2,2,2,2,2,2,2,2,2,2,2,2,2,2,2,2,2,2,2,2,2,2,2,2,2,2,2,2,2,2,2,2,2,2,2,2,2,2,2,2,2,1.99143,1.99872,2,2,2,2,2,2,2,2,2,2,2,2,
0.5,-0.330287,3.15912,3.14265,2,2,2,2,2,2,2,2,2,2,2,2,2,2,2,2,2,2,2,2,2,2,2,2,2,2,2,2,2,2,2,2,2,2,2,2,2,2,2,2,2,2,2,2,2,2,2,2,2,2,2,2,2,2,2,2,2,2,2,2,2,2,2,2,2,2,2,2,2,2,2,2,2,2,2,2,2,2,2,2,2,2,2,2,2,2,2,2,2,2,
0.6,-0.405287,3.15904,3.29265,2,2,2,2,2,2,2,2,2,2,2,2,2,2,2,2,2,2,2,2,2,2,2,2,2,2,2,2,2,2,2,2,2,2,2,2,2,2,2,2,2,2,2,2,2,2,2,2,2,2,2,2,2,2,2,2,2,2,2,2,2,2,2,2,2,2,2,2,2,2,2,2,2,2,2,2,2,2,2,2,2,2,2,2,2,2,2,2,2,2,
0.7,-0.479433,3.14775,3.44265,2,2,2,2,2,2,2,2,2,2,2,2,2,2,2,2,2,2,2,2,2,2,2,2,2,2,2,2,2,2,2,2,2,2,2,2,2,2,2,2,2,2,2,2,2,2,2,2,2,2,2,2,2,2,2,2,2,2,2,2,2,2,2,2,2,2,2,2,2,2,2,2,2,2,2,2,2,2,2,2,2,2,2,2,2,2,2,2,2,2,
0.8,-0.551059,3.12551,3.59265,2,2,2,2,2,2,2,2,2,2,2,2,2,2,2,2,2,2,2,2,2,2,2,2,2,2,2,2,2,2,2,2,2,2,2,2,2,2,2,2,2,2,2,2,2,2,2,2,2,2,2,2,2,2,2,2,2,2,2,2,2,2,2,2,2,2,2,2,2,2,2,2,2,2,2,2,2,2,2,2,2,2,2,2,2,2,2,2,2,2,
0.9,-0.618558,3.09282,3.74265,2,2,2,2,2,2,2,2,2,2,2,2,2,2,2,2,2,2,2,2,2,2,2,2,2,2,2,2,2,2,2,2,2,2,2,2,2,2,2,2,2,2,2,2,2,2,2,2,2,2,2,2,2,2,2,2,2,2,2,2,2,2,2,2,2,2,2,2,2,2,2,2,2,2,2,2,2,2,2,2,2,2,2,2,2,2,2,2,2,2,
1,-0.680414,3.0504,3.89265,2,2,2,2,2,2,2,2,2,2,2,2,2,2,2,2,2,2,2,2,2,2,2,2,2,2,2,2,2,2,2,2,2,2,2,2,2,2,2,2,2,2,2,2,2,2,2,1.96336,1.93834,1.9622,2,2,2,2,2,2,2,2,2,2,2,2,2,2,2,2,2,2,2,2,2,2,2,2,2,2,2,2,2,2,2,2,2,2,2,2,2,2,2,2,
1.1,-0.735236,2.99922,4.04265,2,2,2,2,2,2,2,2,2,2,2,2,2,2,2,2,2,2,2,2,2,2,2,2,2,2,2,2,2,2,2,2,2,2,2,2,2,2,2,2,2,2,2,2,1.96871,1.88832,1.8657,1.88862,1.96949,2,2,2,2,2,2,2,2,2,2,2,2,2,2,2,2,2,2,2,2,2,2,2,2,2,2,2,2,2,2,2,2,2,2,2,2,2,2,2,2,2,
1.2,-0.781795,2.94042,4.19265,2,2,2,2,2,2,2,2,2,2,2,2,2,2,2,2,2,2,2,2,2,2,2,2,2,2,2,2,2,2,2,2,2,2,2,2,2,2,2,2,2,2,1.87761,1.80896,1.79126,1.81587,1.89537,2,2,2,2,2,2,2,2,2,2,2,2,2,2,2,2,2,2,2,2,2,2,2,2,2,2,2,2,2,2,2,2,2,2,2,2,2,2,2,2,2,2,2,
1.3,-0.819044,2.87533,4.32659,2,2,2,2,2,2,2,2,2,2,2,2,2,2,2,2,2,2,2,2,2,2,2,2,2,2,2,2,2,2,2,2,2,2,2,2,2,2,2,1.98665,1.80376,1.73591,1.71619,1.73557,1.8029,1.9836,2,2,2,2,2,2,2,2,2,2,2,2,2,2,2,2,2,2,2,2,2,2,2,2,2,2,2,2,2,2,2,2,2,2,2,2,2,2,2,2,2,2,2,2,
1.4,-0.847267,2.80584,4.44026,2,2,2,2,2,2,2,2,2,2,2,2,2,2,2,2,2,2,2,2,2,2,2,2,2,2,2,2,2,2,2,2,2,2,2,2,2,2,1.75444,1.6739,1.64405,1.65093,1.69729,1.81037,2,2,2,2,2,2,2,2,2,2,2,2,2,2,2,2,2,2,2,2,2,2,2,2,2,2,2,2,2,2,2,2,2,2,2,2,2,2,2,2,2,2,2,2,2,2,
1.5,-0.867425,2.7336,4.53688,2,2,2,2,2,2,2,2,2,2,2,2,2,2,2,2,2,2,2,2,2,2,2,2,2,2,2,2,2,2,2,2,2,2,2,2,1.73767,1.6277,1.58103,1.5715,1.59552,1.66302,1.83508,2,2,2,2,2,2,2,2,2,2,2,2,2,2,2,2,2,2,2,2,2,2,2,2,2,2,2,2,2,2,2,2,2,2,2,2,2,2,2,2,2,2,2,2,2,2,2,
1.6,-0.880521,2.65975,4.61911,2,2,2,2,2,2,2,2,2,2,2,2,2,2,2,2,2,2,2,2,2,2,2,2,2,2,2,2,2,2,2,2,2,2,1.79783,1.60617,1.53366,1.50461,1.50716,1.54219,1.62514,2,2,2,2,2,2,2,2,2,2,2,2,2,2,2,2,2,2,2,2,2,2,2,2,2,2,2,2,2,2,2,2,2,2,2,2,2,2,2,2,2,2,2,2,2,2,2,2,2,
1.7,-0.887507,2.58508,4.68919,2,2,2,2,2,2,2,2,2,2,2,2,2,2,2,2,2,2,2,2,2,2,2,2,2,2,2,2,2,2,2,2,2,1.63082,1.50975,1.4558,1.43688,1.44646,1.48767,1.57949,2,2,2,2,2,2,2,2,2,2,2,2,2,2,2,2,2,1.9656,1.98125,2,2,2,2,2,2,2,2,2,2,2,2,2,2,2,2,2,2,2,2,2,2,2,2,2,2,2,2,2,2,2,
1.8,-0.889247,2.5101,4.749,2,2,2,2,2,2,2,2,2,2,2,2,2,2,2,2,2,2,2,2,2,2,2,2,2,2,2,2,2,2,2,2,1.52473,1.4311,1.3877,1.37461,1.38779,1.43133,1.52522,2,2,2,2,2,2,2,2,2,2,2,2,2,2,2,2,1.99159,1.92947,1.92099,1.96165,2,2,2,2,2,2,2,2,2,2,2,2,2,2,2,2,2,2,2,2,2,2,2,2,2,2,2,2,2,2,2,
1.9,-0.886501,2.43515,4.80013,2,2,2,2,2,2,2,2,2,2,2,2,2,2,2,2,2,2,2,2,2,2,2,2,2,2,2,2,2,2,1.67796,1.44261,1.36368,1.32651,1.31656,1.33097,1.37399,1.4644,2,2,2,2,2,2,2,2,2,2,2,2,2,2,2,2,2,1.90971,1.87228,1.88151,1.9421,2,2,2,2,2,2,2,2,2,2,2,2,2,2,2,2,2,2,2,2,2,2,2,2,2,2,2,2,2,2,2,
2,-0.879929,2.36044,4.8439,2,2,2,2,2,2,2,2,2,2,2,2,2,2,2,2,2,2,2,2,2,2,2,2,2,2,2,2,2,1.54576,1.37468,1.30444,1.27093,1.26236,1.27645,1.31708,1.40057,2,2,2,2,2,2,2,2,2,2,2,2,2,2,2,2,2,1.92045,1.84295,1.82055,1.8417,1.91722,2,2,2,2,2,2,2,2,2,2,2,2,2,2,2,2,2,2,2,2,2,2,2,2,2,2,2,2,2,2,2,
2.1,-0.870093,2.28609,4.88144,2,2,2,2,2,2,2,2,2,2,2,2,2,2,2,2,2,2,2,2,2,2,2,2,2,2,2,2,1.46338,1.31674,1.25181,1.22034,1.21205,1.22485,1.26208,1.33719,1.53728,2,2,2,2,2,2,2,2,2,2,2,2,2,2,2,2,2,1.84441,1.78346,1.77027,1.79869,1.88344,2,2,2,2,2,2,2,2,2,2,2,2,2,2,2,2,2,2,2,2,2,2,2,2,2,2,2,2,2,2,2,
2.2,-0.857475,2.21216,4.91368,2,2,2,2,2,2,2,2,2,2,2,2,2,2,2,2,2,2,2,2,2,2,2,2,2,2,2,1.40029,1.26665,1.20497,1.17447,1.16577,1.17678,1.21017,1.27677,1.42907,2,2,2,2,2,2,2,2,2,2,2,2,2,2,2,2,2,1.90875,1.7791,1.72769,1.71962,1.75137,1.83917,2,2,2,2,2,2,2,2,2,2,2,2,2,2,2,2,2,2,2,2,2,2,2,2,2,2,2,2,2,2,2,
2.3,-0.84248,2.13867,4.94142,2,2,2,2,2,2,2,2,2,2,2,2,2,2,2,2,2,2,2,2,2,2,2,2,2,2,1.34955,1.22323,1.16343,1.13323,1.12371,1.13268,1.1622,1.22089,1.34367,2,2,2,2,2,2,2,2,2,2,2,2,2,2,2,2,2,2,1.83462,1.72031,1.67399,1.66797,1.69977,1.78494,2,2,2,2,2,2,2,2,2,2,2,2,2,2,2,2,2,2,2,2,2,2,2,2,2,2,2,2,2,2,2,
2.4,-0.825453,2.06563,4.96534,2,2,2,2,2,2,2,2,2,2,2,2,2,2,2,2,2,2,2,2,2,2,2,2,2,1.30834,1.18584,1.12695,1.09658,1.08601,1.0929,1.11874,1.17037,1.2724,2,2,2,2,2,2,2,2,2,2,2,2,2,2,2,2,2,2,2,1.77315,1.66609,1.62175,1.61545,1.64475,1.72292,1.95926,2,2,2,2,2,2,2,2,2,2,2,2,2,2,2,2,2,2,2,2,2,2,2,2,2,2,2,2,2,2,
2.5,-0.806683,1.99301,4.98601,2,2,2,2,2,2,2,2,2,2,2,2,2,2,2,2,2,2,2,2,2,2,2,2,1.27536,1.15413,1.09542,1.06455,1.05279,1.05764,1.08009,1.1256,1.21225,2,2,2,2,2,2,2,2,2,2,2,2,2,2,2,2,2,2,2,2,1.72076,1.61561,1.5709,1.56256,1.58751,1.65606,1.83198,2,2,2,2,2,2,2,2,2,2,2,2,2,2,2,2,2,2,2,2,2,2,2,2,2,2,2,2,2,2,
2.6,-0.786417,1.9208,5.0039,2,2,2,2,2,2,2,2,2,2,2,2,2,2,2,2,2,2,2,2,2,2,2,1.25017,1.128,1.06883,1.03717,1.02414,1.02705,1.04644,1.08669,1.16156,1.36841,2,2,2,2,2,2,2,2,2,2,2,2,2,2,2,2,2,2,2,2,1.67619,1.56865,1.52169,1.50999,1.52938,1.58711,1.72222,2,2,2,2,2,2,2,2,2,2,2,2,2,2,2,2,2,2,2,2,2,2,2,2,2,2,2,2,2,2,
2.7,-0.764862,1.84897,5.01943,2,2,2,2,2,2,2,2,2,2,2,2,2,2,2,2,2,2,2,2,2,2,1.23293,1.10748,1.04722,1.01452,1.00016,1.0012,1.01784,1.05359,1.11923,1.26575,2,2,2,2,2,2,2,2,2,2,2,2,2,2,2,2,2,2,2,2,2,1.63951,1.52538,1.47456,1.45847,1.47157,1.51829,1.62282,2,2,2,2,2,2,2,2,2,2,2,2,2,2,2,2,2,2,2,2,2,2,2,2,2,2,2,2,2,2,
2.8,-0.742194,1.77748,5.03294,2,2,2,2,2,2,2,2,2,2,2,2,2,2,2,2,2,2,2,2,2,1.22444,1.09277,1.03073,0.996689,0.980901,0.98015,0.994297,1.02617,1.08444,1.20301,2,2,2,2,2,2,2,2,2,2,2,2,2,2,2,2,2,2,2,2,2,2,1.61215,1.48623,1.43,1.40874,1.41514,1.45122,1.5319,1.79067,2,2,2,2,2,2,2,2,2,2,2,2,2,2,2,2,2,2,2,2,2,2,2,2,2,2,2,2,2,
2.9,-0.718563,1.7063,5.04472,2,2,2,2,2,2,2,2,2,2,2,2,2,2,2,2,2,2,2,2,1.22648,1.0842,1.01953,0.983797,0.966444,0.963922,0.975778,1.00428,1.05654,1.1573,2,2,2,2,2,2,2,2,2,2,2,2,2,2,2,2,2,2,2,2,2,2,2,1.5979,1.45198,1.38863,1.36145,1.36096,1.38702,1.44858,1.58846,2,2,2,2,2,2,2,2,2,2,2,2,2,2,2,2,2,2,2,2,2,2,2,2,2,2,2,2,2,
3,-0.694095,1.6354,5.05503,2,2,2,2,2,2,2,2,2,2,2,2,2,2,2,2,2,2,2,1.24318,1.08226,1.01387,0.97598,0.956856,0.952528,0.962222,0.987729,1.03499,1.12305,2,2,2,2,2,2,2,2,2,2,2,2,2,2,2,2,2,2,2,2,2,2,2,2,1.60867,1.42375,1.35111,1.31726,1.30974,1.32645,1.37233,1.46856,2,2,2,2,2,2,2,2,2,2,2,2,2,2,2,2,2,2,2,2,2,2,2,2,2,2,2,2,2,
3.1,-0.668897,1.56476,5.06407,2,2,2,2,2,2,2,2,2,2,2,2,2,2,2,2,2,2,1.29008,1.0877,1.01406,0.973405,0.952216,0.945972,0.953554,0.976331,1.01931,1.09772,2,2,2,2,2,2,2,2,2,2,2,2,2,2,2,2,2,2,2,2,2,2,2,2,2,2,1.4034,1.31828,1.27682,1.2621,1.27006,1.30279,1.37167,1.53623,2,2,2,2,2,2,2,2,2,2,2,2,2,2,2,2,2,2,2,2,2,2,2,2,2,2,2,2,
3.2,-0.643061,1.49435,5.07203,2,2,2,2,2,2,2,2,2,2,2,2,2,2,2,2,2,2,1.10162,1.02052,0.976279,0.952615,0.944257,0.949693,0.969889,1.00908,1.07976,1.25565,2,2,2,2,2,2,2,2,2,2,2,2,2,2,2,2,2,2,2,2,2,2,2,2,2,2,1.39434,1.29122,1.24081,1.2186,1.21826,1.23971,1.28902,1.38948,2,2,2,2,2,2,2,2,2,2,2,2,2,2,2,2,2,2,2,2,2,2,2,2,2,2,2,2,
3.3,-0.616666,1.42415,5.07906,2,2,2,2,2,2,2,2,2,2,2,2,2,2,2,2,2,1.12588,1.03384,0.984872,0.95817,0.947398,0.950561,0.968214,1.00392,1.06812,1.20842,2,2,2,2,2,2,2,2,2,2,2,2,2,2,2,2,2,2,2,2,2,2,2,2,2,2,2,1.40457,1.27151,1.21005,1.1798,1.17144,1.18296,1.21719,1.28545,1.4452,2,2,2,2,2,2,2,2,2,2,2,2,2,2,2,2,2,2,2,2,2,2,2,2,2,2,2,
3.4,-0.589777,1.35413,5.08529,2,2,2,2,2,2,2,2,2,2,2,2,2,2,2,2,1.16397,1.05487,0.999556,0.969045,0.95543,0.956086,0.971129,1.00351,1.062,1.18094,2,2,2,2,2,2,2,2,2,2,2,2,2,2,2,2,2,2,2,2,2,2,2,2,2,2,2,2,1.47369,1.26175,1.1856,1.14633,1.12995,1.13248,1.15448,1.20169,1.29439,2,2,2,2,2,2,2,2,2,2,2,2,2,2,2,2,2,2,2,2,2,2,2,2,2,2,2,
3.5,-0.562453,1.28429,5.09084,2,2,2,2,2,2,2,2,2,2,2,2,2,2,2,1.2247,1.08494,1.02086,0.985479,0.968429,0.966229,0.97848,1.00754,1.06078,1.16419,2,2,2,2,2,2,2,2,2,2,2,2,2,2,2,2,2,2,2,2,2,2,2,2,2,2,2,2,2,2,1.26714,1.16903,1.119,1.09425,1.08833,1.09996,1.13172,1.19302,1.32353,2,2,2,2,2,2,2,2,2,2,2,2,2,2,2,2,2,2,2,2,2,2,2,2,2,2,
3.6,-0.534742,1.2146,5.0958,2,2,2,2,2,2,2,2,2,2,2,2,2,2,2,1.12635,1.0496,1.00784,0.986544,0.980995,0.990155,1.01577,1.06398,1.15493,2,2,2,2,2,2,2,2,2,2,2,2,2,2,2,2,2,2,2,2,2,2,2,2,2,2,2,2,2,2,2,1.3027,1.16289,1.09891,1.06491,1.05067,1.05311,1.0727,1.114,1.19172,1.44483,2,2,2,2,2,2,2,2,2,2,2,2,2,2,2,2,2,2,2,2,2,2,2,2,2,
3.7,-0.506686,1.14504,5.10026,2,2,2,2,2,2,2,2,2,2,2,2,2,2,1.18367,1.08704,1.03668,1.01003,1.00046,1.0061,1.02802,1.07124,1.15153,2,2,2,2,2,2,2,2,2,2,2,2,2,2,2,2,2,2,2,2,2,2,2,2,2,2,2,2,2,2,2,2,2,1.17222,1.08775,1.04275,1.01987,1.01373,1.02313,1.04995,1.10094,1.1995,2,2,2,2,2,2,2,2,2,2,2,2,2,2,2,2,2,2,2,2,2,2,2,2,2,
3.8,-0.47832,1.07561,5.10428,2,2,2,2,2,2,2,2,2,2,2,2,2,1.26913,1.13538,1.07289,1.03931,1.02482,1.02635,1.0442,1.08232,1.15305,1.32607,2,2,2,2,2,2,2,2,2,2,2,2,2,2,2,2,2,2,2,2,2,2,2,2,2,2,2,2,2,2,2,2,2,1.21084,1.08845,1.02902,0.996499,0.98189,0.982252,0.997653,1.03122,1.09247,1.22123,2,2,2,2,2,2,2,2,2,2,2,2,2,2,2,2,2,2,2,2,2,2,2,2,
3.9,-0.449674,1.0063,5.10793,2,2,2,2,2,2,2,2,2,2,2,2,2,1.19879,1.11791,1.07506,1.0544,1.05105,1.06432,1.09708,1.15893,1.2907,2,2,2,2,2,2,2,2,2,2,2,2,2,2,2,2,2,2,2,2,2,2,2,2,2,2,2,2,2,2,2,2,2,2,2,1.10705,1.02576,0.981493,0.95791,0.949738,0.95549,0.976198,1.01626,1.08881,1.27948,2,2,2,2,2,2,2,2,2,2,2,2,2,2,2,2,2,2,2,2,2,2,2,
4,-0.420776,0.937089,5.11127,2,2,2,2,2,2,2,2,2,2,2,2,1.28733,1.17418,1.11837,1.08977,1.08049,1.08851,1.11555,1.16889,1.27521,2,2,2,2,2,2,2,2,2,2,2,2,2,2,2,2,2,2,2,2,2,2,2,2,2,2,2,2,2,2,2,2,2,2,2,2,1.16202,1.03678,0.97641,0.942475,0.925645,0.922657,0.933,0.958524,1.00502,1.09066,2,2,2,2,2,2,2,2,2,2,2,2,2,2,2,2,2,2,2,2,2,2,2,
4.1,-0.391647,0.867977,5.11434,2,2,2,2,2,2,2,2,2,2,2,1.45247,1.24646,1.17099,1.13182,1.11517,1.11705,1.13785,1.18285,1.27019,2,2,2,2,2,2,2,2,2,2,2,2,2,2,2,2,2,2,2,2,2,2,2,2,2,2,2,2,2,2,2,2,2,2,2,2,2,2,1.07085,0.984011,0.936797,0.910408,0.89888,0.900187,0.914544,0.944564,0.997623,1.09944,2,2,2,2,2,2,2,2,2,2,2,2,2,2,2,2,2,2,2,2,2,2,
4.2,-0.364767,0.804742,5.26434,2,2,2,2,2,2,2,2,2,1.33561,1.22972,1.17728,1.15217,1.14745,1.16201,1.19942,1.27263,1.45961,2,2,2,2,2,2,2,2,2,2,2,2,2,2,2,2,2,2,2,2,2,2,2,2,2,2,2,2,2,2,2,2,2,2,2,2,2,2,1.12926,0.999412,0.937842,0.902658,0.884113,0.878682,0.885484,0.905633,0.94307,1.00883,1.15761,2,2,2,2,2,2,2,2,2,2,2,2,2,2,2,2,2,2,2,2,2,2,2,
4.3,-0.331987,0.751509,5.41434,2,2,2,2,2,2,1.53608,1.31732,1.24023,1.20148,1.18687,1.19268,1.22031,1.27803,1.39969,2,2,2,2,2,2,2,2,2,2,2,2,2,2,2,2,2,2,2,2,2,2,2,2,2,2,2,2,2,2,2,2,2,2,2,2,2,2,2,2,1.01206,0.9348,0.891456,0.866896,0.855985,0.856921,0.869846,0.896953,0.944252,1.03054,2,2,2,2,2,2,2,2,2,2,2,2,2,2,2,2,2,2,2,2,2,2,2,2,2,
4.4,-0.29514,0.707936,5.26434,2,2,2,2,2,2,2,2,1.53995,1.35074,1.27718,1.24114,1.2297,1.23989,1.27432,1.345,1.51758,2,2,2,2,2,2,2,2,2,2,2,2,2,2,2,2,2,2,2,2,2,2,2,2,2,2,2,2,2,2,2,2,2,2,2,2,2,2,2,2,1.06073,0.944204,0.88628,0.852488,0.834061,0.827693,0.832412,0.848933,0.880116,0.933488,1.03548,2,2,2,2,2,2,2,2,2,2,2,2,2,2,2,2,2,2,2,2,2,2,
4.5,-0.267677,0.663338,5.41434,2,2,2,2,2,2,1.47517,1.35171,1.29429,1.26861,1.26663,1.28783,1.33849,1.44401,2,2,2,2,2,2,2,2,2,2,2,2,2,2,2,2,2,2,2,2,2,2,2,2,2,2,2,2,2,2,2,2,2,2,2,2,2,2,2,2,2,1.14549,0.95785,0.887427,0.846941,0.823609,0.812866,0.813037,0.824147,0.847937,0.88911,0.960957,1.16828,2,2,2,2,2,2,2,2,2,2,2,2,2,2,2,2,2,2,2,2,2,2,2,
4.6,-0.236658,0.626656,5.56434,2,2,2,2,1.46553,1.36745,1.32061,1.30303,1.30951,1.34183,1.41154,1.5811,2,2,2,2,2,2,2,2,2,2,2,2,2,2,2,2,2,2,2,2,2,2,2,2,2,2,2,2,2,2,2,2,2,2,2,2,2,2,2,2,2,2,0.966287,0.883308,0.837009,0.809639,0.795371,0.791923,0.798806,0.817021,0.849699,0.904901,1.0124,2,2,2,2,2,2,2,2,2,2,2,2,2,2,2,2,2,2,2,2,2,2,2,2,2,
4.7,-0.203313,0.597478,5.71434,2,2,1.47555,1.39153,1.35221,1.34128,1.35551,1.3992,1.49203,2,2,2,2,2,2,2,2,2,2,2,2,2,2,2,2,2,2,2,2,2,2,2,2,2,2,2,2,2,2,2,2,2,2,2,2,2,2,2,2,2,2,2,0.9677,0.873304,0.822483,0.792077,0.775149,0.768934,0.772561,0.78653,0.813001,0.857387,0.935597,2,2,2,2,2,2,2,2,2,2,2,2,2,2,2,2,2,2,2,2,2,2,2,2,2,2,2,
4.8,-0.168604,0.575287,5.86434,1.49559,1.42026,1.3865,1.38113,1.40253,1.45785,1.58001,2,2,2,2,2,2,2,2,2,2,2,2,2,2,2,2,2,2,2,2,2,2,2,2,2,2,2,2,2,2,2,2,2,2,2,2,2,2,2,2,2,2,2,0.95964,0.856916,0.803261,0.770934,0.752217,0.744022,0.745221,0.755971,0.777802,0.81459,0.876471,1.01081,2,2,2,2,2,2,2,2,2,2,2,2,2,2,2,2,2,2,2,2,2,2,2,2,2,2,1.69921,1.49559,
4.9,-0.13325,0.559548,6.01434,1.42178,1.42107,1.44904,1.51611,1.6786,2,2,2,2,2,2,2,2,2,2,2,2,2,2,2,2,2,2,2,2,2,2,2,2,2,2,2,2,2,2,2,2,2,2,2,2,2,2,2,2,2,2,2,0.939619,0.833895,0.779379,0.746296,0.726642,0.717194,0.71668,0.725035,0.743367,0.774593,0.825825,0.921319,2,2,2,2,2,2,2,2,2,2,2,2,2,2,2,2,2,2,2,2,2,2,2,2,2,2,1.69546,1.5212,1.4514,1.42178,
5,-0.097762,0.549771,6.16434,1.49395,1.57265,1.80615,2,2,2,2,2,2,2,2,2,2,2,2,2,2,2,2,2,2,2,2,2,2,2,2,2,2,2,2,2,2,2,2,2,2,2,2,2,2,2,2,2,2,2,0.906567,0.804351,0.751004,0.718307,0.698522,0.688481,0.686877,0.693515,0.709223,0.73628,0.780019,0.855907,2,2,2,2,2,2,2,2,2,2,2,2,2,2,2,2,2,2,2,2,2,2,2,2,2,2,1.71168,1.55002,1.48358,1.45697,1.46009,1.49395,
5.1,-0.0624941,0.545559,6.31434,2,2,2,2,2,2,2,2,2,2,2,2,2,2,2,2,2,2,2,2,2,2,2,2,2,2,2,2,2,2,2,2,2,2,2,2,2,2,2,2,2,2,2,2,0.861943,0.768767,0.718433,0.687164,0.667976,0.657931,0.655776,0.661263,0.675037,0.698945,0.737181,0.80075,0.951778,2,2,2,2,2,2,2,2,2,2,2,2,2,2,2,2,2,2,2,2,2,2,2,2,2,1.73776,1.58073,1.51597,1.49138,1.49752,1.53647,1.62627,2,
5.2,-0.0277,0.546644,6.46434,2,2,2,2,2,2,2,2,2,2,2,2,2,2,2,2,2,2,2,2,2,2,2,2,2,2,2,2,2,2,2,2,2,2,2,2,2,2,2,2,2,2,0.808913,0.727937,0.682063,0.653102,0.635143,0.625607,0.623368,0.628181,0.640581,0.662118,0.696224,0.751305,0.861106,2,2,2,2,2,2,2,2,2,2,2,2,2,2,2,2,2,2,2,2,2,2,2,2,2,1.77062,1.61262,1.54807,1.52457,1.5329,1.576,1.6758,2,2,2,
5.3,0.00640794,0.552891,6.61434,2,2,2,2,2,2,2,2,2,2,2,2,2,2,2,2,2,2,2,2,2,2,2,2,2,2,2,2,2,2,2,2,2,2,2,2,2,2,2,2,0.7507,0.682835,0.642387,0.616413,0.600201,0.591609,0.589685,0.594231,0.605722,0.625509,0.6565,0.705468,0.795372,2,2,2,2,2,2,2,2,2,2,2,2,2,2,2,2,2,2,2,2,2,2,2,2,2,1.80956,1.64536,1.57963,1.55628,1.5659,1.61203,1.72,2,2,2,2,2,
5.4,0.0396015,0.564303,6.76431,2,2,2,2,2,2,2,2,2,2,2,2,2,2,2,2,2,2,2,2,2,2,2,2,2,2,2,2,2,2,2,2,2,2,2,2,2,0.803859,0.689826,0.634545,0.600007,0.57748,0.563411,0.556115,0.55484,0.559463,0.570443,0.588995,0.617669,0.662175,0.739978,2,2,2,2,2,2,2,2,2,2,2,2,2,2,2,2,2,2,2,2,2,2,2,2,2,1.85577,1.67892,1.61048,1.5863,1.59624,1.6441,1.75755,2,2,2,2,2,2,2,
5.5,0.0715837,0.581,6.89307,2,2,2,2,2,2,2,2,2,2,2,2,2,2,2,2,2,2,2,2,2,2,2,2,2,2,2,2,2,2,2,2,2,2,2,0.74401,0.646124,0.595345,0.563019,0.541628,0.527996,0.520572,0.518633,0.522003,0.530991,0.546502,0.570405,0.606617,0.665132,0.800737,2,2,2,2,2,2,2,2,2,2,2,2,2,2,2,2,2,2,2,2,2,2,2,2,2,1.75036,1.65641,1.61842,1.61724,1.6524,1.741,2,2,2,2,2,2,2,2,2,
5.6,0.102405,0.602536,6.99362,2,2,2,2,2,2,2,2,2,2,2,2,2,2,2,2,2,2,2,2,2,2,2,2,2,2,2,2,2,2,2,2,2,0.73654,0.621441,0.567229,0.533079,0.510218,0.49509,0.485953,0.481934,0.482684,0.488266,0.499176,0.51651,0.542428,0.581526,0.64651,2,2,2,2,2,2,2,2,2,2,2,2,2,2,2,2,2,2,2,2,2,2,2,2,2,1.99609,1.74929,1.67021,1.64112,1.64858,1.69557,1.80996,2,2,2,2,2,2,2,2,2,2,
5.7,0.132438,0.628373,7.06024,2,2,2,2,2,2,2,2,2,2,2,2,2,2,2,2,2,2,2,2,2,2,2,2,2,2,2,2,2,2,2,2,0.629684,0.556245,0.514022,0.486131,0.467115,0.45449,0.446974,0.443913,0.445063,0.450514,0.460719,0.476633,0.500087,0.534812,0.590262,0.718246,2,2,2,2,2,2,2,2,2,2,2,2,2,2,2,2,2,2,2,2,2,2,2,2,2,1.81357,1.71098,1.67004,1.66825,1.70489,1.79891,2,2,2,2,2,2,2,2,2,2,2,
5.8,0.162439,0.657878,7.12621,2,2,2,2,2,2,2,2,2,2,2,2,2,2,2,2,2,2,2,2,2,2,2,2,2,2,2,2,2,2,0.649338,0.543239,0.492571,0.460221,0.438059,0.42275,0.412622,0.406773,0.404746,0.406391,0.411829,0.421482,0.436194,0.457532,0.488582,0.53664,0.631073,2,2,2,2,2,2,2,2,2,2,2,2,2,2,2,2,2,2,2,2,2,2,2,2,2,1.89985,1.75877,1.70249,1.68983,1.71535,1.79099,2,2,2,2,2,2,2,2,2,2,2,2,
5.9,0.192334,0.691433,7.18077,2,2,2,2,2,2,2,2,2,2,2,2,2,2,2,2,2,2,2,2,2,2,2,2,2,2,2,2,2,0.53689,0.472976,0.435087,0.409507,0.391552,0.379022,0.370737,0.366043,0.364605,0.366328,0.371327,0.379959,0.392918,0.411445,0.43788,0.477289,0.545267,2,2,2,2,2,2,2,2,2,2,2,2,2,2,2,2,2,2,2,2,2,2,2,2,2,2,1.83638,1.74794,1.71571,1.7232,1.77365,1.90062,2,2,2,2,2,2,2,2,2,2,2,2,
6,0.222409,0.729145,7.22904,2,2,2,2,2,2,2,2,2,2,2,2,2,2,2,2,2,2,2,2,2,2,2,2,2,2,2,0.533599,0.450715,0.407403,0.378974,0.358999,0.344707,0.334658,0.328036,0.324376,0.323443,0.32518,0.329695,0.337284,0.348498,0.364303,0.386429,0.418348,0.468922,0.591854,2,2,2,2,2,2,2,2,2,2,2,2,2,2,2,2,2,2,2,2,2,2,2,2,2,1.98043,1.81681,1.7544,1.73911,1.76397,1.84108,2,2,2,2,2,2,2,2,2,2,2,2,2,
6.1,0.25282,0.771299,7.26802,2,2,2,2,2,2,2,2,2,2,2,2,2,2,2,2,2,2,2,2,2,2,2,2,2,0.545799,0.424913,0.376489,0.345917,0.324591,0.309164,0.297958,0.290033,0.284831,0.282028,0.281462,0.283102,0.28704,0.293512,0.30294,0.316044,0.334056,0.359274,0.396759,0.463086,2,2,2,2,2,2,2,2,2,2,2,2,2,2,2,2,2,2,2,2,2,2,2,2,2,2,1.94842,1.82132,1.77207,1.76733,1.80498,1.9065,2,2,2,2,2,2,2,2,2,2,2,2,2,
6.2,0.283901,0.818129,7.30169,2,2,2,2,2,2,2,2,2,2,2,2,2,2,2,2,2,2,2,2,2,2,2,2,0.387194,0.337721,0.307247,0.286077,0.270654,0.259239,0.25086,0.244932,0.241098,0.239146,0.238977,0.240581,0.244041,0.249543,0.257414,0.268185,0.282734,0.302604,0.330847,0.375168,0.479018,2,2,2,2,2,2,2,2,2,2,2,2,2,2,2,2,2,2,2,2,2,2,2,2,2,2,1.94907,1.83717,1.79525,1.79743,1.84472,1.96875,2,2,2,2,2,2,2,2,2,2,2,2,2,
6.3,0.315882,0.870024,7.33107,2,2,2,2,2,2,2,2,2,2,2,2,2,2,2,2,2,2,2,2,2,0.454181,0.332163,0.288813,0.261636,0.242561,0.22851,0.217952,0.210017,0.204175,0.200087,0.197544,0.196424,0.196674,0.198308,0.2014,0.206102,0.212665,0.221487,0.233202,0.248868,0.270424,0.30207,0.357016,2,2,2,2,2,2,2,2,2,2,2,2,2,2,2,2,2,2,2,2,2,2,2,2,2,2,2,1.96845,1.86119,1.82231,1.82818,1.88163,2,2,2,2,2,2,2,2,2,2,2,2,2,2,
6.4,0.348987,0.927455,7.35506,2,2,2,2,2,2,2,2,2,2,2,2,2,2,2,2,2,2,2,0.326362,0.264423,0.232139,0.210751,0.195342,0.183788,0.174966,0.168212,0.163111,0.159389,0.15687,0.155443,0.155048,0.15567,0.157332,0.160106,0.164116,0.169557,0.176726,0.186086,0.198376,0.214874,0.238084,0.27421,0.35442,2,2,2,2,2,2,2,2,2,2,2,2,2,2,2,2,2,2,2,2,2,2,2,2,2,2,2,2,1.89426,1.85325,1.85855,1.91279,2,2,2,2,2,2,2,2,2,2,2,2,2,2,
6.5,0.383565,0.990912,7.37364,2,2,2,2,2,2,2,2,2,2,2,2,2,2,2,2,0.30654,0.227604,0.194467,0.173475,0.158625,0.147551,0.139059,0.132462,0.127331,0.123386,0.120439,0.118363,0.117075,0.116526,0.116697,0.117592,0.119246,0.121723,0.125124,0.129603,0.135387,0.142818,0.152427,0.165096,0.182443,0.207989,0.252928,2,2,2,2,2,2,2,2,2,2,2,2,2,2,2,2,2,2,2,2,2,2,2,2,2,2,2,2,2,1.93834,1.88922,1.88923,1.93835,2,2,2,2,2,2,2,2,2,2,2,2,2,2,
6.6,0.418222,1.05743,7.38831,2,2,2,2,2,2,2,2,2,2,2,2,2,0.263925,0.185381,0.155451,0.136843,0.123793,0.114091,0.106639,0.100809,0.0962115,0.0925916,0.0897756,0.0876438,0.0861134,0.0851289,0.0846562,0.0846797,0.0851999,0.0862346,0.0878194,0.090012,0.0928985,0.0966029,0.101305,0.10727,0.114903,0.124865,0.138321,0.157657,0.18934,2,2,2,2,2,2,2,2,2,2,2,2,2,2,2,2,2,2,2,2,2,2,2,2,2,2,2,2,2,2,1.99218,1.92986,1.92124,1.96177,2,2,2,2,2,2,2,2,2,2,2,2,2,2,
6.7,0.451898,1.12444,7.40088,2,2,2,2,2,2,2,2,2,2,0.236123,0.152624,0.125474,0.108971,0.0975334,0.0890849,0.0826107,0.0775381,0.0735145,0.0703093,0.0677654,0.0657734,0.0642562,0.0631596,0.0624467,0.0620948,0.0620928,0.0624406,0.0631491,0.0642411,0.0657532,0.0677392,0.0702761,0.0734729,0.0774859,0.0825445,0.0889997,0.0974206,0.108815,0.125239,0.152195,0.232078,2,2,2,2,2,2,2,2,2,2,2,2,2,2,2,2,2,2,2,2,2,2,2,2,2,2,2,2,2,2,2,1.9744,1.95536,1.98614,2,2,2,2,2,2,2,2,2,2,2,2,2,2,
6.8,0.48473,1.19187,7.41102,2,2,2,2,2,2,2,2,0.144785,0.113733,0.0965366,0.0850727,0.0767864,0.0705176,0.0656399,0.0617786,0.0586934,0.0562231,0.0542554,0.0527113,0.0515339,0.0506835,0.0501328,0.0498649,0.0498717,0.0501534,0.0507184,0.0515844,0.0527788,0.0543426,0.056333,0.058831,0.0619503,0.0658556,0.070792,0.0771434,0.0855535,0.0972232,0.114828,0.147137,2,2,2,2,2,2,2,2,2,2,2,2,2,2,2,2,2,2,2,2,2,2,2,2,2,2,2,2,2,2,2,2,2,2,1.99246,2,2,2,2,2,2,2,2,2,2,2,2,2,2,2,
6.9,0.516876,1.25963,7.41895,2,2,2,2,2,2,0.136862,0.108921,0.0928998,0.0820855,0.0742179,0.0682425,0.0635815,0.0598857,0.0569297,0.0545618,0.0526758,0.0511966,0.0500709,0.0492604,0.0487397,0.0484926,0.0485119,0.0487982,0.0493599,0.0502143,0.0513889,0.0529234,0.0548743,0.0573205,0.0603732,0.0641933,0.0690199,0.0752273,0.0834414,0.0948265,0.11196,0.143145,2,2,2,2,2,2,2,2,2,2,2,2,2,2,2,2,2,2,2,2,2,2,2,2,2,2,2,2,2,2,2,2,2,2,2,2,2,2,2,2,2,2,2,2,2,2,2,2,2,2,2,2,
7,0.548484,1.32765,7.4253,2,2,2,2,0.184058,0.136437,0.114086,0.0998416,0.0897639,0.0822344,0.0764231,0.0718488,0.0682093,0.0653049,0.0629984,0.0611931,0.0598213,0.0588345,0.0582006,0.0578996,0.057922,0.0582687,0.0589503,0.0599884,0.0614175,0.0632879,0.0656713,0.0686687,0.0724246,0.0771503,0.0831667,0.0909903,0.101524,0.11657,0.140721,0.198497,2,2,2,2,2,2,2,2,2,2,2,2,2,2,2,2,2,2,2,2,2,2,2,2,2,2,2,2,2,2,2,2,2,2,2,2,2,2,2,2,2,2,2,2,2,2,2,2,2,2,2,2,2,2,
7.1,0.579659,1.39586,7.43079,2,2,2,0.221914,0.167223,0.141513,0.125019,0.113294,0.104511,0.0977307,0.0924063,0.0881946,0.0848681,0.0822715,0.0802964,0.0788679,0.0779353,0.0774667,0.077447,0.0778755,0.0787663,0.0801493,0.0820734,0.0846115,0.087868,0.0919937,0.0972081,0.103842,0.112418,0.123828,0.139784,0.164339,0.213802,2,2,2,2,2,2,2,2,2,2,2,2,2,2,2,2,2,2,2,2,2,2,2,2,2,2,2,2,2,2,2,2,2,2,2,2,2,2,2,2,2,2,2,2,2,2,2,2,2,2,2,2,2,2,2,2,2,
7.2,0.61046,1.46424,7.4351,2,2,2,0.223287,0.187101,0.165157,0.14991,0.138638,0.130024,0.123327,0.11809,0.114018,0.110911,0.108635,0.107097,0.10624,0.106033,0.106469,0.107563,0.109356,0.111915,0.115347,0.119806,0.125522,0.132838,0.142291,0.15478,0.171974,0.197602,0.244311,2,2,2,2,2,2,2,2,2,2,2,2,2,2,2,2,2,2,2,2,2,2,2,2,2,2,2,2,2,2,2,2,2,2,2,2,2,2,2,2,2,2,2,2,2,2,2,2,2,2,2,2,2,2,2,2,2,2,2,2,
7.3,0.640966,1.53276,7.43844,2,2,0.315777,0.251746,0.219561,0.198434,0.183265,0.171892,0.163186,0.156482,0.151361,0.147551,0.144872,0.143206,0.142485,0.14268,0.143801,0.14589,0.149036,0.153381,0.15914,0.16664,0.176387,0.189206,0.206565,0.231477,0.272262,2,2,2,2,2,2,2,2,2,2,2,2,2,2,2,2,2,2,2,2,2,2,2,2,2,2,2,2,2,2,2,2,2,2,2,2,2,2,2,2,2,2,2,2,2,2,2,2,2,2,2,2,2,2,2,2,2,2,2,2,2,2,2,
7.4,0.671242,1.60138,7.44149,2,2,0.344239,0.290109,0.25905,0.237908,0.22253,0.211002,0.202279,0.195738,0.190983,0.187763,0.185922,0.185377,0.186102,0.188132,0.191557,0.196547,0.203369,0.212444,0.22444,0.240488,0.262695,0.2958,0.356364,2,2,2,2,2,2,2,2,2,2,2,2,2,2,2,2,2,2,2,2,2,2,2,2,2,2,2,2,2,2,2,2,2,2,2,2,2,2,2,2,2,2,2,2,2,2,2,2,2,2,2,2,2,2,2,2,2,2,2,2,2,2,2,2,2,
7.5,0.701309,1.67009,7.44472,2,2,0.384554,0.334029,0.303211,0.281867,0.266323,0.2548,0.246306,0.240246,0.236252,0.234108,0.233703,0.235016,0.238114,0.243161,0.250445,0.260441,0.273922,0.292221,0.317881,0.356862,0.432964,2,2,2,2,2,2,2,2,2,2,2,2,2,2,2,2,2,2,2,2,2,2,2,2,2,2,2,2,2,2,2,2,2,2,2,2,2,2,2,2,2,2,2,2,2,2,2,2,2,2,2,2,2,2,2,2,2,2,2,2,2,2,2,2,2,2,2,
7.6,0.731154,1.73889,7.44751,2,0.557694,0.431274,0.382087,0.351123,0.329562,0.31399,0.302706,0.294754,0.289572,0.286835,0.286384,0.288192,0.292365,0.299153,0.309013,0.322715,0.341594,0.368181,0.408233,0.482547,2,2,2,2,2,2,2,2,2,2,2,2,2,2,2,2,2,2,2,2,2,2,2,2,2,2,2,2,2,2,2,2,2,2,2,2,2,2,2,2,2,2,2,2,2,2,2,2,2,2,2,2,2,2,2,2,2,2,2,2,2,2,2,2,2,2,2,2,2,
7.7,0.760807,1.80778,7.44755,2,0.594965,0.484185,0.434515,0.402887,0.380965,0.365404,0.35452,0.34738,0.343457,0.342491,0.344418,0.349363,0.357666,0.369965,0.387387,0.412014,0.448214,0.508429,2,2,2,2,2,2,2,2,2,2,2,2,2,2,2,2,2,2,2,2,2,2,2,2,2,2,2,2,2,2,2,2,2,2,2,2,2,2,2,2,2,2,2,2,2,2,2,2,2,2,2,2,2,2,2,2,2,2,2,2,2,2,2,2,2,2,2,2,2,2,2,
7.8,0.790457,1.87667,7.44818,2,0.642587,0.5388,0.488687,0.456617,0.434615,0.419396,0.409306,0.403451,0.401376,0.40293,0.408225,0.417668,0.432077,0.452962,0.483279,0.529911,0.619081,2,2,2,2,2,2,2,2,2,2,2,2,2,2,2,2,2,2,2,2,2,2,2,2,2,2,2,2,2,2,2,2,2,2,2,2,2,2,2,2,2,2,2,2,2,2,2,2,2,2,2,2,2,2,2,2,2,2,2,2,2,2,2,2,2,2,2,2,2,2,2,2,
7.9,0.820063,1.94558,7.44776,2,0.698199,0.596216,0.545222,0.51267,0.490704,0.476047,0.467069,0.462937,0.463304,0.4682,0.478041,0.493761,0.517181,0.552019,0.607657,0.73344,2,2,2,2,2,2,2,2,2,2,2,2,2,2,2,2,2,2,2,2,2,2,2,2,2,2,2,2,2,2,2,2,2,2,2,2,2,2,2,2,2,2,2,2,2,2,2,2,2,2,2,2,2,2,2,2,2,2,2,2,2,2,2,2,2,2,2,2,2,2,2,2,2,
8,0.849699,2.01448,7.44895,2,0.752699,0.653514,0.602295,0.56976,0.548292,0.534682,0.52737,0.525638,0.529327,0.53878,0.55497,0.579905,0.617846,0.680065,0.850014,2,2,2,2,2,2,2,2,2,2,2,2,2,2,2,2,2,2,2,2,2,2,2,2,2,2,2,2,2,2,2,2,2,2,2,2,2,2,2,2,2,2,2,2,2,2,2,2,2,2,2,2,2,2,2,2,2,2,2,2,2,2,2,2,2,2,2,2,2,2,2,2,2,2,
8.1,0.879252,2.08341,7.44732,2,0.815951,0.714798,0.662362,0.629473,0.608395,0.595895,0.590472,0.591551,0.599243,0.614389,0.638933,0.677108,0.74002,0.896863,2,2,2,2,2,2,2,2,2,2,2,2,2,2,2,2,2,2,2,2,2,2,2,2,2,2,2,2,2,2,2,2,2,2,2,2,2,2,2,2,2,2,2,2,2,2,2,2,2,2,2,2,2,2,2,2,2,2,2,2,2,2,2,2,2,2,2,2,2,2,2,2,2,2,2,
8.2,0.908918,2.15229,7.44721,2,0.876783,0.775511,0.722589,0.689876,0.669682,0.658829,0.655942,0.660689,0.673624,0.696451,0.733048,0.793319,0.924452,2,2,2,2,2,2,2,2,2,2,2,2,2,2,2,2,2,2,2,2,2,2,2,2,2,2,2,2,2,2,2,2,2,2,2,2,2,2,2,2,2,2,2,2,2,2,2,2,2,2,2,2,2,2,2,2,2,2,2,2,2,2,2,2,2,2,2,2,2,2,2,2,2,2,2,2,
8.3,0.938592,2.22117,7.444,2,0.945898,0.840199,0.785667,0.75264,0.733124,0.723906,0.723737,0.732596,0.751678,0.78409,0.837527,0.939681,2,2,2,2,2,2,2,2,2,2,2,2,2,2,2,2,2,2,2,2,2,2,2,2,2,2,2,2,2,2,2,2,2,2,2,2,2,2,2,2,2,2,2,2,2,2,2,2,2,2,2,2,2,2,2,2,2,2,2,2,2,2,2,2,2,2,2,2,2,2,2,2,2,2,2,2,2,
8.4,0.968487,2.28996,7.45098,2,0.992618,0.895391,0.843597,0.812876,0.796064,0.790357,0.794933,0.810445,0.839422,0.888298,0.977654,2,2,2,2,2,2,2,2,2,2,2,2,2,2,2,2,2,2,2,2,2,2,2,2,2,2,2,2,2,2,2,2,2,2,2,2,2,2,2,2,2,2,2,2,2,2,2,2,2,2,2,2,2,2,2,2,2,2,2,2,2,2,2,2,2,2,2,2,2,2,2,2,2,2,2,2,2,2,
8.5,0.997901,2.35895,7.45791,2,1.04312,0.952291,0.903167,0.874978,0.861288,0.859739,0.870092,0.894054,0.936589,1.01219,2,2,2,2,2,2,2,2,2,2,2,2,2,2,2,2,2,2,2,2,2,2,2,2,2,2,2,2,2,2,2,2,2,2,2,2,2,2,2,2,2,2,2,2,2,2,2,2,2,2,2,2,2,2,2,2,2,2,2,2,2,2,2,2,2,2,2,2,2,2,2,2,2,2,2,2,2,2,2,
8.6,1.02684,2.42814,7.46291,2,1.09957,1.01232,0.965185,0.939351,0.928889,0.931909,0.948932,0.983291,1.04457,1.17319,2,2,2,2,2,2,2,2,2,2,2,2,2,2,2,2,2,2,2,2,2,2,2,2,2,2,2,2,2,2,2,2,2,2,2,2,2,2,2,2,2,2,2,2,2,2,2,2,2,2,2,2,2,2,2,2,2,2,2,2,2,2,2,2,2,2,2,2,2,2,2,2,2,2,2,2,2,2,2,
8.7,1.05542,2.49748,7.61291,1.07021,1.02667,1.00449,0.998595,1.00785,1.03406,1.08369,1.17848,2,2,2,2,2,2,2,2,2,2,2,2,2,2,2,2,2,2,2,2,2,2,2,2,2,2,2,2,2,2,2,2,2,2,2,2,2,2,2,2,2,2,2,2,2,2,2,2,2,2,2,2,2,2,2,2,2,2,2,2,2,2,2,2,2,2,2,2,2,2,2,2,2,2,2,2,2,2,2,2,1.15113,1.07021,
8.8,1.07333,2.57031,7.76291,1.07537,1.07318,1.0883,1.12413,1.19206,1.34923,2,2,2,2,2,2,2,2,2,2,2,2,2,2,2,2,2,2,2,2,2,2,2,2,2,2,2,2,2,2,2,2,2,2,2,2,2,2,2,2,2,2,2,2,2,2,2,2,2,2,2,2,2,2,2,2,2,2,2,2,2,2,2,2,2,2,2,2,2,2,2,2,2,2,2,2,2,2,2,2,1.21855,1.13779,1.09532,1.07537,
8.9,1.08015,2.645,7.91291,1.16976,1.21495,1.30379,2,2,2,2,2,2,2,2,2,2,2,2,2,2,2,2,2,2,2,2,2,2,2,2,2,2,2,2,2,2,2,2,2,2,2,2,2,2,2,2,2,2,2,2,2,2,2,2,2,2,2,2,2,2,2,2,2,2,2,2,2,2,2,2,2,2,2,2,2,2,2,2,2,2,2,2,2,2,2,2,2,1.29773,1.21201,1.16827,1.14909,1.14955,1.16976,
9,1.07573,2.71987,8.06291,1.41297,2,2,2,2,2,2,2,2,2,2,2,2,2,2,2,2,2,2,2,2,2,2,2,2,2,2,2,2,2,2,2,2,2,2,2,2,2,2,2,2,2,2,2,2,2,2,2,2,2,2,2,2,2,2,2,2,2,2,2,2,2,2,2,2,2,2,2,2,2,2,2,2,2,2,2,2,2,2,2,2,2,1.38738,1.29092,1.24343,1.22337,1.22512,1.24912,1.30241,1.41297,
9.1,1.06018,2.79324,8.2129,2,2,2,2,2,2,2,2,2,2,2,2,2,2,2,2,2,2,2,2,2,2,2,2,2,2,2,2,2,2,2,2,2,2,2,2,2,2,2,2,2,2,2,2,2,2,2,2,2,2,2,2,2,2,2,2,2,2,2,2,2,2,2,2,2,2,2,2,2,2,2,2,2,2,2,2,2,2,2,2,1.48908,1.37352,1.31935,1.29651,1.29789,1.32388,1.38288,1.51212,2,2,
9.2,1.03383,2.86346,8.3629,2,2,2,2,2,2,2,2,2,2,2,2,2,2,2,2,2,2,2,2,2,2,2,2,2,2,2,2,2,2,2,2,2,2,2,2,2,2,2,2,2,2,2,2,2,2,2,2,2,2,2,2,2,2,2,2,2,2,2,2,2,2,2,2,2,2,2,2,2,2,2,2,2,2,2,2,2,2,1.61056,1.45984,1.39523,1.3674,1.36653,1.39235,1.45378,1.59344,2,2,2,2,
9.3,0.997292,2.92896,8.5129,2,2,2,2,2,2,2,2,2,2,2,2,2,2,2,2,2,2,2,2,2,2,2,2,2,2,2,2,2,2,2,2,2,2,2,2,2,2,2,2,2,2,2,2,2,2,2,2,2,2,2,2,2,2,2,2,2,2,2,2,2,2,2,2,2,2,2,2,2,2,2,2,2,2,2,2,1.80381,1.5512,1.47088,1.4355,1.43031,1.45367,1.51391,1.65267,2,2,2,2,2,2,
9.4,0.951372,2.98825,8.6629,2,2,2,2,2,2,2,2,2,2,2,2,2,2,2,2,2,2,2,2,2,2,2,2,2,2,2,2,2,2,2,2,2,2,2,2,2,2,2,2,2,2,2,2,2,2,2,2,2,2,2,2,2,2,2,2,2,2,2,2,2,2,2,2,2,2,2,2,2,2,2,2,2,2,2,1.65131,1.54679,1.50072,1.48903,1.50767,1.56339,1.69176,2,2,2,2,2,2,2,2,
9.5,0.897106,3.04003,8.8129,2,2,2,2,2,2,2,2,2,2,2,2,2,2,2,2,2,2,2,2,2,2,2,2,2,2,2,2,2,2,2,2,2,2,2,2,2,2,2,2,2,2,2,2,2,2,2,2,2,2,2,2,2,2,2,2,2,2,2,2,2,2,2,2,2,2,2,2,2,2,2,2,2,1.77054,1.62422,1.5634,1.54289,1.55472,1.60323,1.71599,2,2,2,2,2,2,2,2,2,2,
9.6,0.835713,3.08311,8.9629,2,2,2,2,2,2,2,2,2,2,2,2,2,2,2,2,2,2,2,2,2,2,2,2,2,2,2,2,2,2,2,2,2,2,2,2,2,2,2,2,2,2,2,2,2,2,2,2,2,2,2,2,2,2,2,2,2,2,2,2,2,2,2,2,2,2,2,2,2,2,2,1.98247,1.70576,1.62424,1.59233,1.59545,1.63476,1.73012,2,2,2,2,2,2,2,2,2,2,2,2,
9.7,0.768572,3.11653,9.1129,2,2,2,2,2,2,2,2,2,2,2,2,2,2,2,2,2,2,2,2,2,2,2,2,2,2,2,2,2,2,2,2,2,2,2,2,2,2,2,2,2,2,2,2,2,2,2,2,2,2,2,2,2,2,2,2,2,2,2,2,2,2,2,2,2,2,2,2,2,2,1.79696,1.68442,1.63799,1.6306,1.65932,1.73727,1.97269,2,2,2,2,2,2,2,2,2,2,2,2,2,
9.8,0.69719,3.13954,9.2629,2,2,2,2,2,2,2,2,2,2,2,2,2,2,2,2,2,2,2,2,2,2,2,2,2,2,2,2,2,2,2,2,2,2,2,2,2,2,2,2,2,2,2,2,2,2,2,2,2,2,2,2,2,2,2,2,2,2,2,2,2,2,2,2,2,2,2,2,1.91406,1.74576,1.68061,1.66088,1.678,1.73926,1.89389,2,2,2,2,2,2,2,2,2,2,2,2,2,2,2,
9.9,0.62317,3.15163,9.4129,2,2,2,2,2,2,2,2,2,2,2,2,2,2,2,2,2,2,2,2,2,2,2,2,2,2,2,2,2,2,2,2,2,2,2,2,2,2,2,2,2,2,2,2,2,2,2,2,2,2,2,2,2,2,2,2,2,2,2,2,2,2,2,2,2,2,2,1.81141,1.72108,1.68695,1.69164,1.7371,1.85049,2,2,2,2,2,2,2,2,2,2,2,2,2,2,2,2,2,
10,0.548175,3.15252,9.5629,2,2,2,2,2,2,2,2,2,2,2,2,2,2,2,2,2,2,2,2,2,2,2,2,2,2,2,2,2,2,2,2,2,2,2,2,2,2,2,2,2,2,2,2,2,2,2,2,2,2,2,2,2,2,2,2,2,2,2,2,2,2,2,2,2,1.8882,1.76045,1.70935,1.70085,1.73131,1.81586,2,2,2,2,2,2,2,2,2,2,2,2,2,2,2,2,2,2,2,
10.1,0.47389,3.14219,9.7129,2,2,2,2,2,2,2,2,2,2,2,2,2,2,2,2,2,2,2,2,2,2,2,2,2,2,2,2,2,2,2,2,2,2,2,2,2,2,2,2,2,2,2,2,2,2,2,2,2,2,2,2,2,2,2,2,2,2,2,2,2,2,2,2,1.80024,1.72852,1.70597,1.72213,1.78418,1.94433,2,2,2,2,2,2,2,2,2,2,2,2,2,2,2,2,2,2,2,2,
10.2,0.401981,3.12088,9.8629,2,2,2,2,2,2,2,2,2,2,2,2,2,2,2,2,2,2,2,2,2,2,2,2,2,2,2,2,2,2,2,2,2,2,2,2,2,2,2,2,2,2,2,2,2,2,2,2,2,2,2,2,2,2,2,2,2,2,2,2,2,2,1.8429,1.74482,1.70717,1.70957,1.75301,1.86305,2,2,2,2,2,2,2,2,2,2,2,2,2,2,2,2,2,2,2,2,2,2,
10.3,0.334065,3.08906,10.0129,2,2,2,2,2,2,2,2,2,2,2,2,2,2,2,2,2,2,2,2,2,2,2,2,2,2,2,2,2,2,2,2,2,2,2,2,2,2,2,2,2,2,2,2,2,2,2,2,2,2,2,2,2,2,2,2,2,2,2,2,1.89367,1.7585,1.70441,1.69345,1.72093,1.8,2,2,2,2,2,2,2,2,2,2,2,2,2,2,2,2,2,2,2,2,2,2,2,2,
10.4,0.271666,3.04745,10.1629,2,2,2,2,2,2,2,2,2,2,2,2,2,2,2,2,2,2,2,2,2,2,2,2,2,2,2,2,2,2,2,2,2,2,2,2,2,2,2,2,2,2,2,2,2,2,2,2,2,2,2,2,2,2,2,2,2,2,1.9707,1.76974,1.69743,1.67347,1.68697,1.74365,1.8849,2,2,2,2,2,2,2,2,2,2,2,2,2,2,2,2,2,2,2,2,2,2,2,2,2,
10.5,0.216186,2.99699,10.2908,2,2,2,2,2,2,2,2,2,2,2,2,2,2,2,2,2,2,2,2,2,2,2,2,2,2,2,2,2,2,2,2,2,2,2,2,2,2,2,2,2,2,2,2,2,2,2,2,2,2,2,2,2,2,2,2,2,1.83052,1.70693,1.65623,1.64614,1.67259,1.74756,1.96204,2,2,2,2,2,2,2,2,2,2,2,2,2,2,2,2,2,2,2,2,2,2,2,2,2,2,
10.6,0.167595,2.93986,10.3993,2,2,2,2,2,2,2,2,2,2,2,2,2,2,2,2,2,2,2,2,2,2,2,2,2,2,2,2,2,2,2,2,2,2,2,2,2,2,2,2,2,2,2,2,2,2,2,2,2,2,2,2,2,2,2,2,1.77055,1.66346,1.61903,1.61257,1.64157,1.71911,1.94978,2,2,2,2,2,2,2,2,2,2,2,2,2,2,2,2,2,2,2,2,2,2,2,2,2,2,2,
10.7,0.125478,2.8778,10.4915,2,2,2,2,2,2,2,2,2,2,2,2,2,2,2,2,2,2,2,2,2,2,2,2,2,2,2,2,2,2,2,2,2,2,2,2,2,2,2,2,2,2,2,2,2,2,2,2,2,2,2,2,2,2,2,1.74273,1.63017,1.58238,1.57202,1.59519,1.66139,1.82827,2,2,2,2,2,2,2,2,2,2,2,2,2,2,2,2,2,2,2,2,2,2,2,2,2,2,2,2,
10.8,0.0892555,2.81212,10.57,2,2,2,2,2,2,2,2,2,2,2,2,2,2,2,2,2,2,2,2,2,2,2,2,2,2,2,2,2,2,2,2,2,2,2,2,2,2,2,2,2,2,2,2,2,2,2,2,2,2,2,2,2,2,1.74862,1.60767,1.54831,1.52836,1.54018,1.58808,1.69867,2,2,2,2,2,2,2,2,2,2,2,2,2,2,2,2,2,2,2,2,2,2,2,2,2,2,2,2,2,
10.9,0.0582929,2.74381,10.6369,2,2,2,2,2,2,2,2,2,2,2,2,2,2,2,2,2,2,2,2,2,2,2,2,2,2,2,2,2,2,2,2,2,2,2,2,2,2,2,2,2,2,2,2,2,2,2,2,2,2,2,2,2,1.86877,1.60272,1.52159,1.48706,1.48426,1.51225,1.58211,1.75959,2,2,2,2,2,2,2,2,2,2,2,2,2,2,2,2,2,2,2,2,2,2,2,2,2,2,2,2,2,
11,0.0319646,2.67359,10.694,2,2,2,2,2,2,2,2,2,2,2,2,2,2,2,2,2,2,2,2,2,2,2,2,2,2,2,2,2,2,2,2,2,2,2,2,2,2,2,2,2,2,2,2,2,2,2,2,2,2,2,2,2,1.63443,1.50945,1.45399,1.43394,1.44235,1.48193,1.57038,2,2,2,2,2,2,2,2,2,2,2,2,2,2,2,2,2,2,2,2,2,2,2,2,2,2,2,2,2,2,
11.1,0.00968486,2.60197,10.7427,2,2,2,2,2,2,2,2,2,2,2,2,2,2,2,2,2,2,2,2,2,2,2,2,2,2,2,2,2,2,2,2,2,2,2,2,2,2,2,2,2,2,2,2,2,2,2,2,2,2,2,2,2,1.52562,1.43596,1.39467,1.38343,1.39878,1.4456,1.54695,2,2,2,2,2,2,2,2,2,2,2,2,2,2,2,2,2,2,2,2,2,2,2,2,2,2,2,2,2,2,
11.2,-0.00907683,2.52936,10.7845,2,2,2,2,2,2,2,2,2,2,2,2,2,2,2,2,2,2,2,2,2,2,2,2,2,2,2,2,2,2,2,2,2,2,2,2,2,2,2,2,2,2,2,2,2,2,2,2,2,2,2,2,1.62707,1.44438,1.37225,1.33921,1.33301,1.35187,1.40165,1.50769,2,2,2,2,2,2,2,2,2,2,2,2,2,2,2,2,2,2,2,2,2,2,2,2,2,2,2,2,2,2,
11.3,-0.0247916,2.45602,10.8203,2,2,2,2,2,2,2,2,2,2,2,2,2,2,2,2,2,2,2,2,2,2,2,2,2,2,2,2,2,2,2,2,2,1.96688,1.9556,1.9948,2,2,2,2,2,2,2,2,2,2,2,2,2,2,2,2,1.51643,1.37658,1.31413,1.28566,1.28174,1.30134,1.35026,1.45221,2,2,2,2,2,2,2,2,2,2,2,2,2,2,2,2,2,2,2,2,2,2,2,2,2,2,2,2,2,2,
11.4,-0.0378721,2.38217,10.851,2,2,2,2,2,2,2,2,2,2,2,2,2,2,2,2,2,2,2,2,2,2,2,2,2,2,2,2,2,2,2,2,1.92317,1.90007,1.92409,2,2,2,2,2,2,2,2,2,2,2,2,2,2,2,2,2,1.43881,1.317,1.2597,1.23327,1.22961,1.24781,1.29289,1.3843,2,2,2,2,2,2,2,2,2,2,2,2,2,2,2,2,2,2,2,2,2,2,2,2,2,2,2,2,2,2,
11.5,-0.048677,2.30795,10.8774,2,2,2,2,2,2,2,2,2,2,2,2,2,2,2,2,2,2,2,2,2,2,2,2,2,2,2,2,2,2,1.99098,1.88719,1.85092,1.8603,1.91998,2,2,2,2,2,2,2,2,2,2,2,2,2,2,2,2,2,1.37738,1.26335,1.20819,1.18197,1.17708,1.19235,1.23167,1.30949,1.53777,2,2,2,2,2,2,2,2,2,2,2,2,2,2,2,2,2,2,2,2,2,2,2,2,2,2,2,2,2,
11.6,-0.0575158,2.23348,10.9002,2,2,2,2,2,2,2,2,2,2,2,2,2,2,2,2,2,2,2,2,2,2,2,2,2,2,2,2,2,1.99419,1.86003,1.80891,1.80411,1.84338,1.95033,2,2,2,2,2,2,2,2,2,2,2,2,2,2,2,2,2,1.32743,1.21468,1.15942,1.13205,1.12486,1.13622,1.16876,1.23254,1.37276,2,2,2,2,2,2,2,2,2,2,2,2,2,2,2,2,2,2,2,2,2,2,2,2,2,2,2,2,2,
11.7,-0.0646549,2.15882,10.9199,2,2,2,2,2,2,2,2,2,2,2,2,2,2,2,2,2,2,2,2,2,2,2,2,2,2,2,2,2,1.84316,1.77463,1.75578,1.77769,1.85097,2,2,2,2,2,2,2,2,2,2,2,2,2,2,2,2,2,2,1.28794,1.17081,1.11357,1.08397,1.07372,1.0806,1.10606,1.15674,1.25602,2,2,2,2,2,2,2,2,2,2,2,2,2,2,2,2,2,2,2,2,2,2,2,2,2,2,2,2,2,
11.8,-0.0703229,2.08403,10.937,2,2,2,2,2,2,2,2,2,2,2,2,2,2,2,2,2,2,2,2,2,2,2,2,2,2,2,2,1.83902,1.74867,1.71539,1.72191,1.77107,1.89481,2,2,2,2,2,2,2,2,2,2,2,2,2,2,2,2,2,2,1.26055,1.13207,1.07104,1.03829,1.02443,1.02654,1.04505,1.08405,1.15649,1.34128,2,2,2,2,2,2,2,2,2,2,2,2,2,2,2,2,2,2,2,2,2,2,2,2,2,2,2,2,
11.9,-0.0747158,2.00916,10.9518,2,2,2,2,2,2,2,2,2,2,2,2,2,2,2,2,2,2,2,2,2,2,2,2,2,2,2,1.85262,1.73187,1.68299,1.67527,1.7055,1.7883,2,2,2,2,2,2,2,2,2,2,2,2,2,2,2,2,2,2,2,1.25201,1.09933,1.03241,0.995606,0.977696,0.974936,0.986822,1.01566,1.06877,1.17201,2,2,2,2,2,2,2,2,2,2,2,2,2,2,2,2,2,2,2,2,2,2,2,2,2,2,2,2,
12,-0.0780014,1.93423,10.9646,2,2,2,2,2,2,2,2,2,2,2,2,2,2,2,2,2,2,2,2,2,2,2,2,2,2,1.89881,1.72557,1.65876,1.63719,1.65156,1.70777,1.84553,2,2,2,2,2,2,2,2,2,2,2,2,2,2,2,2,2,2,2,2,1.07419,0.998491,0.956598,0.934207,0.926528,0.932206,0.95223,0.990707,1.05958,1.22422,2,2,2,2,2,2,2,2,2,2,2,2,2,2,2,2,2,2,2,2,2,2,2,2,2,2,2,
12.1,-0.0803235,1.85927,10.9758,2,2,2,2,2,2,2,2,2,2,2,2,2,2,2,2,2,2,2,2,2,2,2,2,2,2,1.73228,1.64307,1.60729,1.60759,1.64407,1.73462,2,2,2,2,2,2,2,2,2,2,2,2,2,2,2,2,2,2,2,2,2,1.05974,0.970423,0.922045,0.894643,0.881972,0.881823,0.894172,0.921162,0.968888,1.05663,2,2,2,2,2,2,2,2,2,2,2,2,2,2,2,2,2,2,2,2,2,2,2,2,2,2,2,
12.2,-0.081805,1.78428,10.8258,2,2,2,2,2,2,2,2,2,2,2,2,2,2,2,2,2,2,2,2,2,2,2,2,2,2,2,1.81924,1.65908,1.59469,1.57271,1.58423,1.63362,1.74998,2,2,2,2,2,2,2,2,2,2,2,2,2,2,2,2,2,2,2,2,2,1.1259,0.971533,0.90506,0.866782,0.845334,0.836593,0.839184,0.853498,0.881952,0.93098,1.02125,2,2,2,2,2,2,2,2,2,2,2,2,2,2,2,2,2,2,2,2,2,2,2,2,
12.3,-0.0944755,1.71036,10.6758,2,2,2,2,2,2,2,2,2,2,2,2,2,2,2,2,2,2,2,2,2,2,2,2,2,2,2,2,2,1.69865,1.59108,1.54463,1.53406,1.55554,1.61743,1.76676,2,2,2,2,2,2,2,2,2,2,2,2,2,2,2,2,2,2,2,2,2,2,1.0287,0.918684,0.862698,0.829726,0.811511,0.804876,0.808842,0.823983,0.852796,0.901711,0.991315,2,2,2,2,2,2,2,2,2,2,2,2,2,2,2,2,2,2,2,2,2,
12.4,-0.11805,1.63916,10.5258,2,2,2,2,2,2,2,2,2,2,2,2,2,2,2,2,2,2,2,2,2,2,2,2,2,2,2,2,2,2,1.83541,1.60323,1.52477,1.49188,1.49064,1.52063,1.59408,1.79016,2,2,2,2,2,2,2,2,2,2,2,2,2,2,2,2,2,2,2,2,2,2,2,0.987525,0.89181,0.840551,0.810115,0.793473,0.787865,0.792486,0.807995,0.836912,0.885637,0.974582,2,2,2,2,2,2,2,2,2,2,2,2,2,2,2,2,2,2,
12.5,-0.152,1.57229,10.3758,2,2,2,2,2,2,2,2,2,2,2,2,2,2,2,2,2,2,2,2,2,2,2,2,2,2,2,2,2,2,2,2,1.65356,1.51753,1.45826,1.43569,1.44179,1.47851,1.56155,2,2,2,2,2,2,2,2,2,2,2,2,2,2,2,2,2,2,2,2,2,2,2,2,2,0.978116,0.886625,0.836918,0.807387,0.791394,0.786319,0.79144,0.807486,0.837087,0.886912,0.978715,2,2,2,2,2,2,2,2,2,2,2,2,2,2,2,
12.6,-0.195563,1.51124,10.2258,2,2,2,2,2,2,2,2,2,2,2,2,2,2,2,2,2,2,2,2,2,2,2,2,2,2,2,2,2,2,2,2,2,2,1.53517,1.43625,1.39039,1.37551,1.38694,1.4282,1.51744,2,2,2,2,2,2,2,2,2,2,2,2,2,2,2,2,2,2,2,2,2,2,2,2,2,2,0.991345,0.899598,0.849841,0.820457,0.804809,0.800308,0.806301,0.823667,0.855368,0.909043,1.0118,2,2,2,2,2,2,2,2,2,2,2,2,
12.7,-0.24776,1.45738,10.0758,2,2,2,2,2,2,2,2,2,2,2,2,2,2,2,2,2,2,2,2,2,2,2,2,2,2,2,2,2,2,2,2,2,2,2,1.65215,1.43425,1.35697,1.32058,1.31108,1.32578,1.36898,1.45955,2,2,2,2,2,2,2,2,2,2,2,2,2,2,2,2,2,2,2,2,2,2,2,2,2,2,2,1.01937,0.926649,0.876637,0.847479,0.832499,0.829164,0.836972,0.857132,0.893388,0.955847,1.09012,2,2,2,2,2,2,2,2,2,
12.8,-0.307419,1.41193,9.92582,2,2,2,2,2,2,2,2,2,2,2,2,2,2,2,2,2,2,2,2,2,2,2,2,2,2,2,2,2,2,2,2,2,2,2,2,2,1.48396,1.34204,1.27863,1.2487,1.24249,1.25839,1.30077,1.387,2,2,2,2,2,2,2,2,2,2,2,2,2,2,2,2,2,2,2,2,2,2,2,2,2,2,2,2,1.05409,0.963173,0.914087,0.886096,0.872782,0.871831,0.883094,0.908477,0.953462,1.03465,2,2,2,2,2,2,2,
12.9,-0.3732,1.3759,9.77582,2,2,2,2,2,2,2,2,2,2,2,2,2,2,2,2,2,2,2,2,2,2,2,2,2,2,2,2,2,2,2,2,2,2,2,2,2,2,2,1.3673,1.25545,1.20101,1.17511,1.1703,1.18546,1.2244,1.30128,1.51858,2,2,2,2,2,2,2,2,2,2,2,2,2,2,2,2,2,2,2,2,2,2,2,2,2,2,2,2,1.08919,1.00499,0.959136,0.934057,0.924107,0.927508,0.944843,0.979506,1.04122,1.17145,2,2,2,2,
13,-0.443626,1.35011,9.92582,2,2,2,2,2,2,2,2,2,2,2,2,2,2,2,2,2,2,2,2,2,2,2,2,2,2,2,2,2,2,2,2,2,2,2,2,2,1.23824,1.15837,1.11668,1.09779,1.09714,1.11459,1.15428,1.23018,1.44179,2,2,2,2,2,2,2,2,2,2,2,2,2,2,2,2,2,2,2,2,2,2,2,2,2,2,2,2,1.23213,1.09955,1.03729,1.00322,0.987552,0.987073,1.00169,1.03437,1.09421,1.21807,2,2,2,2,2,2,
13.1,-0.509407,1.31409,10.0758,2,2,2,2,2,2,2,2,2,2,2,2,2,2,2,2,2,2,2,2,2,2,2,2,2,2,2,2,2,2,2,2,2,2,1.23244,1.12061,1.0648,1.03515,1.0237,1.0281,1.04921,1.0919,1.17172,2,2,2,2,2,2,2,2,2,2,2,2,2,2,2,2,2,2,2,2,2,2,2,2,2,2,2,2,2,2,1.20744,1.11822,1.07143,1.0479,1.04187,1.05213,1.0808,1.13557,1.24482,2,2,2,2,2,2,2,2,
13.2,-0.569066,1.26863,10.2258,2,2,2,2,2,2,2,2,2,2,2,2,2,2,2,2,2,2,2,2,2,2,2,2,2,2,2,2,2,2,2,1.24165,1.08428,1.01651,0.978992,0.960209,0.956261,0.966439,0.992642,1.04108,1.132,2,2,2,2,2,2,2,2,2,2,2,2,2,2,2,2,2,2,2,2,2,2,2,2,2,2,2,2,2,2,1.35198,1.20547,1.13996,1.10582,1.09244,1.09679,1.1198,1.16733,1.25964,2,2,2,2,2,2,2,2,2,2,
13.3,-0.621263,1.21478,10.3758,2,2,2,2,2,2,2,2,2,2,2,2,2,2,2,2,2,2,2,2,2,2,2,2,2,2,2,2,2,1.04688,0.970615,0.928117,0.904778,0.895661,0.899207,0.916002,0.949203,1.00762,1.12589,2,2,2,2,2,2,2,2,2,2,2,2,2,2,2,2,2,2,2,2,2,2,2,2,2,2,2,2,2,2,2,1.30703,1.21092,1.16232,1.13953,1.13648,1.1525,1.19149,1.26732,1.47567,2,2,2,2,2,2,2,2,2,2,2,
13.4,-0.664825,1.15373,10.2258,2,2,2,2,2,2,2,2,2,2,2,2,2,2,2,2,2,2,2,2,2,2,2,2,2,2,2,2,2,2,1.03976,0.943541,0.892275,0.862564,0.847435,0.844277,0.852605,0.873741,0.91175,0.977861,1.12978,2,2,2,2,2,2,2,2,2,2,2,2,2,2,2,2,2,2,2,2,2,2,2,2,2,2,2,2,2,2,2,2,1.31455,1.23205,1.19028,1.1731,1.17608,1.19991,1.25126,1.35518,2,2,2,2,2,2,2,2,2,
13.5,-0.717022,1.09987,10.0758,2,2,2,2,2,2,2,2,2,2,2,2,2,2,2,2,2,2,2,2,2,2,2,2,2,2,2,2,2,2,2,1.04522,0.91483,0.853484,0.817379,0.796657,0.787583,0.788817,0.800531,0.824515,0.865436,0.936331,1.13599,2,2,2,2,2,2,2,2,2,2,2,2,2,2,2,2,2,2,2,2,2,2,2,2,2,2,2,2,2,2,2,2,1.49425,1.33177,1.26311,1.22963,1.21995,1.23158,1.26755,1.34063,1.52671,2,2,2,2,2,2,
13.6,-0.776681,1.05442,9.92582,2,2,2,2,2,2,2,2,2,2,2,2,2,2,2,2,2,2,2,2,2,2,2,2,2,2,2,2,2,2,2,2,2,0.886218,0.812307,0.769588,0.743609,0.729295,0.724534,0.728708,0.742357,0.767468,0.808832,0.879768,2,2,2,2,2,2,2,2,2,2,2,2,2,2,2,2,2,2,2,2,2,2,2,2,2,2,2,2,2,2,2,2,2,2,1.471,1.35692,1.30306,1.28002,1.28072,1.30537,1.36166,1.48235,2,2,2,2,
13.7,-0.842462,1.01839,9.77582,2,2,2,2,2,2,2,2,2,2,2,2,2,2,2,2,2,2,2,2,2,2,2,2,2,2,2,2,2,2,2,2,2,2,0.861428,0.769555,0.719657,0.688655,0.669681,0.659845,0.657917,0.663675,0.677801,0.702207,0.741249,0.806511,0.970994,2,2,2,2,2,2,2,2,2,2,2,2,2,2,2,2,2,2,2,2,2,2,2,2,2,2,2,2,2,2,2,2,2,1.74516,1.47128,1.39017,1.3524,1.34271,1.35827,1.4038,1.50062,2,2,
13.8,-0.912888,0.992603,9.62582,1.54483,2,2,2,2,2,2,2,2,2,2,2,2,2,2,2,2,2,2,2,2,2,2,2,2,2,2,2,2,2,2,2,2,2,2,0.852757,0.726529,0.668213,0.632263,0.609122,0.594995,0.588123,0.587766,0.593888,0.60714,0.629139,0.663354,0.718267,0.828898,2,2,2,2,2,2,2,2,2,2,2,2,2,2,2,2,2,2,2,2,2,2,2,2,2,2,2,2,2,2,2,2,2,2,1.60794,1.48738,1.43321,1.41348,1.4215,1.45978,1.54483,
13.9,-0.986377,0.977626,9.47997,1.49226,1.52799,1.61153,2,2,2,2,2,2,2,2,2,2,2,2,2,2,2,2,2,2,2,2,2,2,2,2,2,2,2,2,2,2,2,2,2,2,0.68016,0.613178,0.573145,0.546853,0.529564,0.519074,0.514297,0.514789,0.520595,0.53226,0.551031,0.579432,0.62305,0.698968,2,2,2,2,2,2,2,2,2,2,2,2,2,2,2,2,2,2,2,2,2,2,2,2,2,2,2,2,2,2,2,2,2,2,1.7576,1.58463,1.51583,1.48861,1.49226,
14,-1.06126,0.973488,9.35884,1.5821,1.56165,1.57423,1.62457,1.74268,2,2,2,2,2,2,2,2,2,2,2,2,2,2,2,2,2,2,2,2,2,2,2,2,2,2,2,2,2,2,2,2,2,0.602479,0.53989,0.50198,0.476568,0.459226,0.447844,0.441323,0.439113,0.44104,0.447255,0.458279,0.475165,0.499926,0.53675,0.596831,2,2,2,2,2,2,2,2,2,2,2,2,2,2,2,2,2,2,2,2,2,2,2,2,2,2,2,2,2,2,2,2,2,2,1.79349,1.64368,1.5821,
14.1,-1.1361,0.97843,9.26341,1.76261,1.67399,1.63943,1.64195,1.68254,1.78287,2,2,2,2,2,2,2,2,2,2,2,2,2,2,2,2,2,2,2,2,2,2,2,2,2,2,2,2,2,2,2,2,0.5923,0.497725,0.450541,0.420017,0.39884,0.383944,0.373759,0.367422,0.364462,0.364676,0.368077,0.374903,0.385665,0.401301,0.423516,0.455711,0.506342,0.618593,2,2,2,2,2,2,2,2,2,2,2,2,2,2,2,2,2,2,2,2,2,2,2,2,2,2,2,2,2,2,2,2,2,1.76261,
14.2,-1.21013,0.99048,9.18483,2,1.85416,1.75311,1.71415,1.71569,1.75837,1.86715,2,2,2,2,2,2,2,2,2,2,2,2,2,2,2,2,2,2,2,2,2,2,2,2,2,2,2,2,2,2,2,2,0.440722,0.388942,0.356807,0.334554,0.318524,0.306918,0.298735,0.293389,0.290538,0.290016,0.291792,0.295969,0.302803,0.312753,0.326603,0.345715,0.372677,0.413424,0.489875,2,2,2,2,2,2,2,2,2,2,2,2,2,2,2,2,2,2,2,2,2,2,2,2,2,2,2,2,2,2,2,2,
14.3,-1.28298,1.0083,9.11833,2,2,1.91406,1.81863,1.78469,1.79341,1.84882,1.99346,2,2,2,2,2,2,2,2,2,2,2,2,2,2,2,2,2,2,2,2,2,2,2,2,2,2,2,2,2,2,2,0.362762,0.314833,0.285363,0.264862,0.249866,0.238683,0.230364,0.224335,0.220239,0.217857,0.217071,0.217842,0.220208,0.224287,0.230296,0.238591,0.249743,0.264696,0.285132,0.314489,0.362141,2,2,2,2,2,2,2,2,2,2,2,2,2,2,2,2,2,2,2,2,2,2,2,2,2,2,2,2,2,2,
14.4,-1.35448,1.03093,9.06305,2,2,2,1.94943,1.87441,1.85477,1.88023,1.96467,2,2,2,2,2,2,2,2,2,2,2,2,2,2,2,2,2,2,2,2,2,2,2,2,2,2,2,2,2,2,0.336027,0.2616,0.227027,0.204702,0.188791,0.176912,0.167841,0.160867,0.155544,0.151585,0.148798,0.14706,0.1463,0.146487,0.147629,0.149771,0.153004,0.157476,0.163411,0.171152,0.181229,0.194516,0.212577,0.238682,0.282239,2,2,2,2,2,2,2,2,2,2,2,2,2,2,2,2,2,2,2,2,2,2,2,2,2,2,2,
14.5,-1.42463,1.05747,9.01922,2,2,2,2,1.97515,1.92923,1.93354,1.99038,2,2,2,2,2,2,2,2,2,2,2,2,2,2,2,2,2,2,2,2,2,2,2,2,2,2,2,2,2,0.241464,0.173626,0.14564,0.128102,0.115764,0.106576,0.0995069,0.0939667,0.0895878,0.086128,0.0834228,0.0813578,0.0798532,0.0788554,0.0783302,0.0782602,0.0786434,0.0794921,0.0808349,0.0827192,0.0852158,0.0884271,0.0924998,0.0976481,0.104194,0.112643,0.123852,0.139448,0.1632,0.209223,2,2,2,2,2,2,2,2,2,2,2,2,2,2,2,2,2,2,2,2,2,2,2,
14.6,-1.49355,1.08706,8.98343,2,2,2,2,2,2,1.99653,2,2,2,2,2,2,2,2,2,2,2,2,2,2,2,2,2,2,2,2,2,2,2,2,2,2,2,2,0.0607478,0.0444312,0.0358777,0.0304262,0.0266177,0.0238072,0.0216569,0.0199702,0.0186242,0.0175377,0.0166549,0.0159369,0.0153551,0.014889,0.0145231,0.0142464,0.0140507,0.0139309,0.0138836,0.0139076,0.0140035,0.014174,0.0144235,0.0147594,0.0151914,0.0157335,0.0164044,0.0172298,0.0182446,0.0194988,0.0210634,0.0230454,0.0256126,0.0290453,0.0338582,0.0411418,0.0539003,0.0916234,2,2,2,2,2,2,2,2,2,2,2,2,2,2,2,2,2,
14.7,-1.56136,1.1191,8.95425,
