0,4,1,1.43321,2,2,2,2,2,2,1.89452,1.78404,1.74127,1.74062,1.78183,1.88897,2,2,2,2,2,2,2,2,2,2,2,2,2,2,2,2,2,2,2,2,2,2,2,2,2,2,2,2,2,2,2,2,2,2,2,2,2,2,2,2,2,1.12065,1.01538,0.961179,0.93072,0.916345,0.915386,0.927682,0.955456,1.00527,1.09876,2,2,2,2,2,2,2,2,2,2,2,2,2,2,2,2,2,2,2,2,2,2,2,2,2,2,2,
0.1,4.01029,1.07429,1.58321,2,2,2,2,1.90983,1.82576,1.79866,1.81428,1.88021,2,2,2,2,2,2,2,2,2,2,2,2,2,2,2,2,2,2,2,2,2,2,2,2,2,2,2,2,2,2,2,2,2,2,2,2,2,2,2,2,2,2,1.14294,0.998911,0.934142,0.897129,0.877133,0.870288,0.875484,0.893555,0.927876,0.987689,1.11086,2,2,2,2,2,2,2,2,2,2,2,2,2,2,2,2,2,2,2,2,2,2,2,2,2,2,2,2,
0.2,4.00936,1.14929,1.73321,2,2,1.94925,1.88164,1.86734,1.89897,1.99498,2,2,2,2,2,2,2,2,2,2,2,2,2,2,2,2,2,2,2,2,2,2,2,2,2,2,2,2,2,2,2,2,2,2,2,2,2,2,2,2,2,2,2,0.974194,0.899769,0.857445,0.833023,0.821562,0.82124,0.83201,0.85557,0.896589,0.968265,1.17011,2,2,2,2,2,2,2,2,2,2,2,2,2,2,2,2,2,2,2,2,2,2,2,2,2,2,2,2,2,
0.3,3.99723,1.2233,1.88321,2,1.9469,1.94323,1.99064,2,2,2,2,2,2,2,2,2,2,2,2,2,2,2,2,2,2,2,2,2,2,2,2,2,2,2,2,2,2,2,2,2,2,2,2,2,2,2,2,2,2,2,2,0.93741,0.856196,0.810499,0.783142,0.768416,0.764025,0.769367,0.785179,0.813976,0.862015,0.94899,2,2,2,2,2,2,2,2,2,2,2,2,2,2,2,2,2,2,2,2,2,2,2,2,2,2,2,2,2,2,2,
0.4,3.97418,1.29467,2.03321,2,2,2,2,2,2,2,2,2,2,2,2,2,2,2,2,2,2,2,2,2,2,2,2,2,2,2,2,2,2,2,2,2,2,2,2,2,2,2,2,2,2,2,2,2,2,0.883962,0.801613,0.755244,0.726753,0.710218,0.703152,0.704648,0.714892,0.735252,0.769085,0.824752,0.934627,2,2,2,2,2,2,2,2,2,2,2,2,2,2,2,2,2,2,2,2,2,2,2,2,2,2,2,2,2,2,2,2,
0.5,3.94072,1.36179,2.18321,2,2,2,2,2,2,2,2,2,2,2,2,2,2,2,2,2,2,2,2,2,2,2,2,2,2,2,2,2,2,2,2,2,2,2,2,2,2,2,2,2,2,2,2,0.810901,0.734952,0.691087,0.663447,0.646617,0.638222,0.637267,0.643647,0.658096,0.682539,0.721283,0.785728,0.946817,2,2,2,2,2,2,2,2,2,2,2,2,2,2,2,2,2,2,2,2,2,2,2,2,2,2,2,2,2,2,2,2,2,
0.6,3.89761,1.42316,2.33321,2,2,2,2,2,2,2,2,2,2,2,2,2,2,2,2,2,2,2,2,2,2,2,2,2,2,2,2,2,2,2,2,2,2,2,2,2,2,2,2,2,0.887489,0.720008,0.656703,0.618295,0.593396,0.577704,0.569219,0.567036,0.570937,0.581314,0.59932,0.627412,0.671067,0.74659,2,2,2,2,2,2,2,2,2,2,2,2,2,2,2,2,2,2,2,2,2,2,2,2,2,2,2,2,2,2,2,2,2,2,2,
0.7,3.84581,1.4774,2.48321,2,2,2,2,2,2,2,2,2,2,2,2,2,2,2,2,2,2,2,2,2,2,2,2,2,2,2,2,2,2,2,2,2,2,2,2,2,2,2,0.707169,0.617427,0.56928,0.538278,0.517564,0.504172,0.496631,0.494233,0.496768,0.504457,0.518026,0.538974,0.570326,0.619127,0.711072,2,2,2,2,2,2,2,2,2,2,2,2,2,2,2,2,2,2,2,2,2,2,2,2,2,2,2,2,2,2,2,2,2,2,2,2,
0.8,3.78648,1.52329,2.63321,2,2,2,2,2,2,2,2,2,2,2,2,2,2,2,2,2,2,2,2,2,2,2,2,2,2,2,2,2,2,2,2,2,2,2,2,0.684502,0.564039,0.510408,0.476595,0.453588,0.437792,0.427427,0.421547,0.41968,0.421683,0.427709,0.438245,0.454256,0.477564,0.511864,0.566528,0.694058,2,2,2,2,2,2,2,2,2,2,2,2,2,2,2,2,2,2,2,2,2,2,2,2,2,2,2,2,2,2,2,2,2,2,2,2,2,
0.9,3.72097,1.55979,2.78321,2,2,2,2,2,2,2,2,2,2,2,2,2,2,2,2,2,2,2,2,2,2,2,2,2,2,2,2,2,2,2,2,2,0.598847,0.486908,0.436977,0.405213,0.383213,0.36761,0.356713,0.349582,0.345693,0.344785,0.346798,0.351863,0.360331,0.372859,0.390611,0.415742,0.452829,0.515237,2,2,2,2,2,2,2,2,2,2,2,2,2,2,2,2,2,2,2,2,2,2,2,2,2,2,2,2,2,2,2,2,2,2,2,2,2,2,2,
1,3.65073,1.5861,2.9168,2,2,2,2,2,2,2,2,2,2,2,2,2,2,2,2,2,2,2,2,2,2,2,2,2,2,2,2,2,2,0.481647,0.399022,0.357223,0.329852,0.310471,0.296353,0.286076,0.278827,0.274117,0.271664,0.271331,0.273098,0.277064,0.283461,0.292701,0.305476,0.322964,0.347348,0.383362,0.445936,2,2,2,2,2,2,2,2,2,2,2,2,2,2,2,2,2,2,2,2,2,2,2,2,2,2,2,2,2,2,2,2,2,2,2,2,2,2,2,2,
1.1,3.57762,1.60282,3.02894,2,2,2,2,2,2,2,2,2,2,2,2,2,2,2,2,2,2,2,2,2,2,2,2,2,2,2,0.36077,0.30629,0.274682,0.253106,0.237421,0.225701,0.216893,0.210368,0.205729,0.202729,0.20122,0.201131,0.202458,0.205263,0.209683,0.215952,0.224442,0.235747,0.25085,0.271521,0.30147,0.35142,2,2,2,2,2,2,2,2,2,2,2,2,2,2,2,2,2,2,2,2,2,2,2,2,2,2,2,2,2,2,2,2,2,2,2,2,2,2,2,2,2,
1.2,3.5031,1.61125,3.12317,2,2,2,2,2,2,2,2,2,2,2,2,2,2,2,2,2,2,2,2,2,2,2,0.303364,0.242327,0.211215,0.190727,0.175992,0.164927,0.15644,0.149885,0.144858,0.141091,0.138408,0.136693,0.135876,0.135926,0.136844,0.138667,0.141469,0.14537,0.150559,0.157312,0.166059,0.17748,0.192745,0.214121,0.247105,0.316588,2,2,2,2,2,2,2,2,2,2,2,2,2,2,2,2,2,2,2,2,2,2,2,2,2,2,2,2,2,2,2,2,2,2,2,2,2,2,2,2,2,
1.3,3.42811,1.61263,3.20241,2,2,2,2,2,2,2,2,2,2,2,2,2,2,2,2,2,2,2,0.196956,0.157233,0.135366,0.120728,0.110107,0.102057,0.0958007,0.0908712,0.0869698,0.0838963,0.0815127,0.0797229,0.0784602,0.0776808,0.0773588,0.0774833,0.0780587,0.0791037,0.0806542,0.0827658,0.0855208,0.0890365,0.0934823,0.0991078,0.106293,0.115654,0.128271,0.146335,0.175634,0.257342,2,2,2,2,2,2,2,2,2,2,2,2,2,2,2,2,2,2,2,2,2,2,2,2,2,2,2,2,2,2,2,2,2,2,2,2,2,2,2,2,2,
1.4,3.35325,1.60807,3.2691,2,2,2,2,2,2,2,2,2,2,2,2,2,2,0.0950641,0.0730271,0.0608258,0.0527747,0.0470092,0.0426775,0.0393202,0.0366642,0.0345351,0.0328163,0.0314266,0.0303084,0.0294201,0.0287317,0.0282209,0.0278727,0.0276771,0.0276283,0.0277253,0.0279708,0.0283714,0.0289392,0.029691,0.0306515,0.0318544,0.0333459,0.0351902,0.0374786,0.040344,0.0439871,0.0487299,0.0551282,0.0642617,0.0786912,0.108121,2,2,2,2,2,2,2,2,2,2,2,2,2,2,2,2,2,2,2,2,2,2,2,2,2,2,2,2,2,2,2,2,2,2,2,2,2,2,2,2,2,
1.5,3.27886,1.59854,3.32527,
