0,2,-4,0.859771,2,2,2,2,2,2,2,2,2,2,2,2,2,2,2,2,2,2,2,2,2,2,2,2,2,2,2,2,2,2,2,2,2,2,2,2,2,2,2,1.10158,1.00662,0.956219,0.928082,0.915501,0.916195,0.93028,0.960359,1.01393,1.1174,2,2,2,2,2,2,2,2,2,2,2,2,2,2,2,2,2,2,2,2,2,2,2,2,2,2,2,2,2,2,2,2,2,2,2,2,2,2,2,2,2,
0.1,2.04895,-3.94317,0.972021,2,2,2,2,2,2,2,2,2,2,2,2,2,2,2,2,2,2,2,2,2,2,2,2,2,2,2,2,2,2,2,2,2,2,2,2,2,1.03543,0.939296,0.888043,0.858277,0.843024,0.839662,0.847677,0.868329,0.905533,0.970004,1.11343,2,2,2,2,2,2,2,2,2,2,2,2,2,2,2,2,2,2,2,2,2,2,2,2,2,2,2,2,2,2,2,2,2,2,2,2,2,2,2,2,2,2,
0.2,2.07584,-3.90376,0.973687,2,2,2,2,2,2,2,2,2,2,2,2,2,2,2,2,2,2,2,2,2,2,2,2,2,2,2,2,2,2,2,2,2,2,2,2,2,0.949866,0.875134,0.832458,0.807405,0.79495,0.793153,0.80176,0.822047,0.857655,0.91818,1.04495,2,2,2,2,2,2,2,2,2,2,2,2,2,2,2,2,2,2,2,2,2,2,2,2,2,2,2,2,2,2,2,2,2,2,2,2,2,2,2,2,2,2,
0.3,2.10264,-3.86434,0.975351,2,2,2,2,2,2,2,2,2,2,2,2,2,2,2,2,2,2,2,2,2,2,2,2,2,2,2,2,2,2,2,2,2,2,2,2,0.996451,0.873076,0.813636,0.778152,0.757252,0.747301,0.746892,0.755972,0.775808,0.809768,0.866391,0.978996,2,2,2,2,2,2,2,2,2,2,2,2,2,2,2,2,2,2,2,2,2,2,2,2,2,2,2,2,2,2,2,2,2,2,2,2,2,2,2,2,2,2,
0.4,2.12935,-3.82492,0.977013,2,2,2,2,2,2,2,2,2,2,2,2,2,2,2,2,2,2,2,2,2,2,2,2,2,2,2,2,2,2,2,2,2,2,2,2,0.888216,0.802212,0.75441,0.725025,0.707785,0.700066,0.700874,0.710309,0.729611,0.76187,0.814638,0.91487,2,2,2,2,2,2,2,2,2,2,2,2,2,2,2,2,2,2,2,2,2,2,2,2,2,2,2,2,2,2,2,2,2,2,2,2,2,2,2,2,2,2,
0.5,2.15596,-3.78549,0.978673,2,2,2,2,2,2,2,2,2,2,2,2,2,2,2,2,2,2,2,2,2,2,2,2,2,2,2,2,2,2,2,2,2,2,2,0.95708,0.800079,0.735776,0.697172,0.672995,0.658978,0.653237,0.655096,0.66477,0.683454,0.713962,0.762928,0.852159,2,2,2,2,2,2,2,2,2,2,2,2,2,2,2,2,2,2,2,2,2,2,2,2,2,2,2,2,2,2,2,2,2,2,2,2,2,2,2,2,2,2,
0.6,2.18248,-3.74607,0.980332,2,2,2,2,2,2,2,2,2,2,2,2,2,2,2,2,2,2,2,2,2,2,2,2,2,2,2,2,2,2,2,2,2,2,2,0.81349,0.722331,0.672859,0.641702,0.621995,0.610807,0.606804,0.609555,0.619353,0.637336,0.666046,0.711263,0.790593,2,2,2,2,2,2,2,2,2,2,2,2,2,2,2,2,2,2,2,2,2,2,2,2,2,2,2,2,2,2,2,2,2,2,2,2,2,2,2,2,2,2,
0.7,2.20891,-3.70664,0.981989,2,2,2,2,2,2,2,2,2,2,2,2,2,2,2,2,2,2,2,2,2,2,2,2,2,2,2,2,2,2,2,2,2,2,0.888541,0.714967,0.6514,0.612863,0.587831,0.571965,0.56325,0.560759,0.564245,0.574054,0.591254,0.618121,0.659645,0.729983,2,2,2,2,2,2,2,2,2,2,2,2,2,2,2,2,2,2,2,2,2,2,2,2,2,2,2,2,2,2,2,2,2,2,2,2,2,2,2,2,2,2,
0.8,2.23524,-3.66721,0.983644,2,2,2,2,2,2,2,2,2,2,2,2,2,2,2,2,2,2,2,2,2,2,2,2,2,2,2,2,2,2,2,2,2,2,0.716658,0.63216,0.585487,0.555366,0.535423,0.522857,0.51629,0.515095,0.519164,0.528873,0.545208,0.570188,0.608079,0.670193,0.844396,2,2,2,2,2,2,2,2,2,2,2,2,2,2,2,2,2,2,2,2,2,2,2,2,2,2,2,2,2,2,2,2,2,2,2,2,2,2,2,2,2,
0.9,2.26148,-3.62778,0.985297,2,2,2,2,2,2,2,2,2,2,2,2,2,2,2,2,2,2,2,2,2,2,2,2,2,2,2,2,2,2,2,2,2,0.740943,0.614437,0.558512,0.523531,0.500064,0.484371,0.474631,0.469911,0.469806,0.47431,0.483806,0.499195,0.522246,0.556566,0.61112,0.729474,2,2,2,2,2,2,2,2,2,2,2,2,2,2,2,2,2,2,2,2,2,2,2,2,2,2,2,2,2,2,2,2,2,2,2,2,2,2,2,2,2,
1,2.28762,-3.58835,0.986948,2,2,2,2,2,2,2,2,2,2,2,2,2,2,2,2,2,2,2,2,2,2,2,2,2,2,2,2,2,2,2,2,2,0.597257,0.530676,0.491218,0.464847,0.446724,0.434587,0.42725,0.424098,0.424887,0.429678,0.43885,0.453214,0.474297,0.50511,0.552686,0.64387,2,2,2,2,2,2,2,2,2,2,2,2,2,2,2,2,2,2,2,2,2,2,2,2,2,2,2,2,2,2,2,2,2,2,2,2,2,2,2,2,2,
1.1,2.31367,-3.54892,0.988598,2,2,2,2,2,2,2,2,2,2,2,2,2,2,2,2,2,2,2,2,2,2,2,2,2,2,2,2,2,2,2,2,0.578894,0.50039,0.457239,0.428764,0.40896,0.395167,0.385996,0.380685,0.37884,0.380333,0.385267,0.394005,0.407262,0.42634,0.453713,0.494825,0.567105,2,2,2,2,2,2,2,2,2,2,2,2,2,2,2,2,2,2,2,2,2,2,2,2,2,2,2,2,2,2,2,2,2,2,2,2,2,2,2,2,2,
1.2,2.33963,-3.50948,0.990246,2,2,2,2,2,2,2,2,2,2,2,2,2,2,2,2,2,2,2,2,2,2,2,2,2,2,2,2,2,2,2,0.555655,0.465686,0.420339,0.390843,0.370221,0.355531,0.345254,0.338541,0.334912,0.334127,0.336139,0.341074,0.349268,0.361339,0.378377,0.402378,0.437488,0.495228,2,2,2,2,2,2,2,2,2,2,2,2,2,2,2,2,2,2,2,2,2,2,2,2,2,2,2,2,2,2,2,2,2,2,2,2,2,2,2,2,2,
1.3,2.3655,-3.47005,0.991892,2,2,2,2,2,2,2,2,2,2,2,2,2,2,2,2,2,2,2,2,2,2,2,2,2,2,2,2,2,2,0.519603,0.424421,0.379323,0.350212,0.329766,0.314976,0.304303,0.296873,0.292173,0.289909,0.289952,0.292302,0.297097,0.304635,0.315442,0.330408,0.351107,0.380633,0.426609,0.526613,2,2,2,2,2,2,2,2,2,2,2,2,2,2,2,2,2,2,2,2,2,2,2,2,2,2,2,2,2,2,2,2,2,2,2,2,2,2,2,2,
1.4,2.39127,-3.43062,0.993537,2,2,2,2,2,2,2,2,2,2,2,2,2,2,2,2,2,2,2,2,2,2,2,2,2,2,2,2,2,0.461114,0.374991,0.333317,0.306231,0.287043,0.272975,0.262597,0.255084,0.249935,0.24685,0.245661,0.246305,0.248818,0.253333,0.260106,0.26957,0.282434,0.299903,0.324225,0.360386,0.425129,2,2,2,2,2,2,2,2,2,2,2,2,2,2,2,2,2,2,2,2,2,2,2,2,2,2,2,2,2,2,2,2,2,2,2,2,2,2,2,2,
1.5,2.41695,-3.39118,0.995179,2,2,2,2,2,2,2,2,2,2,2,2,2,2,2,2,2,2,2,2,2,2,2,2,2,2,2,2,0.383231,0.317338,0.282122,0.258658,0.241781,0.229227,0.219794,0.212773,0.207724,0.204369,0.202541,0.202152,0.203185,0.205687,0.20978,0.215678,0.223721,0.234454,0.248767,0.268236,0.29604,0.340616,0.49007,2,2,2,2,2,2,2,2,2,2,2,2,2,2,2,2,2,2,2,2,2,2,2,2,2,2,2,2,2,2,2,2,2,2,2,2,2,2,2,
1.6,2.44254,-3.35175,0.99682,2,2,2,2,2,2,2,2,2,2,2,2,2,2,2,2,2,2,2,2,2,2,2,2,2,2,2,0.298051,0.253343,0.226432,0.207792,0.194087,0.183716,0.175787,0.169754,0.16527,0.162107,0.160119,0.15922,0.159374,0.160585,0.162906,0.166438,0.171348,0.177893,0.18647,0.197702,0.21264,0.233226,0.263797,0.319094,2,2,2,2,2,2,2,2,2,2,2,2,2,2,2,2,2,2,2,2,2,2,2,2,2,2,2,2,2,2,2,2,2,2,2,2,2,2,2,
1.7,2.46804,-3.31232,0.998459,2,2,2,2,2,2,2,2,2,2,2,2,2,2,2,2,2,2,2,2,2,2,2,2,2,0.264349,0.213487,0.186072,0.167765,0.154501,0.144485,0.136755,0.130741,0.126077,0.122522,0.119913,0.118142,0.11714,0.116869,0.117318,0.118505,0.120474,0.123304,0.127114,0.132084,0.138481,0.14671,0.157415,0.171705,0.191725,0.222693,0.288234,2,2,2,2,2,2,2,2,2,2,2,2,2,2,2,2,2,2,2,2,2,2,2,2,2,2,2,2,2,2,2,2,2,2,2,2,2,2,
1.8,2.49345,-3.27288,1.0001,2,2,2,2,2,2,2,2,2,2,2,2,2,2,2,2,2,2,2,2,2,2,2,0.195421,0.155188,0.133287,0.118682,0.108107,0.1001,0.0938803,0.0889787,0.0850963,0.0820326,0.0796495,0.0778511,0.0765702,0.0757621,0.0754003,0.0754725,0.0759814,0.0769434,0.0783913,0.080376,0.0829739,0.086293,0.0904894,0.0957915,0.102544,0.111299,0.123005,0.139523,0.165437,0.222126,2,2,2,2,2,2,2,2,2,2,2,2,2,2,2,2,2,2,2,2,2,2,2,2,2,2,2,2,2,2,2,2,2,2,2,2,2,
1.9,2.51877,-3.23345,1.00173,2,2,2,2,2,2,2,2,2,2,2,2,2,2,2,2,2,2,2,2,0.129689,0.0943934,0.0775137,0.0668405,0.0593505,0.0537879,0.0495087,0.0461411,0.0434526,0.0412893,0.0395458,0.0381475,0.0370416,0.0361887,0.0355615,0.0351408,0.0349146,0.0348758,0.0350235,0.0353621,0.0359013,0.0366573,0.0376539,0.0389249,0.0405169,0.0424945,0.0449491,0.048011,0.0518753,0.056845,0.0634268,0.0725539,0.0862499,0.110618,2,2,2,2,2,2,2,2,2,2,2,2,2,2,2,2,2,2,2,2,2,2,2,2,2,2,2,2,2,2,2,2,2,2,2,2,
2,2.54399,-3.19401,1.00337,
