0,3,-5,-0.186658,2,2,2,2,2,2,2,2,2,2,2,2,2,2,2,2,2,2,2,2,2,2,2,2,2,2,2,2,2,2,2,2,2,2,2,2,2,2,2,2,2,2,2,2,2,2,2,2,2,2,2,2,2,2,2,2,2,2,2,2,2,2,0.829591,0.655485,0.593904,0.556265,0.531341,0.514894,0.50491,0.500387,0.500918,0.506548,0.517794,0.535822,0.56297,0.604307,0.674533,2,2,2,2,2,2,2,2,2,2,2,2,2,
0.1,3.0737,-5.01392,-0.336658,2,2,2,2,2,2,2,2,2,2,2,2,2,2,2,2,2,2,2,2,2,2,2,2,2,2,2,2,2,2,2,2,2,2,2,2,2,2,2,2,2,2,2,2,2,2,2,2,2,2,2,2,2,2,2,2,2,2,2,2,2,2,2,2,2,2,0.698914,0.624245,0.58109,0.552972,0.534422,0.522965,0.517377,0.517132,0.52221,0.533084,0.550896,0.577964,0.619326,0.689475,2,2,2,2,2,2,2,2,2,2,
0.2,3.14449,-5.03869,-0.459058,2,2,2,2,2,2,2,2,2,2,2,2,2,2,2,2,2,2,2,2,2,2,2,2,2,2,2,2,2,2,2,2,2,2,2,2,2,2,2,2,2,2,2,2,2,2,2,2,2,2,2,2,2,2,2,2,2,2,2,2,2,2,2,2,2,2,2,2,2,0.721902,0.65023,0.608165,0.580888,0.56326,0.552943,0.548822,0.550492,0.558115,0.572471,0.595285,0.630181,0.686132,0.803686,2,2,2,2,2,2,2,
0.3,3.21172,-5.07193,-0.558204,2,2,2,2,2,2,2,2,2,2,2,2,2,2,2,2,2,2,2,2,2,2,2,2,2,2,2,2,2,2,2,2,2,2,2,2,2,2,2,2,2,2,2,2,2,2,2,2,2,2,2,2,2,2,2,2,2,2,2,2,2,2,2,2,2,2,2,2,2,2,2,0.836892,0.724464,0.669048,0.634599,0.612501,0.599245,0.593203,0.593727,0.600873,0.615417,0.639203,0.676231,0.736772,0.875228,2,2,2,2,2,
0.4,3.27534,-5.11165,-0.6384,2,2,2,2,2,2,2,2,2,2,2,2,2,2,2,2,2,2,2,2,2,2,2,2,2,2,2,2,2,2,2,2,2,2,2,2,2,2,2,2,2,2,2,2,2,2,2,2,2,2,2,2,2,2,2,2,2,2,2,2,2,2,2,2,2,2,2,2,2,2,2,2,2,0.926245,0.786842,0.725227,0.687898,0.664467,0.650909,0.64544,0.647426,0.657091,0.675618,0.705764,0.753987,0.841181,2,2,2,2,
0.5,3.33557,-5.15634,-0.702034,2,2,2,2,2,2,2,2,2,2,2,2,2,2,2,2,2,2,2,2,2,2,2,2,2,2,2,2,2,2,2,2,2,2,2,2,2,2,2,2,2,2,2,2,2,2,2,2,2,2,2,2,2,2,2,2,2,2,2,2,2,2,2,2,2,2,2,2,2,2,2,2,2,2,2,0.940638,0.827897,0.771433,0.737177,0.716543,0.7061,0.704444,0.711371,0.727769,0.756102,0.802234,0.884,2,2,2,
0.6,3.39283,-5.20478,-0.754909,2,2,2,2,2,2,2,2,2,2,2,2,2,2,2,2,2,2,2,2,2,2,2,2,2,2,2,2,2,2,2,2,2,2,2,2,2,2,2,2,2,2,2,2,2,2,2,2,2,2,2,2,2,2,2,2,2,2,2,2,2,2,2,2,2,2,2,2,2,2,2,2,2,2,2,2,2,0.937298,0.857549,0.812489,0.785571,0.771232,0.767245,0.77306,0.789488,0.819181,0.868769,0.959804,2,2,
0.7,3.44746,-5.25617,-0.8001,2,2,2,2,2,2,2,2,2,2,2,2,2,2,2,2,2,2,2,2,2,2,2,2,2,2,2,2,2,2,2,2,2,2,2,2,2,2,2,2,2,2,2,2,2,2,2,2,2,2,2,2,2,2,2,2,2,2,2,2,2,2,2,2,2,2,2,2,2,2,2,2,2,2,2,2,2,2,1.04584,0.94105,0.886746,0.855094,0.838327,0.83351,0.839908,0.858506,0.892671,0.951388,1.0707,2,
0.8,3.4997,-5.30998,-0.8376,2,2,2,2,2,2,2,2,2,2,2,2,2,2,2,2,2,2,2,2,2,2,2,2,2,2,2,2,2,2,2,2,2,2,2,2,2,2,2,2,2,2,2,2,2,2,2,2,2,2,2,2,2,2,2,2,2,2,2,2,2,2,2,2,2,2,2,2,2,2,2,2,2,2,2,2,2,2,2,1.13647,1.01553,0.956346,0.922801,0.905878,0.902364,0.911673,0.935414,0.978681,1.05673,2,
0.9,3.5499,-5.3657,-0.6876,2,2,2,2,2,2,2,2,2,2,2,2,2,2,2,2,2,2,2,2,2,2,2,2,2,2,2,2,2,2,2,2,2,2,2,2,2,2,2,2,2,2,2,2,2,2,2,2,2,2,2,2,2,2,2,2,2,2,2,2,2,2,2,2,2,2,2,2,2,2,2,2,2,2,2,2,2,2,1.11839,1.04165,0.999786,0.978256,0.97231,0.980847,1.00547,1.05192,1.13859,2,2,2,
1,3.60786,-5.4133,-0.5376,2,2,2,2,2,2,2,2,2,2,2,2,2,2,2,2,2,2,2,2,2,2,2,2,2,2,2,2,2,2,2,2,2,2,2,2,2,2,2,2,2,2,2,2,2,2,2,2,2,2,2,2,2,2,2,2,2,2,2,2,2,2,2,2,2,2,2,2,2,2,2,2,2,2,2,2,1.23835,1.13105,1.07695,1.04864,1.03859,1.04474,1.06833,1.1151,1.20419,2,2,2,2,2,
1.1,3.67228,-5.45171,-0.3876,2,2,2,2,2,2,2,2,2,2,2,2,2,2,2,2,2,2,2,2,2,2,2,2,2,2,2,2,2,2,2,2,2,2,2,2,2,2,2,2,2,2,2,2,2,2,2,2,2,2,2,2,2,2,2,2,2,2,2,2,2,2,2,2,2,2,2,2,2,2,2,2,2,2,1.41145,1.2277,1.15506,1.11715,1.10111,1.10317,1.12379,1.16806,1.25343,2,2,2,2,2,2,2,
1.2,3.74171,-5.48006,-0.2376,2,2,2,2,2,2,2,2,2,2,2,2,2,2,2,2,2,2,2,2,2,2,2,2,2,2,2,2,2,2,2,2,2,2,2,2,2,2,2,2,2,2,2,2,2,2,2,2,2,2,2,2,2,2,2,2,2,2,2,2,2,2,2,2,2,2,2,2,2,2,2,2,2,1.33946,1.23585,1.18442,1.16017,1.15639,1.17223,1.21161,1.28886,1.51152,2,2,2,2,2,2,2,2,
1.3,3.81461,-5.49771,-0.0876004,2,2,2,2,2,2,2,2,2,2,2,2,2,2,2,2,2,2,2,2,2,2,2,2,2,2,2,2,2,2,2,2,2,2,2,2,2,2,2,2,2,2,2,2,2,2,2,2,2,2,2,2,2,2,2,2,2,2,2,2,2,2,2,2,2,2,2,2,2,2,2,1.49755,1.32275,1.25157,1.21637,1.20493,1.21437,1.24704,1.31375,1.46738,2,2,2,2,2,2,2,2,2,2,
1.4,3.88932,-5.50427,0.0623996,2,2,2,2,2,2,2,2,2,2,2,2,2,2,2,2,2,2,2,2,2,2,2,2,2,2,2,2,2,2,2,2,2,2,2,2,2,2,2,2,2,2,2,2,2,2,2,2,2,2,2,2,2,2,2,2,2,2,2,2,2,2,2,2,2,2,2,2,2,2,1.42356,1.32051,1.2706,1.2495,1.25106,1.27568,1.33085,1.44732,2,2,2,2,2,2,2,2,2,2,2,2,
1.5,3.96417,-5.4996,0.2124,2,2,2,2,2,2,2,2,2,2,2,2,2,2,2,2,2,2,2,2,2,2,2,2,2,2,2,2,2,2,2,2,2,2,2,2,2,2,2,2,2,2,2,2,2,2,2,2,2,2,2,2,2,2,2,2,2,2,2,2,2,2,2,2,2,2,2,2,1.56744,1.39459,1.32409,1.29088,1.28312,1.29871,1.3421,1.43197,2,2,2,2,2,2,2,2,2,2,2,2,2,2,
1.6,4.03749,-5.48379,0.3624,2,2,2,2,2,2,2,2,2,2,2,2,2,2,2,2,2,2,2,2,2,2,2,2,2,2,2,2,2,2,2,2,2,2,2,2,2,2,2,2,2,2,2,2,2,2,2,2,2,2,2,2,2,2,2,2,2,2,2,2,2,2,2,2,2,2,2,1.48098,1.37856,1.32994,1.31133,1.31707,1.34879,1.41777,1.58425,2,2,2,2,2,2,2,2,2,2,2,2,2,2,2,
1.7,4.10761,-5.4572,0.5124,2,2,2,2,2,2,2,2,2,2,2,2,2,2,2,2,2,2,2,2,2,2,2,2,2,2,2,2,2,2,2,2,2,2,2,2,2,2,2,2,2,2,2,2,2,2,2,2,2,2,2,2,2,2,2,2,2,2,2,2,2,2,2,2,2,1.60469,1.43683,1.36769,1.33634,1.33147,1.3517,1.40338,1.51397,2,2,2,2,2,2,2,2,2,2,2,2,2,2,2,2,2,
1.8,4.17298,-5.42043,0.6624,2,2,2,2,2,2,2,2,2,2,2,2,2,2,2,2,2,2,2,2,2,2,2,2,2,2,2,2,2,2,2,2,2,2,2,2,2,2,2,2,2,2,2,2,2,2,2,2,2,2,2,2,2,2,2,2,2,2,2,2,2,2,2,2,1.5046,1.40539,1.35876,1.3424,1.3513,1.38805,1.46724,1.70524,2,2,2,2,2,2,2,2,2,2,2,2,2,2,2,2,2,2,
1.9,4.23212,-5.3743,0.8124,2,2,2,2,2,2,2,2,2,2,2,2,2,2,2,2,2,2,2,2,2,2,2,2,2,2,2,2,2,2,2,2,2,2,2,2,2,2,2,2,2,2,2,2,2,2,2,2,2,2,2,2,2,2,2,2,2,2,2,2,2,2,1.59912,1.44488,1.37914,1.35018,1.34779,1.37127,1.42836,1.55402,2,2,2,2,2,2,2,2,2,2,2,2,2,2,2,2,2,2,2,2,
2,4.2837,-5.31986,0.9624,2,2,2,2,2,2,2,2,2,2,2,2,2,2,2,2,2,2,2,2,2,2,2,2,2,2,2,2,2,2,2,2,2,2,2,2,2,2,2,2,2,2,2,2,2,2,2,2,2,2,2,2,2,2,2,2,2,2,2,2,2,1.48952,1.39802,1.35496,1.3412,1.35259,1.39251,1.4777,2,2,2,2,2,2,2,2,2,2,2,2,2,2,2,2,2,2,2,2,2,2,
2.1,4.32657,-5.25831,1.1124,2,2,2,2,2,2,2,2,2,2,2,2,2,2,2,2,2,2,2,2,2,2,2,2,2,2,2,2,2,2,2,2,2,2,2,2,2,2,2,2,2,2,2,2,2,2,2,2,2,2,2,2,2,2,2,2,2,2,2,1.54754,1.41603,1.35672,1.33137,1.33157,1.35736,1.41736,1.55102,2,2,2,2,2,2,2,2,2,2,2,2,2,2,2,2,2,2,2,2,2,2,2,
2.2,4.35976,-5.19106,1.2624,2,2,2,2,2,2,2,2,2,2,2,2,2,2,2,2,2,2,2,2,2,2,2,2,2,2,2,2,2,2,2,2,2,2,2,2,2,2,2,2,2,2,2,2,2,2,2,2,2,2,2,2,2,2,2,2,2,1.66783,1.43405,1.35526,1.31799,1.3077,1.32148,1.36334,1.45101,2,2,2,2,2,2,2,2,2,2,2,2,2,2,2,2,2,2,2,2,2,2,2,2,2,
2.3,4.38252,-5.11959,1.4124,2,2,2,2,2,2,2,2,2,2,2,2,2,2,2,2,2,2,2,2,2,2,2,2,2,2,2,2,2,2,2,2,2,2,2,2,2,2,2,2,2,2,2,2,2,2,2,2,2,2,2,2,2,2,2,2,1.4536,1.35011,1.30052,1.28041,1.28381,1.31163,1.37296,1.50901,2,2,2,2,2,2,2,2,2,2,2,2,2,2,2,2,2,2,2,2,2,2,2,2,2,2,
2.4,4.39435,-5.04553,1.5624,2,2,2,2,2,2,2,2,2,2,2,2,2,2,2,2,2,2,2,2,2,2,2,2,2,2,2,2,2,2,2,2,2,2,2,2,2,2,2,2,2,2,2,2,2,2,2,2,2,2,2,2,2,2,1.47829,1.34046,1.27823,1.24903,1.24345,1.26004,1.3034,1.39167,2,2,2,2,2,2,2,2,2,2,2,2,2,2,2,2,2,2,2,2,2,2,2,2,2,2,2,2,
2.5,4.39498,-4.97054,1.69272,2,2,2,2,2,2,2,2,2,2,2,2,2,2,2,2,2,2,2,2,2,2,2,2,2,2,2,2,2,2,2,2,2,2,2,2,2,2,2,2,2,2,2,2,2,2,2,2,2,2,2,2,2,1.35776,1.26612,1.22045,1.20112,1.20291,1.22625,1.27777,1.38306,2,2,2,2,2,2,2,2,2,2,2,2,2,2,2,2,2,2,2,2,2,2,2,2,2,2,2,2,2,
2.6,4.38586,-4.89609,1.80096,2,2,2,2,2,2,2,2,2,2,2,2,2,2,2,2,2,2,2,2,2,2,2,2,2,2,2,2,2,2,2,2,2,2,2,2,2,2,2,2,2,2,2,2,2,2,2,2,2,2,2,1.56531,1.28847,1.20901,1.16841,1.15156,1.15424,1.17707,1.2262,1.32405,2,2,2,2,2,2,2,2,2,2,2,2,2,2,2,2,2,2,2,2,2,2,2,2,2,2,2,2,2,2,
2.7,4.36875,-4.82307,1.89089,2,2,2,2,2,2,2,2,2,2,2,2,2,2,2,2,2,2,2,2,2,2,2,2,2,2,2,2,2,2,2,2,2,2,2,2,2,2,2,2,2,2,2,2,2,2,2,2,2,2,2,1.24182,1.16104,1.11893,1.09979,1.09896,1.11626,1.15582,1.2315,1.44073,2,2,2,2,2,2,2,2,2,2,2,2,2,2,2,2,2,2,2,2,2,2,2,2,2,2,2,2,2,2,
2.8,4.34515,-4.75188,1.96564,2,2,2,2,2,2,2,2,2,2,2,2,2,2,2,2,2,2,2,2,2,2,2,2,2,2,2,2,2,2,2,2,2,2,2,2,2,2,2,2,2,2,2,2,2,2,2,2,2,2,1.21506,1.12157,1.07292,1.04814,1.04106,1.05021,1.0775,1.13004,1.23323,2,2,2,2,2,2,2,2,2,2,2,2,2,2,2,2,2,2,2,2,2,2,2,2,2,2,2,2,2,2,2,
2.9,4.3163,-4.68265,2.0278,2,2,2,2,2,2,2,2,2,2,2,2,2,2,2,2,2,2,2,2,2,2,2,2,2,2,2,2,2,2,2,2,2,2,2,2,2,2,2,2,2,2,2,2,2,2,2,2,2,1.22023,1.09354,1.03287,0.999677,0.984609,0.984612,0.999685,1.03289,1.09357,1.22031,2,2,2,2,2,2,2,2,2,2,2,2,2,2,2,2,2,2,2,2,2,2,2,2,2,2,2,2,2,2,2,
3,4.28321,-4.61535,2.0795,2,2,2,2,2,2,2,2,2,2,2,2,2,2,2,2,2,2,2,2,2,2,2,2,2,2,2,2,2,2,2,2,2,2,2,2,2,2,2,2,2,2,2,2,2,2,2,2,2,1.08457,1.00238,0.957414,0.932908,0.923411,0.927234,0.945034,0.980318,1.04313,1.17777,2,2,2,2,2,2,2,2,2,2,2,2,2,2,2,2,2,2,2,2,2,2,2,2,2,2,2,2,2,2,2,
3.1,4.24668,-4.54984,2.12251,2,2,2,2,2,2,2,2,2,2,2,2,2,2,2,2,2,2,2,2,2,2,2,2,2,2,2,2,2,2,2,2,2,2,2,2,2,2,2,2,2,2,2,2,2,2,2,2,1.12273,0.987464,0.924637,0.88857,0.86911,0.862562,0.867878,0.885903,0.919971,0.979156,1.10005,2,2,2,2,2,2,2,2,2,2,2,2,2,2,2,2,2,2,2,2,2,2,2,2,2,2,2,2,2,2,2,
3.2,4.20737,-4.48597,1.97251,2,2,2,2,2,2,2,2,2,2,2,2,2,2,2,2,2,2,2,2,2,2,2,2,2,2,2,2,2,2,2,2,2,2,2,2,2,2,2,2,2,2,2,2,2,2,2,2,2,2,2,0.959022,0.883791,0.84095,0.815918,0.803636,0.802178,0.811332,0.832481,0.869529,0.932941,1.07243,2,2,2,2,2,2,2,2,2,2,2,2,2,2,2,2,2,2,2,2,2,2,2,2,2,2,2,2,
3.3,4.17804,-4.41694,1.82251,2,2,2,2,2,2,2,2,2,2,2,2,2,2,2,2,2,2,2,2,2,2,2,2,2,2,2,2,2,2,2,2,2,2,2,2,2,2,2,2,2,2,2,2,2,2,2,2,2,2,2,2,2,0.970251,0.864762,0.810229,0.77747,0.758539,0.750277,0.751534,0.762479,0.784685,0.822157,0.885467,1.02676,2,2,2,2,2,2,2,2,2,2,2,2,2,2,2,2,2,2,2,2,2,2,2,2,2,
3.4,4.15936,-4.34431,1.67251,2,2,2,2,2,2,2,2,2,2,2,2,2,2,2,2,2,2,2,2,2,2,2,2,2,2,2,2,2,2,2,2,2,2,2,2,2,2,2,2,2,2,2,2,2,2,2,2,2,2,2,2,2,2,2,2,0.882885,0.804041,0.759123,0.731591,0.71587,0.709616,0.712025,0.7234,0.745302,0.781514,0.84175,0.969816,2,2,2,2,2,2,2,2,2,2,2,2,2,2,2,2,2,2,2,2,2,2,
3.5,4.15175,-4.26969,1.52251,2,2,2,2,2,2,2,2,2,2,2,2,2,2,2,2,2,2,2,2,2,2,2,2,2,2,2,2,2,2,2,2,2,2,2,2,2,2,2,2,2,2,2,2,2,2,2,2,2,2,2,2,2,2,2,2,2,2,1.05122,0.837707,0.768726,0.728051,0.702881,0.688543,0.683026,0.685654,0.696743,0.717756,0.752155,0.808565,0.921606,2,2,2,2,2,2,2,2,2,2,2,2,2,2,2,2,2,2,2,
3.6,4.15537,-4.19478,1.37251,2,2,2,2,2,2,2,2,2,2,2,2,2,2,2,2,2,2,2,2,2,2,2,2,2,2,2,2,2,2,2,2,2,2,2,2,2,2,2,2,2,2,2,2,2,2,2,2,2,2,2,2,2,2,2,2,2,2,2,2,2,0.999102,0.822497,0.755769,0.716096,0.69144,0.677328,0.671817,0.674242,0.684889,0.705131,0.738204,0.792005,0.895952,2,2,2,2,2,2,2,2,2,2,2,2,2,2,2,2,
3.7,4.17014,-4.12125,1.22251,2,2,2,2,2,2,2,2,2,2,2,2,2,2,2,2,2,2,2,2,2,2,2,2,2,2,2,2,2,2,2,2,2,2,2,2,2,2,2,2,2,2,2,2,2,2,2,2,2,2,2,2,2,2,2,2,2,2,2,2,2,2,2,2,2,0.832159,0.763025,0.72225,0.696942,0.682403,0.676601,0.678828,0.689352,0.709533,0.742606,0.79648,0.900587,2,2,2,2,2,2,2,2,2,2,2,2,2,
3.8,4.19574,-4.05075,1.07251,2,2,2,2,2,2,2,2,2,2,2,2,2,2,2,2,2,2,2,2,2,2,2,2,2,2,2,2,2,2,2,2,2,2,2,2,2,2,2,2,2,2,2,2,2,2,2,2,2,2,2,2,2,2,2,2,2,2,2,2,2,2,2,2,2,2,2,2,0.86192,0.787609,0.744589,0.718094,0.70296,0.696993,0.699443,0.710611,0.731998,0.767209,0.825349,0.944806,2,2,2,2,2,2,2,2,2,2,
3.9,4.23158,-3.98487,0.92251,2,2,2,2,2,2,2,2,2,2,2,2,2,2,2,2,2,2,2,2,2,2,2,2,2,2,2,2,2,2,2,2,2,2,2,2,2,2,2,2,2,2,2,2,2,2,2,2,2,2,2,2,2,2,2,2,2,2,2,2,2,2,2,2,2,2,2,2,2,2,2,0.905077,0.825286,0.780049,0.75258,0.737247,0.731726,0.735288,0.748397,0.77296,0.813616,0.883133,1.07952,2,2,2,2,2,2,2,
4,4.27687,-3.92509,0.77251,2,2,2,2,2,2,2,2,2,2,2,2,2,2,2,2,2,2,2,2,2,2,2,2,2,2,2,2,2,2,2,2,2,2,2,2,2,2,2,2,2,2,2,2,2,2,2,2,2,2,2,2,2,2,2,2,2,2,2,2,2,2,2,2,2,2,2,2,2,2,2,2,2,2,0.953027,0.870873,0.824855,0.797491,0.783011,0.779127,0.785295,0.802391,0.83325,0.885045,0.982227,2,2,2,2,2,
4.1,4.33058,-3.87274,0.62251,2,2,2,2,2,2,2,2,2,2,2,2,2,2,2,2,2,2,2,2,2,2,2,2,2,2,2,2,2,2,2,2,2,2,2,2,2,2,2,2,2,2,2,2,2,2,2,2,2,2,2,2,2,2,2,2,2,2,2,2,2,2,2,2,2,2,2,2,2,2,2,2,2,2,2,2,2,0.998243,0.919601,0.875477,0.850128,0.83824,0.837872,0.848967,0.87332,0.915919,0.991234,2,2,2,
4.2,4.39151,-3.82901,0.47251,1.18054,2,2,2,2,2,2,2,2,2,2,2,2,2,2,2,2,2,2,2,2,2,2,2,2,2,2,2,2,2,2,2,2,2,2,2,2,2,2,2,2,2,2,2,2,2,2,2,2,2,2,2,2,2,2,2,2,2,2,2,2,2,2,2,2,2,2,2,2,2,2,2,2,2,2,2,2,2,2,1.20655,1.03799,0.968696,0.929704,0.908876,0.901987,0.907871,0.927517,0.964827,1.03089,1.18054,
4.3,4.45829,-3.79488,0.62251,2,2,2,2,2,2,2,2,2,2,2,2,2,2,2,2,2,2,2,2,2,2,2,2,2,2,2,2,2,2,2,2,2,2,2,2,2,2,2,2,2,2,2,2,2,2,2,2,2,2,2,2,2,2,2,2,2,2,2,2,2,2,2,2,2,2,2,2,2,2,2,2,2,2,2,2,2,2,1.14854,1.05699,1.00845,0.982471,0.972836,0.977717,0.998013,1.03811,1.11131,1.30596,2,2,
4.4,4.51923,-3.75115,0.77251,2,2,2,2,2,2,2,2,2,2,2,2,2,2,2,2,2,2,2,2,2,2,2,2,2,2,2,2,2,2,2,2,2,2,2,2,2,2,2,2,2,2,2,2,2,2,2,2,2,2,2,2,2,2,2,2,2,2,2,2,2,2,2,2,2,2,2,2,2,2,2,2,2,2,2,2,1.28632,1.15099,1.08813,1.0546,1.04049,1.04279,1.06194,1.10232,1.17789,1.39127,2,2,2,2,
4.5,4.57294,-3.6988,0.92251,2,2,2,2,2,2,2,2,2,2,2,2,2,2,2,2,2,2,2,2,2,2,2,2,2,2,2,2,2,2,2,2,2,2,2,2,2,2,2,2,2,2,2,2,2,2,2,2,2,2,2,2,2,2,2,2,2,2,2,2,2,2,2,2,2,2,2,2,2,2,2,2,2,2,2,1.25519,1.16972,1.12543,1.10484,1.10284,1.119,1.15712,1.2302,1.41706,2,2,2,2,2,2,
4.6,4.61822,-3.63902,1.07251,2,2,2,2,2,2,2,2,2,2,2,2,2,2,2,2,2,2,2,2,2,2,2,2,2,2,2,2,2,2,2,2,2,2,2,2,2,2,2,2,2,2,2,2,2,2,2,2,2,2,2,2,2,2,2,2,2,2,2,2,2,2,2,2,2,2,2,2,2,2,2,2,2,1.38265,1.25546,1.19567,1.16616,1.15806,1.16946,1.20309,1.26986,1.42271,2,2,2,2,2,2,2,2,
4.7,4.65407,-3.57314,1.22251,2,2,2,2,2,2,2,2,2,2,2,2,2,2,2,2,2,2,2,2,2,2,2,2,2,2,2,2,2,2,2,2,2,2,2,2,2,2,2,2,2,2,2,2,2,2,2,2,2,2,2,2,2,2,2,2,2,2,2,2,2,2,2,2,2,2,2,2,2,2,2,2,1.35004,1.26668,1.22511,1.20896,1.21394,1.24128,1.29929,1.42252,2,2,2,2,2,2,2,2,2,2,
4.8,4.67966,-3.50264,1.37251,2,2,2,2,2,2,2,2,2,2,2,2,2,2,2,2,2,2,2,2,2,2,2,2,2,2,2,2,2,2,2,2,2,2,2,2,2,2,2,2,2,2,2,2,2,2,2,2,2,2,2,2,2,2,2,2,2,2,2,2,2,2,2,2,2,2,2,2,2,2,1.46596,1.34082,1.28266,1.25621,1.2532,1.27284,1.32079,1.4194,2,2,2,2,2,2,2,2,2,2,2,2,
4.9,4.69444,-3.42911,1.52251,2,2,2,2,2,2,2,2,2,2,2,2,2,2,2,2,2,2,2,2,2,2,2,2,2,2,2,2,2,2,2,2,2,2,2,2,2,2,2,2,2,2,2,2,2,2,2,2,2,2,2,2,2,2,2,2,2,2,2,2,2,2,2,2,2,2,2,2,2,1.42265,1.34023,1.30065,1.28804,1.29887,1.33614,1.41416,1.63958,2,2,2,2,2,2,2,2,2,2,2,2,2,
5,4.69806,-3.3542,1.67251,2,2,2,2,2,2,2,2,2,2,2,2,2,2,2,2,2,2,2,2,2,2,2,2,2,2,2,2,2,2,2,2,2,2,2,2,2,2,2,2,2,2,2,2,2,2,2,2,2,2,2,2,2,2,2,2,2,2,2,2,2,2,2,2,2,2,2,1.52355,1.39999,1.34322,1.31922,1.32025,1.34661,1.40704,1.54158,2,2,2,2,2,2,2,2,2,2,2,2,2,2,2,
5.1,4.69044,-3.27959,1.82251,2,2,2,2,2,2,2,2,2,2,2,2,2,2,2,2,2,2,2,2,2,2,2,2,2,2,2,2,2,2,2,2,2,2,2,2,2,2,2,2,2,2,2,2,2,2,2,2,2,2,2,2,2,2,2,2,2,2,2,2,2,2,2,2,2,1.72913,1.46581,1.3851,1.34744,1.3377,1.35302,1.39806,1.49359,2,2,2,2,2,2,2,2,2,2,2,2,2,2,2,2,2,
5.2,4.67176,-3.20695,1.94969,2,2,2,2,2,2,2,2,2,2,2,2,2,2,2,2,2,2,2,2,2,2,2,2,2,2,2,2,2,2,2,2,2,2,2,2,2,2,2,2,2,2,2,2,2,2,2,2,2,2,2,2,2,2,2,2,2,2,2,2,2,2,2,2,1.62529,1.45603,1.38673,1.35576,1.3518,1.3737,1.42861,1.54838,2,2,2,2,2,2,2,2,2,2,2,2,2,2,2,2,2,2,
5.3,4.64402,-3.13727,2.05559,2,2,2,2,2,2,2,2,2,2,2,2,2,2,2,2,2,2,2,2,2,2,2,2,2,2,2,2,2,2,2,2,2,2,2,2,2,2,2,2,2,2,2,2,2,2,2,2,2,2,2,2,2,2,2,2,2,2,2,2,2,2,2,1.6637,1.47062,1.39682,1.36338,1.35757,1.37768,1.43019,1.54398,2,2,2,2,2,2,2,2,2,2,2,2,2,2,2,2,2,2,2,
5.4,4.60907,-3.07091,2.1438,2,2,2,2,2,2,2,2,2,2,2,2,2,2,2,2,2,2,2,2,2,2,2,2,2,2,2,2,2,2,2,2,2,2,2,2,2,2,2,2,2,2,2,2,2,2,2,2,2,2,2,2,2,2,2,2,2,2,2,2,2,2,2,1.51128,1.41653,1.37227,1.35807,1.3696,1.41031,1.49777,2,2,2,2,2,2,2,2,2,2,2,2,2,2,2,2,2,2,2,2,
5.5,4.56841,-3.00789,2.21732,2,2,2,2,2,2,2,2,2,2,2,2,2,2,2,2,2,2,2,2,2,2,2,2,2,2,2,2,2,2,2,2,2,2,2,2,2,2,2,2,2,2,2,2,2,2,2,2,2,2,2,2,2,2,2,2,2,2,2,2,2,2,1.61113,1.45514,1.38905,1.36012,1.35806,1.38226,1.44086,1.57133,2,2,2,2,2,2,2,2,2,2,2,2,2,2,2,2,2,2,2,2,
5.6,4.52323,-2.94803,2.27862,2,2,2,2,2,2,2,2,2,2,2,2,2,2,2,2,2,2,2,2,2,2,2,2,2,2,2,2,2,2,2,2,2,2,2,2,2,2,2,2,2,2,2,2,2,2,2,2,2,2,2,2,2,2,2,2,2,2,2,2,2,2,1.539,1.42516,1.37253,1.35219,1.35762,1.3904,1.46282,1.64774,2,2,2,2,2,2,2,2,2,2,2,2,2,2,2,2,2,2,2,2,
5.7,4.47446,-2.89104,2.32976,2,2,2,2,2,2,2,2,2,2,2,2,2,2,2,2,2,2,2,2,2,2,2,2,2,2,2,2,2,2,2,2,2,2,2,2,2,2,2,2,2,2,2,2,2,2,2,2,2,2,2,2,2,2,2,2,2,2,2,2,2,2,1.50653,1.4077,1.36129,1.34517,1.35438,1.39163,1.47188,1.72534,2,2,2,2,2,2,2,2,2,2,2,2,2,2,2,2,2,2,2,2,
5.8,4.42285,-2.83663,2.37243,2,2,2,2,2,2,2,2,2,2,2,2,2,2,2,2,2,2,2,2,2,2,2,2,2,2,2,2,2,2,2,2,2,2,2,2,2,2,2,2,2,2,2,2,2,2,2,2,2,2,2,2,2,2,2,2,2,2,2,2,2,2,1.4933,1.39811,1.35324,1.33805,1.34793,1.38579,1.46687,1.74067,2,2,2,2,2,2,2,2,2,2,2,2,2,2,2,2,2,2,2,2,
5.9,4.36896,-2.78446,2.40804,2,2,2,2,2,2,2,2,2,2,2,2,2,2,2,2,2,2,2,2,2,2,2,2,2,2,2,2,2,2,2,2,2,2,2,2,2,2,2,2,2,2,2,2,2,2,2,2,2,2,1.99872,2,2,2,2,2,2,2,2,2,2,2,1.49451,1.395,1.34803,1.33111,1.3391,1.37431,1.45021,1.65682,2,2,2,2,2,2,2,2,2,2,2,2,2,2,2,2,2,2,2,2,
6,4.31325,-2.73425,2.43778,2,2,2,2,2,2,2,2,2,2,2,2,2,2,2,2,2,2,2,2,2,2,2,2,2,2,2,2,2,2,2,2,2,2,2,2,2,2,2,2,2,2,2,2,2,2,2,2,2,1.95737,1.9273,1.94573,2,2,2,2,2,2,2,2,2,2,1.51075,1.39859,1.34618,1.32528,1.32934,1.35948,1.42635,1.58418,2,2,2,2,2,2,2,2,2,2,2,2,2,2,2,2,2,2,2,2,
6.1,4.25607,-2.68571,2.46262,2,2,2,2,2,2,2,2,2,2,2,2,2,2,2,2,2,2,2,2,2,2,2,2,2,2,2,2,2,2,2,2,2,2,2,2,2,2,2,2,2,2,2,2,2,2,2,2,1.9531,1.87778,1.85807,1.88359,1.96835,2,2,2,2,2,2,2,2,2,1.54811,1.41022,1.34877,1.3218,1.32027,1.34376,1.3998,1.52136,2,2,2,2,2,2,2,2,2,2,2,2,2,2,2,2,2,2,2,2,
6.2,4.19771,-2.63861,2.48337,2,2,2,2,2,2,2,2,2,2,2,2,2,2,2,2,2,2,2,2,2,2,2,2,2,2,2,2,2,2,2,2,2,2,2,2,2,2,2,2,2,2,2,2,2,2,2,2,1.86457,1.80256,1.78929,1.81847,1.9056,2,2,2,2,2,2,2,2,2,1.63418,1.43252,1.35726,1.32202,1.3135,1.32929,1.37406,1.46803,2,2,2,2,2,2,2,2,2,2,2,2,2,2,2,2,2,2,2,2,
6.3,4.13838,-2.59274,2.50072,2,2,2,2,2,2,2,2,2,2,2,2,2,2,2,2,2,2,2,2,2,2,2,2,2,2,2,2,2,2,2,2,2,2,2,2,2,2,2,2,2,2,2,2,2,2,2,1.91849,1.78331,1.72982,1.72022,1.75033,1.83527,2,2,2,2,2,2,2,2,2,2,1.47053,1.37359,1.3274,1.3105,1.31784,1.35151,1.42384,1.60709,2,2,2,2,2,2,2,2,2,2,2,2,2,2,2,2,2,2,2,
6.4,4.07826,-2.54789,2.51522,2,2,2,2,2,2,2,2,2,2,2,2,2,2,2,2,2,2,2,2,2,2,2,2,2,2,2,2,2,2,2,2,2,2,2,2,2,2,2,2,2,2,2,2,2,2,2,1.82407,1.70665,1.65859,1.65064,1.67959,1.75892,2,2,2,2,2,2,2,2,2,2,1.53689,1.40061,1.33954,1.31259,1.3108,1.33367,1.38844,1.50613,2,2,2,2,2,2,2,2,2,2,2,2,2,2,2,2,2,2,2,
6.5,4.0175,-2.50393,2.52735,2,2,2,2,2,2,2,2,2,2,2,2,2,2,2,2,2,2,2,2,2,2,2,2,2,2,2,2,2,2,2,2,2,2,2,2,2,2,2,2,2,2,2,2,2,2,2,1.73929,1.63316,1.58841,1.58065,1.60693,1.67845,1.86925,2,2,2,2,2,2,2,2,2,2,1.44317,1.36044,1.32112,1.30929,1.32158,1.36151,1.44542,2,2,2,2,2,2,2,2,2,2,2,2,2,2,2,2,2,2,2,
6.6,3.95621,-2.4607,2.53751,2,2,2,2,2,2,2,2,2,2,2,2,2,2,2,2,2,2,2,2,2,2,2,2,2,2,2,2,2,2,2,2,2,2,2,2,2,2,2,2,2,2,2,2,2,2,2,1.66072,1.56199,1.51908,1.51045,1.53309,1.59569,1.7461,2,2,2,2,2,2,2,2,2,2,1.51248,1.39294,1.33755,1.31435,1.31595,1.3428,1.40384,1.54016,2,2,2,2,2,2,2,2,2,2,2,2,2,2,2,2,2,2,
6.7,3.89448,-2.4181,2.546,2,2,2,2,2,2,2,2,2,2,2,2,2,2,2,2,2,2,2,2,2,2,2,2,2,2,2,2,2,2,2,2,2,2,2,2,2,2,2,2,2,2,2,2,2,2,2,1.58655,1.49268,1.45054,1.44034,1.45875,1.51211,1.6318,2,2,2,2,2,2,2,2,2,2,1.66959,1.44208,1.36382,1.32704,1.3174,1.33218,1.37571,1.46722,2,2,2,2,2,2,2,2,2,2,2,2,2,2,2,2,2,2,
6.8,3.83239,-2.37603,2.55312,2,2,2,2,2,2,2,2,2,2,2,2,2,2,2,2,2,2,2,2,2,2,2,2,2,2,2,2,2,2,2,2,2,2,2,2,2,2,2,2,2,2,2,2,2,2,2,1.51572,1.42493,1.38282,1.37059,1.3845,1.42885,1.5243,2,2,2,2,2,2,2,2,2,2,2,1.51962,1.40284,1.34866,1.32659,1.3296,1.35854,1.42345,1.5737,2,2,2,2,2,2,2,2,2,2,2,2,2,2,2,2,2,
6.9,3.77001,-2.3344,2.55908,2,2,2,2,2,2,2,2,2,2,2,2,2,2,2,2,2,2,2,2,2,2,2,2,2,2,2,2,2,2,2,2,2,2,2,2,2,2,2,2,2,2,2,2,2,2,2,1.44762,1.35861,1.31599,1.30145,1.31081,1.34667,1.42261,1.62916,2,2,2,2,2,2,2,2,2,2,1.695,1.46002,1.38108,1.34431,1.3352,1.35109,1.3968,1.49369,2,2,2,2,2,2,2,2,2,2,2,2,2,2,2,2,2,
7,3.70738,-2.29314,2.56408,2,2,2,2,2,2,2,2,2,2,2,2,2,2,2,2,2,2,2,2,2,2,2,2,2,2,2,2,2,2,2,2,2,2,2,2,2,2,2,2,2,2,2,2,2,2,2,1.38188,1.29364,1.25012,1.23315,1.23806,1.2661,1.3261,1.45621,2,2,2,2,2,2,2,2,2,2,2,1.54893,1.42735,1.37174,1.3493,1.35268,1.38287,1.45074,1.61363,2,2,2,2,2,2,2,2,2,2,2,2,2,2,2,2,
7.1,3.64454,-2.25219,2.56827,2,2,2,2,2,2,2,2,2,2,2,2,2,2,2,2,2,2,2,2,2,2,2,2,2,2,2,2,2,2,2,2,2,2,2,2,2,2,2,2,2,2,2,2,2,2,2,1.31828,1.23,1.18532,1.16587,1.16654,1.18749,1.23431,1.32728,2,2,2,2,2,2,2,2,2,2,2,2,1.49348,1.41073,1.37253,1.36309,1.37959,1.4272,1.52948,2,2,2,2,2,2,2,2,2,2,2,2,2,2,2,2,
7.2,3.58153,-2.21151,2.57179,2,2,2,2,2,2,2,2,2,2,2,2,2,2,2,2,2,2,2,2,2,2,2,2,2,2,2,2,2,2,2,2,2,2,2,2,2,2,2,2,2,2,2,2,2,2,2,1.25675,1.16771,1.12168,1.09977,1.09646,1.11105,1.14689,1.21555,1.37642,2,2,2,2,2,2,2,2,2,2,2,1.59589,1.4645,1.40595,1.38242,1.38587,1.41734,1.48871,1.66905,2,2,2,2,2,2,2,2,2,2,2,2,2,2,2,
7.3,3.51838,-2.17105,2.57474,2,2,2,2,2,2,2,2,2,2,2,2,2,2,2,2,2,2,2,2,2,2,2,2,2,2,2,2,2,2,2,2,2,2,2,2,2,2,2,2,2,2,2,2,2,2,2,1.19733,1.10682,1.05929,1.035,1.02801,1.03693,1.06355,1.11465,1.21382,2,2,2,2,2,2,2,2,2,2,2,2,1.53979,1.45142,1.41115,1.40123,1.41854,1.46877,1.57883,2,2,2,2,2,2,2,2,2,2,2,2,2,2,2,
7.4,3.45511,-2.13077,2.57721,2,2,2,2,2,2,2,2,2,2,2,2,2,2,2,2,2,2,2,2,2,2,2,2,2,2,2,2,2,2,2,2,2,2,2,2,2,2,2,2,2,2,2,2,2,2,2,1.14017,1.04742,0.998271,0.971699,0.961332,0.96522,0.984066,1.0218,1.09013,1.25043,2,2,2,2,2,2,2,2,2,2,2,1.65669,1.51233,1.45028,1.42562,1.42945,1.46299,1.53977,1.75538,2,2,2,2,2,2,2,2,2,2,2,2,2,2,
7.5,3.39174,-2.09066,2.5793,2,2,2,2,2,2,2,2,2,2,2,2,2,2,2,2,2,2,2,2,2,2,2,2,2,2,2,2,2,2,2,2,2,2,2,2,2,2,2,2,2,2,2,2,2,2,2,1.08556,0.98963,0.938732,0.909981,0.896538,0.895994,0.908262,0.935505,0.983985,1.0738,2,2,2,2,2,2,2,2,2,2,2,2,1.59609,1.50164,1.45942,1.44944,1.4684,1.52292,1.6461,2,2,2,2,2,2,2,2,2,2,2,2,2,2,
7.6,3.32829,-2.05067,2.7293,2,2,2,2,2,2,2,2,2,2,2,2,2,2,2,2,2,2,2,2,2,2,2,2,2,2,2,2,2,2,2,2,2,2,2,2,2,2,2,2,2,2,2,2,2,1.01968,0.926946,0.87693,0.847774,0.832801,0.829478,0.837307,0.857497,0.893805,0.956367,1.09109,2,2,2,2,2,2,2,2,2,2,2,1.70053,1.55969,1.49951,1.47753,1.48561,1.52648,1.61946,2,2,2,2,2,2,2,2,2,2,2,2,2,2,2,2,
7.7,3.25958,-2.02062,2.8793,2,2,2,2,2,2,2,2,2,2,2,2,2,2,2,2,2,2,2,2,2,2,2,2,2,2,2,2,2,2,2,2,2,2,2,2,2,2,2,2,2,2,2,0.934511,0.852816,0.806898,0.77935,0.764408,0.759747,0.76473,0.780039,0.808073,0.854777,0.938379,2,2,2,2,2,2,2,2,2,2,2,2,1.62266,1.53811,1.50207,1.4985,1.52619,1.59617,1.77498,2,2,2,2,2,2,2,2,2,2,2,2,2,2,2,2,2,
7.8,3.18714,-2.00117,3.0293,2,2,2,2,2,2,2,2,2,2,2,2,2,2,2,2,2,2,2,2,2,2,2,2,2,2,2,2,2,2,2,2,2,2,2,2,2,2,2,2,1.00109,0.834956,0.768918,0.729655,0.705446,0.691909,0.687166,0.690638,0.702744,0.72512,0.761609,0.822062,0.952223,2,2,2,2,2,2,2,2,2,2,2,1.69805,1.57646,1.52363,1.50757,1.52247,1.57367,1.69116,2,2,2,2,2,2,2,2,2,2,2,2,2,2,2,2,2,2,2,
7.9,3.11261,-1.99277,3.1793,2,2,2,2,2,2,2,2,2,2,2,2,2,2,2,2,2,2,2,2,2,2,2,2,2,2,2,2,2,2,2,2,2,2,2,2,2,2,0.819972,0.728214,0.678516,0.647273,0.627575,0.616478,0.612649,0.615676,0.625882,0.644474,0.674139,0.721069,0.8049,2,2,2,2,2,2,2,2,2,2,2,1.81539,1.61641,1.54266,1.5131,1.51549,1.55066,1.63426,2,2,2,2,2,2,2,2,2,2,2,2,2,2,2,2,2,2,2,2,2,
8,3.03767,-1.9956,3.3293,2,2,2,2,2,2,2,2,2,2,2,2,2,2,2,2,2,2,2,2,2,2,2,2,2,2,2,2,2,2,2,2,2,2,2,0.79865,0.677497,0.621011,0.585818,0.562716,0.548015,0.53995,0.537704,0.541065,0.550351,0.566531,0.591633,0.629989,0.693121,0.871827,2,2,2,2,2,2,2,2,2,2,2,1.6613,1.5596,1.51517,1.50522,1.52626,1.58622,1.72781,2,2,2,2,2,2,2,2,2,2,2,2,2,2,2,2,2,2,2,2,2,2,
8.1,2.96399,-2.00959,3.4793,2,2,2,2,2,2,2,2,2,2,2,2,2,2,2,2,2,2,2,2,2,2,2,2,2,2,2,2,2,2,2,2,0.736823,0.609616,0.553721,0.518758,0.495271,0.479514,0.469661,0.464773,0.464435,0.468619,0.477677,0.492453,0.514599,0.547446,0.599025,0.703394,2,2,2,2,2,2,2,2,2,2,2,1.7195,1.57485,1.5137,1.49147,1.4998,1.54157,1.63701,2,2,2,2,2,2,2,2,2,2,2,2,2,2,2,2,2,2,2,2,2,2,2,2,
8.2,2.89322,-2.03444,3.6293,2,2,2,2,2,2,2,2,2,2,2,2,2,2,2,2,2,2,2,2,2,2,2,2,2,2,2,2,2,0.616563,0.52465,0.477445,0.446842,0.425737,0.411108,0.401414,0.395817,0.393889,0.395491,0.400739,0.41003,0.424155,0.444572,0.474105,0.51924,0.603524,2,2,2,2,2,2,2,2,2,2,2,1.84439,1.58889,1.50839,1.47388,1.47065,1.49766,1.56532,1.73256,2,2,2,2,2,2,2,2,2,2,2,2,2,2,2,2,2,2,2,2,2,2,2,2,2,
8.3,2.82697,-2.06958,3.7793,2,2,2,2,2,2,2,2,2,2,2,2,2,2,2,2,2,2,2,2,2,2,2,2,2,2,0.491232,0.433547,0.398503,0.37454,0.357508,0.345412,0.337162,0.332135,0.329994,0.330601,0.333997,0.340399,0.350258,0.364372,0.384154,0.412303,0.455021,0.535168,2,2,2,2,2,2,2,2,2,2,2,2,1.60238,1.49867,1.4519,1.43816,1.45287,1.50097,1.60769,2,2,2,2,2,2,2,2,2,2,2,2,2,2,2,2,2,2,2,2,2,2,2,2,2,2,2,
8.4,2.76671,-2.11424,3.9293,2,2,2,2,2,2,2,2,2,2,2,2,2,2,2,2,2,2,2,2,2,2,0.447593,0.386102,0.350391,0.326156,0.30877,0.296088,0.286947,0.280664,0.276835,0.275235,0.275773,0.278482,0.283513,0.291176,0.301999,0.316869,0.337351,0.366524,0.412014,0.512527,2,2,2,2,2,2,2,2,2,2,2,2,1.61654,1.48359,1.42481,1.40164,1.40605,1.43939,1.51481,1.7197,2,2,2,2,2,2,2,2,2,2,2,2,2,2,2,2,2,2,2,2,2,2,2,2,2,2,2,2,
8.5,2.7138,-2.16739,4.0793,2,2,2,2,2,2,2,2,2,2,2,2,2,2,2,2,2,2,0.399926,0.341848,0.308203,0.285299,0.268737,0.256478,0.247412,0.240876,0.236468,0.23394,0.233162,0.234095,0.236786,0.241375,0.248119,0.257443,0.270036,0.287067,0.310704,0.345724,0.407887,2,2,2,2,2,2,2,2,2,2,2,2,2,1.63466,1.46173,1.39168,1.36036,1.35626,1.37816,1.43323,1.55364,2,2,2,2,2,2,2,2,2,2,2,2,2,2,2,2,2,2,2,2,2,2,2,2,2,2,2,2,2,2,
8.6,2.66942,-2.22786,4.2293,2,2,2,2,2,2,2,2,2,2,2,2,2,2,0.368756,0.313362,0.281277,0.259396,0.243507,0.231656,0.222774,0.216225,0.211609,0.208677,0.207284,0.207363,0.208919,0.212025,0.216836,0.223616,0.232783,0.245011,0.261433,0.284152,0.317819,0.37797,2,2,2,2,2,2,2,2,2,2,2,2,2,2,1.67685,1.43107,1.35143,1.3136,1.30274,1.31578,1.35648,1.44163,2,2,2,2,2,2,2,2,2,2,2,2,2,2,2,2,2,2,2,2,2,2,2,2,2,2,2,2,2,2,2,2,
8.7,2.63458,-2.29427,4.3793,2,2,2,2,2,2,2,2,2,2,0.378874,0.313918,0.279055,0.255798,0.239056,0.226592,0.217217,0.210228,0.205188,0.201822,0.199961,0.199518,0.200472,0.202868,0.20682,0.212532,0.220329,0.230731,0.244579,0.263351,0.289977,0.331943,0.434536,2,2,2,2,2,2,2,2,2,2,2,2,2,2,2,2,1.38907,1.30294,1.26066,1.24489,1.25131,1.28156,1.3456,1.48987,2,2,2,2,2,2,2,2,2,2,2,2,2,2,2,2,2,2,2,2,2,2,2,2,2,2,2,2,2,2,2,2,2,
8.8,2.61006,-2.36515,4.5293,2,2,2,2,2,2,2,0.361061,0.311211,0.281087,0.260253,0.245038,0.233678,0.225192,0.218987,0.214693,0.212082,0.211023,0.211468,0.213436,0.217023,0.222414,0.229915,0.240013,0.253503,0.271755,0.297427,0.336952,0.41957,2,2,2,2,2,2,2,2,2,2,2,2,2,2,2,2,2,2,1.3332,1.24533,1.20111,1.18238,1.18417,1.20693,1.25695,1.35793,2,2,2,2,2,2,2,2,2,2,2,2,2,2,2,2,2,2,2,2,2,2,2,2,2,2,2,2,2,2,2,2,2,2,2,
8.9,2.59641,-2.4389,4.6793,2,2,2,2,0.401015,0.345909,0.313186,0.290745,0.274485,0.262469,0.253631,0.247334,0.243191,0.240971,0.240558,0.24193,0.245159,0.250417,0.258013,0.268452,0.282567,0.301807,0.328991,0.370983,0.459766,2,2,2,2,2,2,2,2,2,2,2,2,2,2,2,2,2,2,2,2,1.26218,1.17828,1.13489,1.11517,1.11423,1.13185,1.17232,1.25027,1.48911,2,2,2,2,2,2,2,2,2,2,2,2,2,2,2,2,2,2,2,2,2,2,2,2,2,2,2,2,2,2,2,2,2,2,2,2,
9,2.59392,-2.51386,4.82868,2,0.506849,0.417255,0.373432,0.344967,0.324915,0.310382,0.299878,0.292552,0.287902,0.285642,0.285643,0.287904,0.292555,0.299882,0.310388,0.324924,0.344979,0.37345,0.417284,0.506933,2,2,2,2,2,2,2,2,2,2,2,2,2,2,2,2,2,2,2,2,2,1.38677,1.17815,1.10296,1.0628,1.04382,1.04171,1.05605,1.08991,1.15339,1.29112,2,2,2,2,2,2,2,2,2,2,2,2,2,2,2,2,2,2,2,2,2,2,2,2,2,2,2,2,2,2,2,2,2,2,2,2,2,2,
9.1,2.60263,-2.58835,4.94833,0.491698,0.438805,0.405701,0.382887,0.366702,0.355338,0.347798,0.343519,0.342212,0.343793,0.348365,0.356237,0.368006,0.384722,0.408309,0.442714,0.498588,2,2,2,2,2,2,2,2,2,2,2,2,2,2,2,2,2,2,2,2,2,2,2,2,1.12542,1.04269,0.997942,0.974343,0.966527,0.973044,0.995093,1.03755,1.1154,2,2,2,2,2,2,2,2,2,2,2,2,2,2,2,2,2,2,2,2,2,2,2,2,2,2,2,2,2,2,2,2,2,2,2,2,2,2,0.630279,0.491698,
9.2,2.62016,-2.66127,5.04442,0.491814,0.46025,0.438592,0.423663,0.413855,0.408304,0.406577,0.408545,0.414356,0.424464,0.439769,0.461948,0.494337,0.545078,0.651308,2,2,2,2,2,2,2,2,2,2,2,2,2,2,2,2,2,2,2,2,2,2,2,2,1.10689,0.99768,0.942065,0.910434,0.894736,0.892081,0.902036,0.926308,0.970109,1.04909,2,2,2,2,2,2,2,2,2,2,2,2,2,2,2,2,2,2,2,2,2,2,2,2,2,2,2,2,2,2,2,2,2,2,2,2,2,2,0.639406,0.540888,0.491814,
9.3,2.64461,-2.73218,5.12289,0.527739,0.504764,0.48949,0.480162,0.475889,0.476304,0.481442,0.491749,0.508237,0.532888,0.569836,0.629971,0.794311,2,2,2,2,2,2,2,2,2,2,2,2,2,2,2,2,2,2,2,2,2,2,2,2,2,0.972205,0.897281,0.8547,0.830057,0.81836,0.81775,0.828137,0.851145,0.891263,0.961024,1.14111,2,2,2,2,2,2,2,2,2,2,2,2,2,2,2,2,2,2,2,2,2,2,2,2,2,2,2,2,2,2,2,2,2,2,2,2,2,0.733412,0.616442,0.562003,0.527739,
9.4,2.67454,-2.80095,5.18393,0.579735,0.561986,0.551552,0.547303,0.548823,0.556259,0.570368,0.59283,0.627166,0.681999,0.794538,2,2,2,2,2,2,2,2,2,2,2,2,2,2,2,2,2,2,2,2,2,2,2,2,2,0.995884,0.870807,0.810982,0.775263,0.754151,0.743966,0.743273,0.751979,0.771291,0.804434,0.859519,0.966875,2,2,2,2,2,2,2,2,2,2,2,2,2,2,2,2,2,2,2,2,2,2,2,2,2,2,2,2,2,2,2,2,2,2,2,2,2,2,0.721687,0.649451,0.607159,0.579735,
9.5,2.70861,-2.86776,5.2348,0.639542,0.626265,0.620637,0.622031,0.630597,0.647328,0.674539,0.717449,0.791076,2,2,2,2,2,2,2,2,2,2,2,2,2,2,2,2,2,2,2,2,2,2,2,2,2,2,0.870467,0.779353,0.729695,0.698931,0.680277,0.670883,0.669565,0.676168,0.691495,0.717706,0.759783,0.831732,2,2,2,2,2,2,2,2,2,2,2,2,2,2,2,2,2,2,2,2,2,2,2,2,2,2,2,2,2,2,2,2,2,2,2,2,2,2,0.8784,0.75587,0.697819,0.662153,0.639542,
9.6,2.74603,-2.93276,5.27672,0.704738,0.695712,0.695194,0.70312,0.720506,0.749994,0.797882,0.884101,2,2,2,2,2,2,2,2,2,2,2,2,2,2,2,2,2,2,2,2,2,2,2,2,2,2,0.764478,0.693413,0.651576,0.624812,0.608115,0.59923,0.597157,0.601679,0.613277,0.633328,0.664823,0.714783,0.807589,2,2,2,2,2,2,2,2,2,2,2,2,2,2,2,2,2,2,2,2,2,2,2,2,2,2,2,2,2,2,2,2,2,2,2,2,2,2,0.90078,0.805796,0.754763,0.723443,0.704738,
9.7,2.78614,-2.99613,5.3087,0.77406,0.768973,0.77372,0.788958,0.817099,0.864163,0.948743,2,2,2,2,2,2,2,2,2,2,2,2,2,2,2,2,2,2,2,2,2,2,2,2,2,0.796171,0.66931,0.612,0.576379,0.552911,0.537808,0.529259,0.526401,0.528969,0.537201,0.551923,0.574878,0.609698,0.665385,0.783526,2,2,2,2,2,2,2,2,2,2,2,2,2,2,2,2,2,2,2,2,2,2,2,2,2,2,2,2,2,2,2,2,2,2,2,2,2,2,0.95295,0.866257,0.818347,0.789688,0.77406,
9.8,2.82826,-3.05818,5.33592,0.845664,0.844813,0.855556,0.879639,0.921997,0.996927,2,2,2,2,2,2,2,2,2,2,2,2,2,2,2,2,2,2,2,2,2,2,2,2,2,0.657642,0.576248,0.531137,0.501679,0.481707,0.468491,0.460641,0.457455,0.45867,0.464386,0.475091,0.49182,0.516578,0.553542,0.613801,0.797329,2,2,2,2,2,2,2,2,2,2,2,2,2,2,2,2,2,2,2,2,2,2,2,2,2,2,2,2,2,2,2,2,2,2,2,2,2,2,1.01336,0.930538,0.884629,0.858239,0.845664,
9.9,2.87205,-3.11907,5.35721,0.919115,0.922483,0.939655,0.973967,1.03492,1.1623,2,2,2,2,2,2,2,2,2,2,2,2,2,2,2,2,2,2,2,2,2,2,2,0.692866,0.542548,0.486682,0.45195,0.428267,0.411771,0.400572,0.39365,0.390463,0.390778,0.394618,0.402264,0.41433,0.431954,0.457265,0.494747,0.557043,2,2,2,2,2,2,2,2,2,2,2,2,2,2,2,2,2,2,2,2,2,2,2,2,2,2,2,2,2,2,2,2,2,2,2,2,2,2,2,1.08217,0.999181,0.953821,0.928977,0.919115,
10,2.91713,-3.17901,5.37467,0.993722,1.00148,1.02575,1.07225,1.15956,2,2,2,2,2,2,2,2,2,2,2,2,2,2,2,2,2,2,2,2,2,2,2,0.503769,0.438012,0.399944,0.374282,0.356096,0.343113,0.334109,0.328387,0.325557,0.325439,0.328027,0.333483,0.342176,0.354771,0.372431,0.397299,0.433937,0.495807,2,2,2,2,2,2,2,2,2,2,2,2,2,2,2,2,2,2,2,2,2,2,2,2,2,2,2,2,2,2,2,2,2,2,2,2,2,2,2,1.1555,1.07023,1.02464,1.00098,0.993722,
10.1,2.96325,-3.23816,5.38799,1.06907,1.08113,1.11287,1.17352,1.30145,2,2,2,2,2,2,2,2,2,2,2,2,2,2,2,2,2,2,2,2,2,0.449668,0.380777,0.342906,0.317582,0.299481,0.286233,0.276572,0.269761,0.265359,0.263106,0.26288,0.264668,0.268568,0.274804,0.28377,0.296122,0.312974,0.33636,0.370611,0.428702,2,2,2,2,2,2,2,2,2,2,2,2,2,2,2,2,2,2,2,2,2,2,2,2,2,2,2,2,2,2,2,2,2,2,2,2,2,2,2,1.23435,1.14407,1.09714,1.07406,1.06907,
10.2,3.01015,-3.29668,5.39933,1.1449,1.16151,1.20156,1.27972,1.51687,2,2,2,2,2,2,2,2,2,2,2,2,2,2,2,2,2,2,2,0.367801,0.310983,0.278509,0.256451,0.240454,0.228519,0.219558,0.212922,0.208206,0.205157,0.203621,0.203528,0.204873,0.207719,0.212205,0.218571,0.227199,0.238698,0.254079,0.275176,0.305868,0.357644,2,2,2,2,2,2,2,2,2,2,2,2,2,2,2,2,2,2,2,2,2,2,2,2,2,2,2,2,2,2,2,2,2,2,2,2,2,2,2,1.31561,1.21901,1.17031,1.14763,1.1449,
10.3,3.05772,-3.35467,5.40876,1.22104,1.24235,1.29153,1.39182,2,2,2,2,2,2,2,2,2,2,2,2,2,2,2,2,2,0.358366,0.269025,0.232085,0.208657,0.192089,0.179768,0.17038,0.163166,0.157658,0.153551,0.150646,0.148812,0.147973,0.148095,0.149183,0.151281,0.154478,0.15892,0.164828,0.172544,0.182593,0.195839,0.213826,0.239765,0.282766,2,2,2,2,2,2,2,2,2,2,2,2,2,2,2,2,2,2,2,2,2,2,2,2,2,2,2,2,2,2,2,2,2,2,2,2,2,2,2,1.39982,1.29514,1.24413,1.22159,1.22104,
10.4,3.10583,-3.41221,5.41638,1.29733,1.32336,1.38242,1.51181,2,2,2,2,2,2,2,2,2,2,2,2,2,2,0.29504,0.205035,0.172687,0.152615,0.13854,0.128083,0.120062,0.113804,0.108893,0.105056,0.10211,0.099926,0.0984201,0.0975363,0.0972431,0.0975304,0.0984084,0.099908,0.102084,0.105023,0.10885,0.113749,0.119992,0.127993,0.138422,0.152451,0.172445,0.204604,0.292103,2,2,2,2,2,2,2,2,2,2,2,2,2,2,2,2,2,2,2,2,2,2,2,2,2,2,2,2,2,2,2,2,2,2,2,2,2,2,1.48778,1.37265,1.31863,1.29588,1.29732,
10.5,3.15437,-3.46938,5.42265,1.37367,1.40452,1.47435,1.64675,2,2,2,2,2,2,2,2,2,2,2,0.155365,0.120666,0.102094,0.0898442,0.0810361,0.0743929,0.069235,0.0651578,0.0619045,0.0593023,0.0572326,0.0556109,0.0543773,0.0534896,0.0529193,0.0526484,0.052669,0.0529816,0.0535956,0.0545304,0.055816,0.0574971,0.0596366,0.0623227,0.0656809,0.069893,0.0752325,0.0821323,0.0913298,0.104238,0.124169,0.16371,2,2,2,2,2,2,2,2,2,2,2,2,2,2,2,2,2,2,2,2,2,2,2,2,2,2,2,2,2,2,2,2,2,2,2,2,2,2,1.57955,1.45128,1.39362,1.37036,1.37367,
10.6,3.20327,-3.52624,5.42762,1.44995,1.48559,1.56701,1.83999,2,2,2,2,2,2,0.0952353,0.0578206,0.0445341,0.0368557,0.0317446,0.0280809,0.0253313,0.0232029,0.0215195,0.020169,0.0190755,0.0181867,0.0174652,0.0168837,0.0164224,0.0160665,0.0158056,0.0156322,0.0155416,0.0155315,0.0156014,0.0157533,0.0159912,0.0163218,0.0167551,0.0173042,0.0179876,0.0188304,0.0198674,0.0211461,0.0227354,0.0247366,0.0273056,0.0306976,0.0353655,0.0422192,0.0535286,0.0788874,2,2,2,2,2,2,2,2,2,2,2,2,2,2,2,2,2,2,2,2,2,2,2,2,2,2,2,2,2,2,2,2,2,2,2,2,2,1.6767,1.53127,1.46917,1.44501,1.44995,
10.7,3.25246,-3.58286,5.43159,
