0,-5,1,-0.736849,2,2,2,2,2,2,2,2,2,2,2,2,2,2,2,2,2,2,2,2,2,2,2,2,2,2,2,2,2,2,2,2,2,2,2,2,2,2,2,2,2,2,2,2,2,2,2,2,2,2,2,2,2,2,2,2,2,2,2,2,2,2,2,2,2,2,2,2,2,2,2,2,2,2,2,2,2,2,2,2,2,2,2,2,2,2,2,2,2,2,
0.1,-4.94446,0.949603,-0.640336,2,2,2,2,2,2,2,2,2,2,2,2,2,2,2,2,2,2,2,2,2,2,2,2,2,2,2,2,2,2,2,2,2,2,2,2,2,2,2,2,2,2,2,2,2,2,2,2,2,2,2,2,2,2,2,2,2,2,2,2,2,2,2,2,2,2,2,2,2,2,2,2,2,2,2,2,2,2,2,2,2,2,2,2,2,2,2,2,2,2,
0.2,-4.88431,0.904793,-0.559754,2,2,2,2,2,2,2,2,2,2,2,2,2,2,2,2,2,2,2,2,2,2,2,2,2,2,2,2,2,2,2,2,2,2,2,2,2,2,2,2,2,2,2,2,2,2,2,2,2,2,2,2,2,2,2,2,2,2,2,2,2,2,2,2,2,2,2,2,2,2,2,2,2,2,2,2,2,2,2,2,2,2,2,2,2,2,2,2,2,2,
0.3,-4.82076,0.86497,-0.492437,2,2,2,2,2,2,2,2,2,2,2,2,2,2,2,2,2,2,2,2,2,2,2,2,2,2,2,2,2,2,2,2,2,2,2,2,2,2,2,2,2,2,2,2,2,2,2,2,2,2,2,2,2,2,2,2,2,2,2,2,2,2,2,2,2,2,2,2,2,2,2,2,2,2,2,2,2,2,2,2,2,2,2,2,2,2,2,2,2,2,
0.4,-4.75467,0.829512,-0.436175,2,2,2,2,2,2,2,2,2,2,2,2,2,2,2,2,2,2,2,2,2,2,2,2,2,2,2,2,2,2,2,2,2,2,2,2,2,2,2,2,2,2,2,2,2,2,2,2,2,2,2,2,2,2,2,2,2,2,2,2,2,2,2,2,2,2,2,2,2,2,2,2,2,2,2,2,2,2,2,2,2,2,2,2,2,2,2,2,2,2,
0.5,-4.68669,0.797826,-0.389131,2,2,2,2,2,2,2,2,2,2,2,2,2,2,2,2,2,2,2,2,2,2,2,2,2,2,2,2,2,2,2,2,2,2,2,2,2,2,1.96979,1.97297,2,2,2,2,2,2,2,2,2,2,2,2,2,2,2,2,2,2,2,2,2,2,2,2,2,2,2,2,2,2,2,2,2,2,2,2,2,2,2,2,2,2,2,2,2,2,2,2,2,2,
0.6,-4.6173,0.769372,-0.349777,2,2,2,2,2,2,2,2,2,2,2,2,2,2,2,2,2,2,2,2,2,2,2,2,2,2,2,2,2,2,2,2,2,2,2,2,1.96989,1.90825,1.89928,1.93832,2,2,2,2,2,2,2,2,2,2,2,2,2,2,2,2,2,2,2,2,2,2,2,2,2,2,2,2,2,2,2,2,2,2,2,2,2,2,2,2,2,2,2,2,2,2,2,2,2,2,
0.7,-4.54684,0.743671,-0.316843,2,2,2,2,2,2,2,2,2,2,2,2,2,2,2,2,2,2,2,2,2,2,2,2,2,2,2,2,2,2,2,2,2,2,2,1.93234,1.85367,1.83091,1.85215,1.92838,2,2,2,2,2,2,2,2,2,2,2,2,2,2,2,2,2,2,2,2,2,2,2,2,2,2,2,2,2,2,2,2,2,2,2,2,2,2,2,2,2,2,2,2,2,2,2,2,2,2,
0.8,-4.47557,0.720303,-0.289268,2,2,2,2,2,2,2,2,2,2,2,2,2,2,2,2,2,2,2,2,2,2,2,2,2,2,2,2,2,2,2,2,2,2,1.90998,1.80754,1.76949,1.77396,1.82297,1.9496,2,2,2,2,2,2,2,2,2,2,2,2,2,2,2,2,2,2,2,2,2,2,2,2,2,2,2,2,2,2,2,2,2,2,2,2,2,2,2,2,2,2,2,2,2,2,2,2,2,2,
0.9,-4.40369,0.698909,-0.266171,2,2,2,2,2,2,2,2,2,2,2,2,2,2,2,2,2,2,2,2,2,2,2,2,2,2,2,2,2,2,2,2,2,1.91084,1.77141,1.71603,1.70452,1.73188,1.81131,2,2,2,2,2,2,2,2,2,2,2,2,2,2,2,2,2,2,2,2,2,2,2,2,2,2,2,2,2,2,2,2,2,2,2,2,2,2,2,2,2,2,2,2,2,2,2,2,2,2,2,
1,-4.33133,0.679181,-0.246816,2,2,2,2,2,2,2,2,2,2,2,2,2,2,2,2,2,2,2,2,2,2,2,2,2,2,2,2,2,2,2,2,1.97015,1.74743,1.67122,1.64394,1.65317,1.70263,1.82303,2,2,2,2,2,2,2,2,2,2,2,2,2,2,2,2,2,2,2,2,2,2,2,2,2,2,2,2,2,2,2,2,2,2,2,2,2,2,2,2,2,2,2,2,2,2,2,2,2,2,2,
1.1,-4.2586,0.660857,-0.230589,2,2,2,2,2,2,2,2,2,2,2,2,2,2,2,2,2,2,2,2,2,2,2,2,2,2,2,2,2,2,2,2,1.73962,1.6357,1.59208,1.58534,1.61293,1.6868,1.89058,2,2,2,2,2,2,2,2,2,2,2,2,2,2,2,2,2,2,2,2,2,2,2,2,2,2,2,2,2,2,2,2,2,2,2,2,2,2,2,2,2,2,2,2,2,2,2,2,2,2,2,
1.2,-4.18559,0.643716,-0.216977,2,2,2,2,2,2,2,2,2,2,2,2,2,2,2,2,2,2,2,2,2,2,2,2,2,2,2,2,2,2,2,1.75892,1.61048,1.54874,1.52715,1.53737,1.58307,1.68862,2,2,2,2,2,2,2,2,2,2,2,2,2,2,2,2,2,2,2,2,2,2,2,2,2,2,2,2,2,2,2,2,2,2,2,2,2,2,2,2,2,2,2,2,2,2,2,2,2,2,2,2,
1.3,-4.11235,0.62757,-0.205554,2,2,2,2,2,2,2,2,2,2,2,2,2,2,2,2,2,2,2,2,2,2,2,2,2,2,2,2,2,2,2,1.5975,1.51381,1.47761,1.47311,1.49879,1.56446,1.72394,2,2,2,2,2,2,2,2,2,2,2,2,2,2,2,2,2,2,2,2,2,2,2,2,2,2,2,2,2,2,2,2,2,2,2,2,2,2,2,2,2,2,2,2,2,2,2,2,2,2,2,2,
1.4,-4.03893,0.612262,-0.195963,2,2,2,2,2,2,2,2,2,2,2,2,2,2,2,2,2,2,2,2,2,2,2,2,2,2,2,2,2,2,1.60138,1.48747,1.43597,1.41825,1.42835,1.4695,1.56038,2,2,2,2,2,2,2,2,2,2,2,2,2,2,2,2,2,2,2,2,2,2,2,2,2,2,2,2,2,2,2,2,2,2,2,2,2,2,2,2,2,2,2,2,2,2,2,2,2,2,2,2,2,
1.5,-3.96536,0.597659,-0.187905,2,2,2,2,2,2,2,2,2,2,2,2,2,2,2,2,2,2,2,2,2,2,2,2,2,2,2,2,2,1.63764,1.47039,1.40168,1.37144,1.3686,1.39231,1.45057,1.58052,2,2,2,2,2,2,2,2,2,2,2,2,2,2,2,2,2,2,2,2,2,2,2,2,2,2,2,2,2,2,2,2,2,2,2,2,2,2,2,2,2,2,2,2,2,2,2,2,2,2,2,2,2,
1.6,-3.89168,0.583649,-0.181132,2,2,2,2,2,2,2,2,2,2,2,2,2,2,2,2,2,2,2,2,2,2,2,2,2,2,2,2,2,1.46429,1.37442,1.33168,1.3175,1.32772,1.36525,1.44491,1.6902,2,2,2,2,2,2,2,2,2,2,2,2,2,2,2,2,2,2,2,2,2,2,2,2,2,2,2,2,2,2,2,2,2,2,2,2,2,2,2,2,2,2,2,2,2,2,2,2,2,2,2,2,2,
1.7,-3.81791,0.570138,-0.175435,2,2,2,2,2,2,2,2,2,2,2,2,2,2,2,2,2,2,2,2,2,2,2,2,2,2,2,2,1.47351,1.35414,1.29822,1.27365,1.27281,1.29545,1.34846,1.46005,2,2,2,2,2,2,2,2,2,2,2,2,2,2,2,2,2,2,2,2,2,2,2,2,2,2,2,2,2,2,2,2,2,2,2,2,2,2,2,2,2,2,2,2,2,2,2,2,2,2,2,2,2,2,
1.8,-3.74406,0.557047,-0.17064,2,2,2,2,2,2,2,2,2,2,2,2,2,2,2,2,2,2,2,2,2,2,2,2,2,2,2,1.51361,1.34121,1.27054,1.23604,1.2257,1.23685,1.27239,1.3449,1.52755,2,2,2,2,2,2,2,2,2,2,2,2,2,2,2,2,2,2,2,2,2,2,2,2,2,2,2,2,2,2,2,2,2,2,2,2,2,2,2,2,2,2,2,2,2,2,2,2,2,2,2,2,2,2,
1.9,-3.67015,0.544311,-0.166603,2,2,2,2,2,2,2,2,2,2,2,2,2,2,2,2,2,2,2,2,2,2,2,2,2,2,2,1.33665,1.24831,1.20391,1.18512,1.18694,1.2098,1.26008,1.36178,2,2,2,2,2,2,2,2,2,2,2,2,2,2,2,2,2,2,2,2,2,2,2,2,2,2,2,2,2,2,2,2,2,2,2,2,2,2,2,2,2,2,2,2,2,2,2,2,2,2,2,2,2,2,2,
2,-3.59619,0.531874,-0.1632,2,2,2,2,2,2,2,2,2,2,2,2,2,2,2,2,2,2,2,2,2,2,2,2,2,2,1.34297,1.23137,1.17674,1.15016,1.14411,1.1572,1.19256,1.26193,1.42663,2,2,2,2,2,2,2,2,2,2,2,2,2,2,2,2,2,2,2,2,2,2,2,2,2,2,2,2,2,2,2,2,2,2,2,2,2,2,2,2,2,2,2,2,2,2,2,2,2,2,2,2,2,2,2,
2.1,-3.52219,0.519688,-0.16033,2,2,2,2,2,2,2,2,2,2,2,2,2,2,2,2,2,2,2,2,2,2,2,2,2,1.3673,1.21984,1.15416,1.12019,1.10729,1.1125,1.13697,1.18715,1.28619,2,2,2,2,2,2,2,2,2,2,2,2,2,2,2,2,2,2,2,2,2,2,2,2,2,2,2,2,2,2,2,2,2,2,2,2,2,2,2,2,2,2,2,2,2,2,2,2,2,2,2,2,2,2,2,2,
2.2,-3.44815,0.507715,-0.157907,2,2,2,2,2,2,2,2,2,2,2,2,2,2,2,2,2,2,2,2,2,2,2,2,1.47355,1.21414,1.13596,1.09477,1.07575,1.0744,1.09046,1.12757,1.19788,1.36754,2,2,2,2,2,2,2,2,2,2,2,2,2,2,2,2,2,2,2,2,2,2,2,2,2,2,2,2,2,2,2,2,2,2,2,2,2,2,2,2,2,2,2,2,2,2,2,2,2,2,2,2,2,2,2,2,
2.3,-3.37408,0.495921,-0.155861,2,2,2,2,2,2,2,2,2,2,2,2,2,2,2,2,2,2,2,2,2,2,2,2,1.21523,1.12211,1.07363,1.04898,1.04203,1.05134,1.07885,1.13177,1.23599,2,2,2,2,2,2,2,2,2,2,2,2,2,2,2,1.99979,1.93768,1.92953,1.971,2,2,2,2,2,2,2,2,2,2,2,2,2,2,2,2,2,2,2,2,2,2,2,2,2,2,2,2,2,2,2,2,2,2,2,2,2,2,
2.4,-3.29999,0.484279,-0.154132,2,2,2,2,2,2,2,2,2,2,2,2,2,2,2,2,2,2,2,2,2,2,2,1.22513,1.11274,1.05666,1.0267,1.0148,1.01854,1.03864,1.07963,1.15572,1.38052,2,2,2,2,2,2,2,2,2,2,2,2,2,2,2,1.93793,1.87165,1.85791,1.8897,1.98545,2,2,2,2,2,2,2,2,2,2,2,2,2,2,2,2,2,2,2,2,2,2,2,2,2,2,2,2,2,2,2,2,2,2,2,2,2,
2.5,-3.22588,0.472765,-0.152668,2,2,2,2,2,2,2,2,2,2,2,2,2,2,2,2,2,2,2,2,2,2,1.24888,1.10818,1.04388,1.00874,0.99237,0.99136,1.00552,1.03773,1.09688,1.21846,2,2,2,2,2,2,2,2,2,2,2,2,2,2,2,2,1.87739,1.80669,1.78751,1.81044,1.88702,2,2,2,2,2,2,2,2,2,2,2,2,2,2,2,2,2,2,2,2,2,2,2,2,2,2,2,2,2,2,2,2,2,2,2,2,2,
2.6,-3.15175,0.461359,-0.151429,2,2,2,2,2,2,2,2,2,2,2,2,2,2,2,2,2,2,2,2,2,1.30842,1.10907,1.03544,0.995075,0.974529,0.969355,0.978603,1.00401,1.05158,1.14076,2,2,2,2,2,2,2,2,2,2,2,2,2,2,2,2,2,1.8183,1.74289,1.71842,1.73323,1.79393,1.95039,2,2,2,2,2,2,2,2,2,2,2,2,2,2,2,2,2,2,2,2,2,2,2,2,2,2,2,2,2,2,2,2,2,2,2,2,
2.7,-3.07761,0.450045,-0.150378,2,2,2,2,2,2,2,2,2,2,2,2,2,2,2,2,2,2,2,2,2,1.11648,1.03164,0.985789,0.961199,0.952251,0.9573,0.977252,1.01631,1.08693,1.26195,2,2,2,2,2,2,2,2,2,2,2,2,2,2,2,2,2,1.76079,1.68032,1.65071,1.65806,1.70533,1.82088,2,2,2,2,2,2,2,2,2,2,2,2,2,2,2,2,2,2,2,2,2,2,2,2,2,2,2,2,2,2,2,2,2,2,2,2,
2.8,-3.00346,0.438809,-0.149486,2,2,2,2,2,2,2,2,2,2,2,2,2,2,2,2,2,2,2,2,1.13228,1.03297,0.981075,0.952402,0.939901,0.941237,0.956643,0.989103,1.04732,1.16523,2,2,2,2,2,2,2,2,2,2,2,2,2,2,2,2,2,2,1.70506,1.61909,1.58446,1.58493,1.62066,1.70867,2,2,2,2,2,2,2,2,2,2,2,2,2,2,2,2,2,2,2,2,2,2,2,2,2,2,2,2,2,2,2,2,2,2,2,2,
2.9,-2.92929,0.42764,-0.148729,2,2,2,2,2,2,2,2,2,2,2,2,2,2,2,2,2,2,2,1.16024,1.04014,0.981236,0.948243,0.932253,0.930175,0.941653,0.968784,1.01797,1.11017,2,2,2,2,2,2,2,2,2,2,2,2,2,2,2,2,2,2,2,1.65136,1.55931,1.51975,1.51385,1.53955,1.60705,1.77586,2,2,2,2,2,2,2,2,2,2,2,2,2,2,2,2,2,2,2,2,2,2,2,2,2,2,2,2,2,2,2,2,2,2,2,
3,-2.85512,0.416526,-0.148084,2,2,2,2,2,2,2,2,2,2,2,2,2,2,2,2,2,2,1.2108,1.05418,0.986698,0.948913,0.929331,0.923976,0.931922,0.954567,0.996764,1.07303,2,2,2,2,2,2,2,2,2,2,2,2,2,2,2,2,2,2,2,2,1.60007,1.50111,1.45664,1.44482,1.4617,1.51309,1.62799,2,2,2,2,2,2,2,2,2,2,2,2,2,2,2,2,2,2,2,2,2,2,2,2,2,2,2,2,2,2,2,2,2,2,2,
3.1,-2.78094,0.40546,-0.147535,2,2,2,2,2,2,2,2,2,2,2,2,2,2,2,2,2,2,1.07676,0.998052,0.954686,0.931228,0.922576,0.927204,0.945907,0.982423,1.04748,1.1919,2,2,2,2,2,2,2,2,2,2,2,2,2,2,2,2,2,2,2,2,1.55172,1.44465,1.39524,1.37786,1.38694,1.42523,1.50877,2,2,2,2,2,2,2,2,2,2,2,2,2,2,2,2,2,2,2,2,2,2,2,2,2,2,2,2,2,2,2,2,2,2,2,
3.2,-2.70676,0.394435,-0.147068,2,2,2,2,2,2,2,2,2,2,2,2,2,2,2,2,2,1.11078,1.01614,0.965944,0.938104,0.925974,0.927334,0.942418,0.974087,1.03059,1.1429,2,2,2,2,2,2,2,2,2,2,2,2,2,2,2,2,2,2,2,2,2,1.50713,1.39012,1.33565,1.31302,1.31511,1.34249,1.40433,1.54323,2,2,2,2,2,2,2,2,2,2,2,2,2,2,2,2,2,2,2,2,2,2,2,2,2,2,2,2,2,2,2,2,2,2,
3.3,-2.63257,0.383445,-0.146668,2,2,2,2,2,2,2,2,2,2,2,2,2,2,2,2,1.16265,1.04221,0.98322,0.950203,0.934234,0.932221,0.943818,0.971151,1.02071,1.11387,2,2,2,2,2,2,2,2,2,2,2,2,2,2,2,2,2,2,2,2,2,2,1.46775,1.3378,1.27799,1.25035,1.24614,1.26426,1.30983,1.40288,2,2,2,2,2,2,2,2,2,2,2,2,2,2,2,2,2,2,2,2,2,2,2,2,2,2,2,2,2,2,2,2,2,2,
3.4,-2.55837,0.372484,-0.146326,2,2,2,2,2,2,2,2,2,2,2,2,2,2,2,1.25699,1.07832,1.00728,0.967882,0.947493,0.941838,0.949914,0.973175,1.01676,1.09637,2,2,2,2,2,2,2,2,2,2,2,2,2,2,2,2,2,2,2,2,2,2,2,1.43645,1.28803,1.22245,1.18993,1.17997,1.19013,1.2229,1.28892,1.4391,2,2,2,2,2,2,2,2,2,2,2,2,2,2,2,2,2,2,2,2,2,2,2,2,2,2,2,2,2,2,2,2,2,
3.5,-2.48417,0.361549,-0.146034,2,2,2,2,2,2,2,2,2,2,2,2,2,2,2,1.12829,1.03929,0.991666,0.965986,0.956233,0.960592,0.979847,1.01802,1.08705,1.25158,2,2,2,2,2,2,2,2,2,2,2,2,2,2,2,2,2,2,2,2,2,2,2,1.42132,1.24132,1.16923,1.13187,1.11661,1.11982,1.14221,1.18958,1.28224,2,2,2,2,2,2,2,2,2,2,2,2,2,2,2,2,2,2,2,2,2,2,2,2,2,2,2,2,2,2,2,2,2,
3.6,-2.40997,0.350635,-0.145783,2,2,2,2,2,2,2,2,2,2,2,2,2,2,1.20136,1.08114,1.02235,0.990089,0.97555,0.975824,0.990962,1.02401,1.08417,1.20901,2,2,2,2,2,2,2,2,2,2,2,2,2,2,2,2,2,2,2,2,2,2,2,2,2,1.19841,1.11862,1.07633,1.05609,1.05316,1.06694,1.10041,1.16356,1.30014,2,2,2,2,2,2,2,2,2,2,2,2,2,2,2,2,2,2,2,2,2,2,2,2,2,2,2,2,2,2,2,2,
3.7,-2.33577,0.33974,-0.145567,2,2,2,2,2,2,2,2,2,2,2,2,2,1.34999,1.13628,1.06115,1.02038,1.00006,0.995683,1.00642,1.03439,1.08669,1.18818,2,2,2,2,2,2,2,2,2,2,2,2,2,2,2,2,2,2,2,2,2,2,2,2,2,2,1.16051,1.071,1.0235,0.99851,0.990069,0.996554,1.0192,1.06318,1.14483,2,2,2,2,2,2,2,2,2,2,2,2,2,2,2,2,2,2,2,2,2,2,2,2,2,2,2,2,2,2,2,2,
3.8,-2.26156,0.328861,-0.145381,2,2,2,2,2,2,2,2,2,2,2,2,2,1.21234,1.11013,1.05778,1.03022,1.02037,1.02624,1.04898,1.09397,1.17859,2,2,2,2,2,2,2,2,2,2,2,2,2,2,2,2,2,2,2,2,2,2,2,2,2,2,2,1.12977,1.02693,0.973669,0.944003,0.930531,0.930735,0.944652,0.974896,1.02911,1.13464,2,2,2,2,2,2,2,2,2,2,2,2,2,2,2,2,2,2,2,2,2,2,2,2,2,2,2,2,2,2,2,
3.9,-2.18735,0.317996,-0.145221,2,2,2,2,2,2,2,2,2,2,2,2,1.33742,1.17306,1.10374,1.06676,1.05027,1.05058,1.06777,1.10569,1.17677,1.35144,2,2,2,2,2,2,2,2,2,2,2,2,2,2,2,2,2,2,2,2,2,2,2,2,2,2,2,1.1111,0.987222,0.927219,0.89278,0.874606,0.869301,0.876012,0.895828,0.93256,0.996781,1.13821,2,2,2,2,2,2,2,2,2,2,2,2,2,2,2,2,2,2,2,2,2,2,2,2,2,2,2,2,2,2,
4,-2.11314,0.307142,-0.295221,2,2,2,2,2,2,2,2,2,2,2,2,2,2,1.27779,1.16959,1.11553,1.08803,1.0796,1.08846,1.1165,1.1714,1.28193,2,2,2,2,2,2,2,2,2,2,2,2,2,2,2,2,2,2,2,2,2,2,2,2,2,2,2,2,2,0.965498,0.891352,0.849088,0.824572,0.812873,0.812148,0.822289,0.844867,0.88422,0.952334,1.11929,2,2,2,2,2,2,2,2,2,2,2,2,2,2,2,2,2,2,2,2,2,2,2,2,2,2,2,
4.1,-2.04138,0.285321,-0.445221,2,2,2,2,2,2,2,2,2,2,2,2,2,2,2,1.48723,1.2423,1.16417,1.12347,1.10547,1.10583,1.12464,1.16648,1.24688,2,2,2,2,2,2,2,2,2,2,2,2,2,2,2,2,2,2,2,2,2,2,2,2,2,2,2,2,2,2,0.987984,0.87935,0.823833,0.790661,0.771639,0.763542,0.765223,0.776913,0.80034,0.839911,0.907632,1.07684,2,2,2,2,2,2,2,2,2,2,2,2,2,2,2,2,2,2,2,2,2,2,2,2,
4.2,-1.9737,0.253022,-0.595221,2,2,2,2,2,2,2,2,2,2,2,2,2,2,2,2,2,1.33272,1.21421,1.1569,1.12815,1.11969,1.12963,1.16021,1.22053,1.34842,2,2,2,2,2,2,2,2,2,2,2,2,2,2,2,2,2,2,2,2,2,2,2,2,2,2,2,2,2,2,2,0.908891,0.825232,0.778397,0.749896,0.733722,0.727395,0.730078,0.742117,0.765223,0.803577,0.868287,1.01934,2,2,2,2,2,2,2,2,2,2,2,2,2,2,2,2,2,2,2,2,2,
4.3,-1.91159,0.21097,-0.745221,2,2,2,2,2,2,2,2,2,2,2,2,2,2,2,2,2,2,2,1.26894,1.18898,1.14776,1.12995,1.13115,1.15162,1.19659,1.28433,2,2,2,2,2,2,2,2,2,2,2,2,2,2,2,2,2,2,2,2,2,2,2,2,2,2,2,2,2,2,2,2,2,0.870803,0.796082,0.752919,0.726434,0.711443,0.705753,0.708641,0.720469,0.742865,0.779733,0.841188,0.975292,2,2,2,2,2,2,2,2,2,2,2,2,2,2,2,2,2,2,
4.4,-1.85647,0.16011,-0.895221,2,2,2,2,2,2,2,2,2,2,2,2,2,2,2,2,2,2,2,2,1.33686,1.22092,1.16458,1.13662,1.12904,1.14012,1.17245,1.236,1.37543,2,2,2,2,2,2,2,2,2,2,2,2,2,2,2,2,2,2,2,2,2,2,2,2,2,2,2,2,2,2,2,2,2,2,0.862061,0.788849,0.746326,0.720175,0.705342,0.699685,0.702488,0.714101,0.736102,0.772269,0.832275,0.959711,2,2,2,2,2,2,2,2,2,2,2,2,2,2,2,
4.5,-1.80957,0.101584,-1.04522,2,2,2,2,2,2,2,2,2,2,2,2,2,2,2,2,2,2,2,2,2,1.46606,1.25513,1.17912,1.13981,1.12324,1.1254,1.14679,1.19287,1.28286,2,2,2,2,2,2,2,2,2,2,2,2,2,2,2,2,2,2,2,2,2,2,2,2,2,2,2,2,2,2,2,2,2,2,2,2,0.877015,0.800958,0.757227,0.730431,0.715261,0.709482,0.712354,0.724239,0.746782,0.783943,0.846025,0.983137,2,2,2,2,2,2,2,2,2,2,2,2,
4.6,-1.77194,0.036706,-1.19522,2,2,2,2,2,2,2,2,2,2,2,2,2,2,2,2,2,2,2,2,2,2,2,1.29721,1.1923,1.13978,1.11379,1.10731,1.11889,1.15118,1.21396,1.35011,2,2,2,2,2,2,2,2,2,2,2,2,2,2,2,2,2,2,2,2,2,2,2,2,2,2,2,2,2,2,2,2,2,2,2,2,2,0.909832,0.828949,0.783266,0.755555,0.740083,0.734492,0.738039,0.751188,0.775861,0.816743,0.886772,1.09157,2,2,2,2,2,2,2,2,2,
4.7,-1.74443,-0.0330663,-1.34522,2,2,2,2,2,2,2,2,2,2,2,2,2,2,2,2,2,2,2,2,2,2,2,2,1.36756,1.20582,1.13697,1.10085,1.0858,1.08838,1.10915,1.15318,1.23757,2,2,2,2,2,2,2,2,2,2,2,2,2,2,2,2,2,2,2,2,2,2,2,2,2,2,2,2,2,2,2,2,2,2,2,2,2,2,2,0.952789,0.868178,0.821118,0.793036,0.777914,0.773353,0.778717,0.794758,0.824065,0.873135,0.962844,2,2,2,2,2,2,2,
4.8,-1.72766,-0.106166,-1.49522,2,2,2,2,2,2,2,2,2,2,2,2,2,2,2,2,2,2,2,2,2,2,2,2,2,2,1.22318,1.13211,1.08467,1.06096,1.0551,1.06588,1.0956,1.15246,1.26806,2,2,2,2,2,2,2,2,2,2,2,2,2,2,2,2,2,2,2,2,2,2,2,2,2,2,2,2,2,2,2,2,2,2,2,2,2,2,2,2,0.997425,0.913584,0.867108,0.840071,0.826629,0.824574,0.833602,0.855114,0.893201,0.95906,1.11049,2,2,2,2,
4.9,-1.722,-0.180952,-1.64522,2,2,2,2,2,2,2,2,2,2,2,2,2,2,2,2,2,2,2,2,2,2,2,2,2,2,2,1.25399,1.12646,1.06567,1.03298,1.01904,1.02094,1.03906,1.07738,1.14834,1.323,2,2,2,2,2,2,2,2,2,2,2,2,2,2,2,2,2,2,2,2,2,2,2,2,2,2,2,2,2,2,2,2,2,2,2,2,2,2,2,2,2,1.03818,0.961185,0.918231,0.8944,0.884653,0.887339,0.902894,0.934148,0.988943,1.09561,2,2,
5,-1.72757,-0.255745,-1.79522,1.1308,2,2,2,2,2,2,2,2,2,2,2,2,2,2,2,2,2,2,2,2,2,2,2,2,2,2,2,2,1.12234,1.04452,1.00215,0.980313,0.974145,0.982504,1.00696,1.05321,1.13947,2,2,2,2,2,2,2,2,2,2,2,2,2,2,2,2,2,2,2,2,2,2,2,2,2,2,2,2,2,2,2,2,2,2,2,2,2,2,2,2,2,2,1.21989,1.07464,1.00932,0.973065,0.955097,0.951758,0.962454,0.989179,1.0383,1.1308,
5.1,-1.74426,-0.328864,-1.64522,2,2,2,2,2,2,2,2,2,2,2,2,2,2,2,2,2,2,2,2,2,2,2,2,2,2,1.09102,1.00596,0.959733,0.93441,0.924264,0.927481,0.94461,0.978994,1.04021,1.16855,2,2,2,2,2,2,2,2,2,2,2,2,2,2,2,2,2,2,2,2,2,2,2,2,2,2,2,2,2,2,2,2,2,2,2,2,2,2,2,2,2,2,2,1.1762,1.09407,1.05027,1.0284,1.02334,1.03409,1.06285,1.11723,1.22494,2,2,
5.2,-1.74984,-0.403656,-1.49522,2,2,2,2,2,2,2,2,2,2,2,2,2,2,2,2,2,2,2,2,2,2,2,1.06316,0.974299,0.926145,0.898957,0.886545,0.88674,0.899574,0.927302,0.976315,1.06728,2,2,2,2,2,2,2,2,2,2,2,2,2,2,2,2,2,2,2,2,2,2,2,2,2,2,2,2,2,2,2,2,2,2,2,2,2,2,2,2,2,2,2,2,1.29384,1.18271,1.1277,1.09983,1.09139,1.10055,1.12932,1.18576,1.30097,2,2,2,2,
5.3,-1.74418,-0.478442,-1.64522,2,2,2,2,2,2,2,2,2,2,2,2,2,2,2,2,2,2,2,2,2,2,2,2,1.08224,0.970459,0.913951,0.881366,0.864376,0.859905,0.867245,0.887577,0.924812,0.989774,1.13503,2,2,2,2,2,2,2,2,2,2,2,2,2,2,2,2,2,2,2,2,2,2,2,2,2,2,2,2,2,2,2,2,2,2,2,2,2,2,2,2,2,2,2,2,2,1.30506,1.21948,1.17595,1.1571,1.15808,1.17913,1.2258,1.31815,2,2,
5.4,-1.74975,-0.553234,-1.79522,1.36246,2,2,2,2,2,2,2,2,2,2,2,2,2,2,2,2,2,2,2,2,2,2,2,2,1.11228,0.961991,0.896303,0.858341,0.836973,0.828134,0.830447,0.844258,0.871856,0.919309,1.00555,2,2,2,2,2,2,2,2,2,2,2,2,2,2,2,2,2,2,2,2,2,2,2,2,2,2,2,2,2,2,2,2,2,2,2,2,2,2,2,2,2,2,2,2,2,2,1.4626,1.3241,1.26151,1.2317,1.22511,1.24008,1.28059,1.36246,
5.5,-1.76645,-0.626354,-1.94522,1.30825,1.34518,1.42295,1.64561,2,2,2,2,2,2,2,2,2,2,2,2,2,2,2,2,2,2,2,2,2,2,2,0.949155,0.87317,0.829897,0.804407,0.791543,0.789301,0.797364,0.816914,0.851394,0.909769,1.0282,2,2,2,2,2,2,2,2,2,2,2,2,2,2,2,2,2,2,2,2,2,2,2,2,2,2,2,2,2,2,2,2,2,2,2,2,2,2,2,2,2,2,2,2,2,2,2,1.43824,1.3525,1.31142,1.29796,1.30825,
5.6,-1.79388,-0.696157,-2.08097,1.38655,1.37276,1.38517,1.42761,1.51917,2,2,2,2,2,2,2,2,2,2,2,2,2,2,2,2,2,2,2,2,2,2,2,0.908955,0.832588,0.788877,0.76251,0.748207,0.743811,0.748734,0.763636,0.790789,0.835755,0.91502,2,2,2,2,2,2,2,2,2,2,2,2,2,2,2,2,2,2,2,2,2,2,2,2,2,2,2,2,2,2,2,2,2,2,2,2,2,2,2,2,2,2,2,2,2,2,2,2,1.52622,1.43083,1.38655,
5.7,-1.8305,-0.761607,-2.19546,1.56412,1.48633,1.4528,1.44973,1.47612,1.54189,1.70062,2,2,2,2,2,2,2,2,2,2,2,2,2,2,2,2,2,2,2,2,2,0.97442,0.83303,0.770368,0.732803,0.709787,0.697279,0.693562,0.698179,0.7117,0.736017,0.775562,0.842265,1.01351,2,2,2,2,2,2,2,2,2,2,2,2,2,2,2,2,2,2,2,2,2,2,2,2,2,2,2,2,2,2,2,2,2,2,2,2,2,2,2,2,2,2,2,2,2,2,2,1.78889,1.56412,
5.8,-1.87436,-0.822444,-2.28295,2,1.6706,1.57247,1.53011,1.52229,1.54624,1.61137,1.77142,2,2,2,2,2,2,2,2,2,2,2,2,2,2,2,2,2,2,2,2,2,0.80732,0.734254,0.691611,0.664744,0.648518,0.640672,0.640281,0.6473,0.662549,0.688102,0.728637,0.796943,2,2,2,2,2,2,1.96811,1.95198,1.98568,2,2,2,2,2,2,2,2,2,2,2,2,2,2,2,2,2,2,2,2,2,2,2,2,2,2,2,2,2,2,2,2,2,2,2,2,2,2,2,2,
5.9,-1.92337,-0.879216,-2.35577,2,2,1.74365,1.64282,1.60092,1.59586,1.62574,1.70394,1.93918,2,2,2,2,2,2,2,2,2,2,2,2,2,2,2,2,2,2,2,2,0.755252,0.682709,0.640244,0.612987,0.595766,0.586255,0.58339,0.586877,0.597076,0.615141,0.643578,0.688023,0.765468,2,2,2,2,2,1.97895,1.89984,1.87844,1.90319,1.98779,2,2,2,2,2,2,2,2,2,2,2,2,2,2,2,2,2,2,2,2,2,2,2,2,2,2,2,2,2,2,2,2,2,2,2,2,2,2,
6,-1.97638,-0.932271,-2.41123,2,2,2,1.77659,1.69571,1.66633,1.67448,1.72351,1.84414,2,2,2,2,2,2,2,2,2,2,2,2,2,2,2,2,2,2,2,0.812741,0.673361,0.614143,0.577601,0.553545,0.538001,0.529081,0.525878,0.528094,0.535935,0.550179,0.572488,0.606307,0.660003,0.768996,2,2,2,2,2,1.89236,1.82425,1.80746,1.83374,1.91691,2,2,2,2,2,2,2,2,2,2,2,2,2,2,2,2,2,2,2,2,2,2,2,2,2,2,2,2,2,2,2,2,2,2,2,2,2,
6.1,-2.03225,-0.982307,-2.46073,2,2,2,1.95331,1.80538,1.74775,1.7357,1.76383,1.8462,2,2,2,2,2,2,2,2,2,2,2,2,2,2,2,2,2,2,2,0.667069,0.585864,0.540707,0.511252,0.491363,0.478318,0.470738,0.46794,0.469688,0.47613,0.487831,0.505975,0.532877,0.573525,0.642406,2,2,2,2,2,1.94852,1.80542,1.7495,1.73879,1.76849,1.85373,2,2,2,2,2,2,2,2,2,2,2,2,2,2,2,2,2,2,2,2,2,2,2,2,2,2,2,2,2,2,2,2,2,2,2,2,
6.2,-2.09053,-1.02952,-2.50067,2,2,2,2,1.92378,1.83456,1.80468,1.81793,1.88071,2,2,2,2,2,2,2,2,2,2,2,2,2,2,2,2,2,2,0.648243,0.546154,0.496202,0.464195,0.442273,0.42718,0.417275,0.411679,0.409952,0.411966,0.417871,0.428134,0.443677,0.466223,0.499224,0.551207,0.663497,2,2,2,2,2,1.81995,1.71676,1.67568,1.67398,1.71097,1.80597,2,2,2,2,2,2,2,2,2,2,2,2,2,2,2,2,2,2,2,2,2,2,2,2,2,2,2,2,2,2,2,2,2,2,2,
6.3,-2.15064,-1.07436,-2.52935,2,2,2,2,2,1.91901,1.87576,1.88008,1.93415,2,2,2,2,2,2,2,2,2,2,2,2,2,2,2,2,2,0.582933,0.487164,0.440007,0.409538,0.388359,0.373384,0.363039,0.356448,0.353128,0.352855,0.355612,0.361582,0.371195,0.38524,0.405126,0.433557,0.476693,0.556671,2,2,2,2,2,1.88215,1.69916,1.62959,1.60527,1.61578,1.66523,1.78349,2,2,2,2,2,2,2,2,2,2,2,2,2,2,2,2,2,2,2,2,2,2,2,2,2,2,2,2,2,2,2,2,2,2,
6.4,-2.21202,-1.11746,-2.5538,2,2,2,2,2,2,1.94729,1.9444,1.99281,2,2,2,2,2,2,2,2,2,2,2,2,2,2,2,2,0.486612,0.415643,0.376352,0.350113,0.331472,0.317992,0.308377,0.301879,0.298062,0.296692,0.297691,0.301115,0.307172,0.316262,0.329072,0.346788,0.3716,0.408234,0.471249,2,2,2,2,2,2,1.70356,1.59704,1.55123,1.54137,1.56388,1.62766,1.78384,2,2,2,2,2,2,2,2,2,2,2,2,2,2,2,2,2,2,2,2,2,2,2,2,2,2,2,2,2,2,2,2,2,
6.5,-2.27443,-1.15905,-2.57398,2,2,2,2,2,2,2,2,2,2,2,2,2,2,2,2,2,2,2,2,2,2,2,0.504438,0.383707,0.337382,0.308193,0.287755,0.272828,0.261795,0.253741,0.248115,0.244579,0.242941,0.243115,0.245111,0.249033,0.255098,0.263677,0.275377,0.291214,0.313015,0.344571,0.39655,2,2,2,2,2,2,1.74989,1.57726,1.50845,1.48102,1.48421,1.51909,1.60071,1.87743,2,2,2,2,2,2,2,2,2,2,2,2,2,2,2,2,2,2,2,2,2,2,2,2,2,2,2,2,2,2,2,2,
6.6,-2.33767,-1.19938,-2.59019,2,2,2,2,2,2,2,2,2,2,2,2,2,2,2,2,2,2,2,2,2,2,0.334661,0.288187,0.259802,0.240068,0.225586,0.214706,0.206501,0.200411,0.19608,0.193281,0.191883,0.191819,0.193088,0.195748,0.199925,0.205834,0.213816,0.224407,0.23849,0.257615,0.284927,0.328796,2,2,2,2,2,2,2,1.5723,1.47516,1.43099,1.41861,1.43401,1.48227,1.58849,2,2,2,2,2,2,2,2,2,2,2,2,2,2,2,2,2,2,2,2,2,2,2,2,2,2,2,2,2,2,2,2,
6.7,-2.40156,-1.23867,-2.60319,2,2,2,2,2,2,2,2,2,2,2,2,2,2,2,2,2,2,2,0.359729,0.265875,0.228712,0.205268,0.188723,0.176427,0.167054,0.159843,0.154322,0.150185,0.14723,0.145326,0.144393,0.144395,0.145331,0.147238,0.150197,0.154338,0.159865,0.167082,0.176464,0.188771,0.205335,0.22881,0.266044,0.360609,2,2,2,2,2,2,1.59253,1.45136,1.38943,1.36319,1.3636,1.39075,1.45415,1.60034,2,2,2,2,2,2,2,2,2,2,2,2,2,2,2,2,2,2,2,2,2,2,2,2,2,2,2,2,2,2,2,
6.8,-2.46595,-1.27712,-2.61351,2,2,2,2,2,2,2,2,2,2,2,2,2,2,2,2,2,0.231936,0.189128,0.164958,0.148597,0.136659,0.127598,0.120571,0.115071,0.110771,0.107455,0.104973,0.103224,0.102143,0.10169,0.101849,0.102626,0.104048,0.106168,0.109069,0.112875,0.117767,0.124012,0.132019,0.142441,0.156416,0.176204,0.207559,0.282948,2,2,2,2,2,2,2,1.43895,1.35571,1.31601,1.30375,1.31542,1.35435,1.4361,2,2,2,2,2,2,2,2,2,2,2,2,2,2,2,2,2,2,2,2,2,2,2,2,2,2,2,2,2,2,2,
6.9,-2.53073,-1.31491,-2.62208,2,2,2,2,2,2,2,2,2,2,2,2,2,2,0.176533,0.139446,0.119198,0.105711,0.0959543,0.0885701,0.0828289,0.0782953,0.0746904,0.0718272,0.0695766,0.0678478,0.066577,0.0657206,0.0652503,0.0651513,0.0654207,0.0660667,0.0671103,0.068586,0.0705463,0.0730666,0.0762533,0.0802595,0.0853087,0.0917412,0.100104,0.111353,0.127399,0.153127,0.21555,2,2,2,2,2,2,2,1.44488,1.33073,1.27645,1.25245,1.25148,1.2733,1.32432,1.43012,2,2,2,2,2,2,2,2,2,2,2,2,2,2,2,2,2,2,2,2,2,2,2,2,2,2,2,2,2,2,
7,-2.59584,-1.35215,-2.62896,2,2,2,2,2,2,2,2,2,2,2,0.108907,0.0862502,0.0730839,0.0641872,0.0577209,0.0528143,0.0489871,0.0459485,0.0435109,0.041547,0.0399686,0.0387123,0.0377326,0.0369969,0.0364818,0.0361722,0.0360588,0.0361387,0.036414,0.0368926,0.0375889,0.0385245,0.0397302,0.041249,0.0431407,0.0454888,0.0484123,0.0520862,0.0567791,0.0629288,0.0713142,0.0835277,0.10378,0.15806,2,2,2,2,2,2,2,1.49446,1.3163,1.2445,1.20879,1.19676,1.20536,1.23672,1.3009,1.44434,2,2,2,2,2,2,2,2,2,2,2,2,2,2,2,2,2,2,2,2,2,2,2,2,2,2,2,2,2,
7.1,-2.66119,-1.38893,-2.63449,2,2,2,2,2,2,2,0.0746867,0.0524097,0.0417798,0.0352052,0.0306799,0.0273696,0.0248513,0.0228837,0.0213177,0.020056,0.0190325,0.0182005,0.0175266,0.0169863,0.0165619,0.0162401,0.0160115,0.0158699,0.0158114,0.0158343,0.0159395,0.0161294,0.0164098,0.0167882,0.0172758,0.0178891,0.0186486,0.0195839,0.020735,0.0221585,0.0239365,0.0261919,0.0291188,0.0330445,0.0385787,0.0470449,0.0623159,2,2,2,2,2,2,2,2,2,1.31724,1.22104,1.17256,1.15008,1.14759,1.16453,1.20513,1.28445,1.55364,2,2,2,2,2,2,2,2,2,2,2,2,2,2,2,2,2,2,2,2,2,2,2,2,2,2,2,2,
7.2,-2.72676,-1.42536,-2.63895,2,2,2,2,0.0303146,0.0212902,0.0166922,0.0138467,0.0119051,0.0104987,0.00943776,0.00861429,0.00796202,0.0074375,0.0070119,0.00666456,0.00638115,0.00615072,0.00596555,0.00581974,0.00570898,0.00563029,0.00558155,0.00556133,0.00556924,0.00560536,0.00567085,0.00576725,0.00589736,0.00606473,0.00627443,0.00653369,0.00685168,0.0072409,0.00771939,0.0083115,0.00905373,0.0100007,0.0112391,0.0129158,0.0153021,0.0189725,0.0254567,0.041923,2,2,2,2,2,2,2,2,2,1.34879,1.20818,1.14417,1.111,1.09851,1.10388,1.12828,1.17808,1.27592,2,2,2,2,2,2,2,2,2,2,2,2,2,2,2,2,2,2,2,2,2,2,2,2,2,2,2,2,
7.3,-2.79248,-1.46149,-2.64255,2,2,0.0324416,0.0227898,0.0178861,0.0148506,0.0127782,0.0112761,0.0101423,0.00926193,0.00856419,0.00800317,0.00754785,0.00717645,0.00687317,0.00662691,0.00642921,0.00627379,0.00615597,0.00607277,0.00602158,0.0060014,0.00601145,0.00605212,0.0061245,0.00623041,0.00637291,0.0065558,0.00678503,0.00706826,0.00741525,0.00784059,0.00836329,0.00901114,0.00982427,0.0108632,0.0122255,0.0140766,0.0167262,0.0208427,0.0282774,0.0492368,2,2,2,2,2,2,2,2,2,2,2,2,1.21068,1.12483,1.07968,1.05747,1.05283,1.06481,1.09597,1.15515,1.27787,2,2,2,2,2,2,2,2,2,2,2,2,2,2,2,2,2,2,2,2,2,2,2,2,2,2,2,
7.4,-2.85833,-1.49738,-2.64545,2,0.0819275,0.0567895,0.0451813,0.0380557,0.0331656,0.0295938,0.0268786,0.0247582,0.0230713,0.0217129,0.0206112,0.0197164,0.0189923,0.0184124,0.0179578,0.0176143,0.0173718,0.0172236,0.0171658,0.0171964,0.0173167,0.0175299,0.0178417,0.018261,0.0188008,0.0194785,0.0203179,0.0213518,0.0226254,0.0242026,0.0261768,0.0286883,0.0319618,0.036381,0.0426776,0.0525078,0.0712307,2,2,2,2,2,2,2,2,2,2,2,2,2,2,2,2,1.2423,1.11704,1.05688,1.0244,1.01044,1.01211,1.02974,1.06712,1.13608,1.29895,2,2,2,2,2,2,2,2,2,2,2,2,2,2,2,2,2,2,2,2,2,2,2,2,2,2,
7.5,-2.92429,-1.53309,-2.64783,2,0.126285,0.0963809,0.080539,0.0701866,0.0627933,0.0572428,0.0529435,0.0495457,0.0468275,0.0446409,0.0428832,0.0414821,0.0403853,0.0395551,0.0389651,0.0385975,0.0384413,0.0384921,0.0387513,0.0392263,0.0399316,0.0408889,0.0421299,0.0436986,0.0456564,0.0480891,0.051119,0.0549259,0.0597853,0.0661449,0.0747994,0.0873682,0.10811,0.162706,2,2,2,2,2,2,2,2,2,2,2,2,2,2,2,2,2,2,2,2,1.12642,1.04426,0.999802,0.976439,0.968872,0.975694,0.998169,1.04132,1.12066,2,2,2,2,2,2,2,2,2,2,2,2,2,2,2,2,2,2,2,2,2,2,2,2,2,2,
7.6,-2.99033,-1.56863,-2.64978,2,0.17838,0.14275,0.122742,0.109277,0.0994829,0.0920475,0.086258,0.0816852,0.0780531,0.0751764,0.0729268,0.0712141,0.0699756,0.0691688,0.068767,0.0687575,0.0691398,0.0699264,0.0711429,0.0728311,0.0750527,0.0778961,0.0814875,0.0860089,0.0917305,0.0990719,0.108727,0.121966,0.141535,0.175879,2,2,2,2,2,2,2,2,2,2,2,2,2,2,2,2,2,2,2,2,2,2,2,2,1.17027,1.04519,0.984873,0.951099,0.934566,0.932049,0.943113,0.969776,1.01828,1.10884,2,2,2,2,2,2,2,2,2,2,2,2,2,2,2,2,2,2,2,2,2,2,2,2,2,
7.7,-3.05644,-1.60405,-2.65126,2,0.234234,0.193169,0.16937,0.153112,0.141196,0.132133,0.125103,0.119609,0.11533,0.112053,0.10963,0.107965,0.106993,0.106679,0.107012,0.108005,0.109692,0.112139,0.115444,0.119756,0.125291,0.132374,0.141509,0.153529,0.169956,0.194072,0.236046,2,2,2,2,2,2,2,2,2,2,2,2,2,2,2,2,2,2,2,2,2,2,2,2,2,2,2,2,1.06733,0.981884,0.935259,0.909235,0.897982,0.899529,0.914131,0.944452,0.997992,1.10115,2,2,2,2,2,2,2,2,2,2,2,2,2,2,2,2,2,2,2,2,2,2,2,2,
7.8,-3.12261,-1.63937,-2.6524,2,0.29246,0.246402,0.219216,0.200514,0.186798,0.176418,0.168461,0.162372,0.157797,0.154504,0.152341,0.151215,0.15108,0.151932,0.153804,0.156775,0.16098,0.166624,0.174025,0.18367,0.19635,0.213451,0.237756,0.276557,0.383248,2,2,2,2,2,2,2,2,2,2,2,2,2,2,2,2,2,2,2,2,2,2,2,2,2,2,2,2,2,2,1.14134,0.995784,0.930726,0.893514,0.873306,0.866198,0.871041,0.888607,0.922132,0.980434,1.09822,2,2,2,2,2,2,2,2,2,2,2,2,2,2,2,2,2,2,2,2,2,2,2,
7.9,-3.18881,-1.67461,-2.65337,2,0.352455,0.301799,0.271592,0.250782,0.23559,0.22422,0.215678,0.209364,0.204903,0.202057,0.200688,0.200731,0.20219,0.205131,0.2097,0.216139,0.224837,0.23641,0.251888,0.27314,0.304156,0.357004,2,2,2,2,2,2,2,2,2,2,2,2,2,2,2,2,2,2,2,2,2,2,2,2,2,2,2,2,2,2,2,2,2,2,1.04038,0.941261,0.888924,0.858501,0.842742,0.838917,0.846441,0.866493,0.902825,0.965633,1.10125,2,2,2,2,2,2,2,2,2,2,2,2,2,2,2,2,2,2,2,2,2,2,
8,-3.25505,-1.70979,-2.65447,2,0.414071,0.359057,0.326117,0.303493,0.287128,0.275091,0.266319,0.260179,0.256288,0.254427,0.254496,0.256499,0.260544,0.26686,0.275844,0.288151,0.304889,0.328084,0.362054,0.419815,2,2,2,2,2,2,2,2,2,2,2,2,2,2,2,2,2,2,2,2,2,2,2,2,2,2,2,2,2,2,2,2,2,2,2,2,2,0.976127,0.898698,0.85496,0.829542,0.817204,0.815973,0.825668,0.84779,0.886564,0.953598,1.11271,2,2,2,2,2,2,2,2,2,2,2,2,2,2,2,2,2,2,2,2,2,
8.1,-3.32132,-1.7449,-2.65541,2,0.476647,0.41766,0.382316,0.358193,0.340979,0.328623,0.320007,0.314485,0.31169,0.311451,0.313754,0.318739,0.32673,0.33831,0.354485,0.37707,0.409751,0.462278,0.631368,2,2,2,2,2,2,2,2,2,2,2,2,2,2,2,2,2,2,2,2,2,2,2,2,2,2,2,2,2,2,2,2,2,2,2,2,2,2,1.07348,0.929468,0.865211,0.827666,0.806082,0.796463,0.797357,0.808895,0.832854,0.873926,0.945283,1.14963,2,2,2,2,2,2,2,2,2,2,2,2,2,2,2,2,2,2,2,2,
8.2,-3.38763,-1.77994,-2.65583,2,0.53957,0.477162,0.439801,0.414528,0.396816,0.384519,0.376487,0.372086,0.371,0.373155,0.3787,0.388042,0.401955,0.42184,0.450385,0.493682,0.573081,2,2,2,2,2,2,2,2,2,2,2,2,2,2,2,2,2,2,2,2,2,2,2,2,2,2,2,2,2,2,2,2,2,2,2,2,2,2,2,2,2,1.00215,0.894415,0.839146,0.8063,0.787777,0.780415,0.783154,0.796376,0.822131,0.865629,0.941985,2,2,2,2,2,2,2,2,2,2,2,2,2,2,2,2,2,2,2,2,
8.3,-3.45396,-1.81496,-2.65598,2,0.602961,0.537544,0.498492,0.472385,0.45451,0.442651,0.435652,0.43292,0.434244,0.439726,0.449812,0.46543,0.488341,0.522104,0.575575,0.692861,2,2,2,2,2,2,2,2,2,2,2,2,2,2,2,2,2,2,2,2,2,2,2,2,2,2,2,2,2,2,2,2,2,2,2,2,2,2,2,2,2,2,2,0.957621,0.868569,0.819739,0.790523,0.77448,0.769032,0.77342,0.788251,0.815856,0.862052,0.944518,2,2,2,2,2,2,2,2,2,2,2,2,2,2,2,2,2,2,2,
8.4,-3.52029,-1.84996,-2.65651,2,0.667583,0.599147,0.558552,0.531823,0.514057,0.502977,0.497445,0.496958,0.501473,0.511395,0.527713,0.552411,0.589646,0.650349,0.812283,2,2,2,2,2,2,2,2,2,2,2,2,2,2,2,2,2,2,2,2,2,2,2,2,2,2,2,2,2,2,2,2,2,2,2,2,2,2,2,2,2,2,2,2,2,0.928645,0.85089,0.806667,0.780212,0.766145,0.762305,0.768166,0.784541,0.814054,0.863243,0.953188,2,2,2,2,2,2,2,2,2,2,2,2,2,2,2,2,2,2,
8.5,-3.58663,-1.88493,-2.65769,2,0.733712,0.662049,0.619968,0.592774,0.57535,0.565372,0.561749,0.564122,0.572722,0.588467,0.61335,0.651664,0.714748,0.881351,2,2,2,2,2,2,2,2,2,2,2,2,2,2,2,2,2,2,2,2,2,2,2,2,2,2,2,2,2,2,2,2,2,2,2,2,2,2,2,2,2,2,2,2,2,2,1.11268,0.910912,0.840453,0.799539,0.775183,0.762708,0.760251,0.76748,0.785403,0.816981,0.869636,0.969276,2,2,2,2,2,2,2,2,2,2,2,2,2,2,2,2,2,
8.6,-3.65302,-1.91983,-2.65737,2,0.798178,0.72451,0.681591,0.654445,0.637863,0.629539,0.628501,0.634636,0.64864,0.672338,0.709788,0.771479,0.913122,2,2,2,2,2,2,2,2,2,2,2,2,2,2,2,2,2,2,2,2,2,2,2,2,2,2,2,2,2,2,2,2,2,2,2,2,2,2,2,2,2,2,2,2,2,2,2,2,1.04584,0.899365,0.834982,0.797069,0.774743,0.76392,0.76302,0.771921,0.79189,0.826385,0.884279,1.00128,2,2,2,2,2,2,2,2,2,2,2,2,2,2,2,2,
8.7,-3.7194,-1.95474,-2.65905,2,0.866165,0.789254,0.745108,0.717896,0.702204,0.695733,0.697665,0.708239,0.728861,0.76293,0.818917,0.930091,2,2,2,2,2,2,2,2,2,2,2,2,2,2,2,2,2,2,2,2,2,2,2,2,2,2,2,2,2,2,2,2,2,2,2,2,2,2,2,2,2,2,2,2,2,2,2,2,2,2,1.02466,0.896825,0.83618,0.80027,0.779412,0.769901,0.770357,0.780842,0.802897,0.84055,0.904538,1.04843,2,2,2,2,2,2,2,2,2,2,2,2,2,2,2,
8.8,-3.78584,-1.98954,-2.66009,2,0.933551,0.854036,0.809059,0.782146,0.767752,0.763647,0.769269,0.785396,0.814606,0.863318,0.952022,2,2,2,2,2,2,2,2,2,2,2,2,2,2,2,2,2,2,2,2,2,2,2,2,2,2,2,2,2,2,2,2,2,2,2,2,2,2,2,2,2,2,2,2,2,2,2,2,2,2,2,2,1.01372,0.899131,0.841843,0.807866,0.788534,0.78049,0.782568,0.795059,0.819875,0.861918,0.935085,2,2,2,2,2,2,2,2,2,2,2,2,2,2,2,
8.9,-3.85231,-2.02428,-2.65709,2,0.994869,0.916031,0.871788,0.8463,0.834224,0.833594,0.844317,0.868107,0.909761,0.98299,1.21434,2,2,2,2,2,2,2,2,2,2,2,2,2,2,2,2,2,2,2,2,2,2,2,2,2,2,2,2,2,2,2,2,2,2,2,2,2,2,2,2,2,2,2,2,2,2,2,2,2,2,2,2,2,1.00177,0.902164,0.849548,0.818407,0.801373,0.795574,0.800168,0.815818,0.845095,0.894576,0.985554,2,2,2,2,2,2,2,2,2,2,2,2,2,2,
9,-3.91868,-2.05921,-2.65692,2,1.0613,0.981073,0.936801,0.912394,0.902542,0.905536,0.921874,0.954628,1.01243,1.12868,2,2,2,2,2,2,2,2,2,2,2,2,2,2,2,2,2,2,2,2,2,2,2,2,2,2,2,2,2,2,2,2,2,2,2,2,2,2,2,2,2,2,2,2,2,2,2,2,2,2,2,2,2,2,2,1.00273,0.91201,0.862705,0.83379,0.818746,0.815071,0.822221,0.841275,0.875646,0.934343,1.0537,2,2,2,2,2,2,2,2,2,2,2,2,2,
9.1,-3.98504,-2.09415,-2.65142,2,1.11972,1.04233,1.00015,0.978405,0.972273,0.980622,1.00502,1.05112,1.137,2,2,2,2,2,2,2,2,2,2,2,2,2,2,2,2,2,2,2,2,2,2,2,2,2,2,2,2,2,2,2,2,2,2,2,2,2,2,2,2,2,2,2,2,2,2,2,2,2,2,2,2,2,2,2,2,2,0.999618,0.921007,0.876909,0.851602,0.839775,0.839497,0.850726,0.875282,0.918228,0.994317,2,2,2,2,2,2,2,2,2,2,2,2,2,
9.2,-4.05121,-2.12946,-2.65237,2,1.18895,1.10956,1.06734,1.04695,1.04366,1.0568,1.08918,1.15014,1.27866,2,2,2,2,2,2,2,2,2,2,2,2,2,2,2,2,2,2,2,2,2,2,2,2,2,2,2,2,2,2,2,2,2,2,2,2,2,2,2,2,2,2,2,2,2,2,2,2,2,2,2,2,2,2,2,2,2,1.21178,1.01074,0.938347,0.897403,0.874602,0.865311,0.868003,0.8831,0.913273,0.965791,1.06568,2,2,2,2,2,2,2,2,2,2,2,2,
9.3,-4.11741,-2.16471,-2.64999,1.5088,1.25314,1.17451,1.13373,1.11591,1.11672,1.13634,1.17964,1.2634,2,2,2,2,2,2,2,2,2,2,2,2,2,2,2,2,2,2,2,2,2,2,2,2,2,2,2,2,2,2,2,2,2,2,2,2,2,2,2,2,2,2,2,2,2,2,2,2,2,2,2,2,2,2,2,2,2,2,2,1.16143,1.02049,0.956268,0.919851,0.900716,0.895126,0.902148,0.922963,0.961763,1.03052,1.19593,2,2,2,2,2,2,2,2,2,2,1.5088,
9.4,-4.18353,-2.20011,-2.58905,1.33775,1.24984,1.20568,1.1871,1.18917,1.2124,1.26329,1.36652,2,2,2,2,2,2,2,2,2,2,2,2,2,2,2,2,2,2,2,2,2,2,2,2,2,2,2,2,2,2,2,2,2,2,2,2,2,2,2,2,2,2,2,2,2,2,2,2,2,2,2,2,2,2,2,2,2,2,2,2,1.17967,1.047,0.984669,0.949726,0.932277,0.928881,0.938954,0.964307,1.0107,1.09624,2,2,2,2,2,2,2,2,2,2,2,1.33775,
9.5,-4.24737,-2.23947,-2.43905,1.27288,1.25865,1.26697,1.30004,1.36939,1.53601,2,2,2,2,2,2,2,2,2,2,2,2,2,2,2,2,2,2,2,2,2,2,2,2,2,2,2,2,2,2,2,2,2,2,2,2,2,2,2,2,2,2,2,2,2,2,2,2,2,2,2,2,2,2,2,2,2,2,2,2,2,1.14964,1.05189,1.00075,0.972912,0.961535,0.964456,0.9822,1.01841,1.08389,1.2298,2,2,2,2,2,2,2,2,2,2,1.39703,1.31357,1.27288,
9.6,-4.30461,-2.28793,-2.28905,1.34679,1.38922,1.47912,2,2,2,2,2,2,2,2,2,2,2,2,2,2,2,2,2,2,2,2,2,2,2,2,2,2,2,2,2,2,2,2,2,2,2,2,2,2,2,2,2,2,2,2,2,2,2,2,2,2,2,2,2,2,2,2,2,2,2,2,2,2,1.36416,1.13008,1.05392,1.01252,0.991578,0.986454,0.996188,1.02266,1.07234,1.16697,2,2,2,2,2,2,2,2,2,2,1.46849,1.38424,1.34464,1.33326,1.34679,
9.7,-4.35396,-2.34441,-2.13905,1.58691,2,2,2,2,2,2,2,2,2,2,2,2,2,2,2,2,2,2,2,2,2,2,2,2,2,2,2,2,2,2,2,2,2,2,2,2,2,2,2,2,2,2,2,2,2,2,2,2,2,2,2,2,2,2,2,2,2,2,2,2,2,2,2,1.23837,1.11273,1.05243,1.0198,1.00561,1.00695,1.02407,1.06062,1.1279,1.28205,2,2,2,2,2,2,2,2,2,1.54926,1.45934,1.41846,1.40826,1.42553,1.47599,1.58691,
9.8,-4.39432,-2.40762,-1.98905,2,2,2,2,2,2,2,2,2,2,2,2,2,2,2,2,2,2,2,2,2,2,2,2,2,2,2,2,2,2,2,2,2,2,2,2,2,2,2,2,2,2,2,2,2,2,2,2,2,2,2,2,2,2,2,2,2,2,2,2,2,2,2,1.18487,1.0946,1.04704,1.02247,1.01495,1.02298,1.04816,1.09667,1.18915,2,2,2,2,2,2,2,2,2,1.63853,1.53724,1.49249,1.48156,1.5007,1.55684,1.68598,2,2,
9.9,-4.42479,-2.47615,-1.83905,2,2,2,2,2,2,2,2,2,2,2,2,2,2,2,2,2,2,2,2,2,2,2,2,2,2,2,2,2,2,2,2,2,2,2,2,2,2,2,2,2,2,2,2,2,2,2,2,2,2,2,2,2,2,2,2,2,2,2,2,2,1.30078,1.14242,1.07428,1.03747,1.02045,1.01954,1.03454,1.06865,1.1319,1.26849,2,2,2,2,2,2,2,2,1.73782,1.6171,1.5655,1.55168,1.57049,1.62918,1.76936,2,2,2,2,
10,-4.44466,-2.54847,-1.68905,2,2,2,2,2,2,2,2,2,2,2,2,2,2,2,2,2,2,2,2,2,2,2,2,2,2,2,2,2,2,2,2,2,2,2,2,2,2,2,2,2,2,2,2,2,2,2,2,2,2,2,2,2,2,2,2,2,2,2,2,1.20394,1.10297,1.05103,1.02361,1.01372,1.01938,1.04169,1.08586,1.16851,2,2,2,2,2,2,2,2,1.85362,1.6989,1.63682,1.61777,1.63385,1.6916,1.83269,2,2,2,2,2,2,
10.1,-4.45351,-2.62295,-1.53905,2,2,2,2,2,2,2,2,2,2,2,2,2,2,2,2,2,2,2,2,2,2,2,2,2,2,2,2,2,2,2,2,2,2,2,2,2,2,2,2,2,2,2,2,2,2,2,2,2,2,2,2,2,2,2,2,2,2,1.31842,1.13557,1.06352,1.0244,1.00538,1.00227,1.01451,1.04455,1.10038,1.21183,2,2,2,2,2,2,2,2,1.78365,1.70632,1.67945,1.69043,1.74389,1.87654,2,2,2,2,2,2,2,2,
10.2,-4.45113,-2.69791,-1.38905,2,2,2,2,2,2,2,2,2,2,2,2,2,2,2,2,2,2,2,2,2,2,2,2,2,2,2,2,2,2,2,2,2,2,2,2,2,2,2,2,2,2,2,2,2,2,2,2,2,2,2,2,2,2,2,2,2,1.17782,1.07541,1.02267,0.994192,0.982765,0.986157,1.005,1.04331,1.11328,1.28273,2,2,2,2,2,2,2,1.87396,1.77434,1.73677,1.74036,1.7867,1.90496,2,2,2,2,2,2,2,2,2,2,
10.3,-4.43758,-2.77168,-1.23905,2,2,2,2,2,2,2,2,2,2,2,2,2,2,2,2,2,2,2,2,2,2,2,2,2,2,2,2,2,2,2,2,2,2,2,2,2,2,2,2,2,2,2,2,2,2,2,2,2,2,2,2,2,2,2,1.25375,1.08735,1.01802,0.979677,0.960297,0.95582,0.965443,0.990951,1.0383,1.12665,2,2,2,2,2,2,2,1.97623,1.8418,1.79009,1.78411,1.82109,1.92229,2,2,2,2,2,2,2,2,2,2,2,2,
10.4,-4.41315,-2.84259,-1.08905,2,2,2,2,2,2,2,2,2,2,2,2,2,2,2,2,2,2,2,2,2,2,2,2,2,2,2,2,2,2,2,2,2,2,2,2,2,2,2,2,2,2,2,2,2,2,2,2,2,2,2,2,2,2,1.10055,1.00977,0.961106,0.934181,0.922712,0.924624,0.940242,0.972541,1.03005,1.14549,2,2,2,2,2,2,2,1.9103,1.83999,1.82227,1.84823,1.9317,2,2,2,2,2,2,2,2,2,2,2,2,2,2,
10.5,-4.3784,-2.90905,-0.939047,2,2,2,2,2,2,2,2,2,2,2,2,2,2,2,2,2,2,2,2,2,2,2,2,2,2,2,2,2,2,2,2,2,2,2,2,2,2,2,2,2,2,2,2,2,2,2,2,2,2,2,2,1.11801,0.996743,0.93745,0.903566,0.886013,0.881501,0.889298,0.910697,0.949995,1.01943,1.19027,2,2,2,2,2,2,1.9828,1.88725,1.85548,1.86915,1.93518,2,2,2,2,2,2,2,2,2,2,2,2,2,2,2,2,
10.6,-4.33411,-2.96957,-1.08905,2,2,2,2,2,2,2,2,2,2,2,2,2,2,2,2,2,2,2,2,2,2,2,2,2,2,2,2,2,2,2,2,2,2,2,2,2,2,2,2,2,2,2,2,2,2,2,2,2,2,2,2,2,2,2,1.00294,0.921055,0.875483,0.84917,0.836481,0.835329,0.84554,0.868745,0.909564,0.981095,1.17741,2,2,2,2,2,2,1.95499,1.89141,1.88036,1.91615,2,2,2,2,2,2,2,2,2,2,2,2,2,2,
10.7,-4.29936,-3.03604,-1.23905,2,2,2,2,2,2,2,2,2,2,2,2,2,2,2,2,2,2,2,2,2,2,2,2,2,2,2,2,2,2,2,2,2,2,2,2,2,2,2,2,2,2,2,2,2,2,2,2,2,2,2,2,2,2,2,2,2,1.09322,0.937916,0.871644,0.833111,0.810917,0.800878,0.801466,0.812765,0.836521,0.877382,0.948372,1.14568,2,2,2,2,2,2,1.95382,1.91682,1.92837,1.99464,2,2,2,2,2,2,2,2,2,2,2,
10.8,-4.27493,-3.10695,-1.38905,2,2,2,2,2,2,2,2,2,2,2,2,2,2,2,2,2,2,2,2,2,2,2,2,2,2,2,2,2,2,2,2,2,2,2,2,2,2,2,2,2,2,2,2,2,2,2,2,2,2,2,2,2,2,2,2,2,2,2,2,1.02604,0.903521,0.844113,0.80897,0.788805,0.780056,0.781445,0.793168,0.816996,0.857521,0.927468,1.11611,2,2,2,2,2,2,1.9753,1.96458,2,2,2,2,2,2,2,2,2,2,
10.9,-4.26137,-3.18071,-1.53905,2,2,2,2,2,2,2,2,2,2,2,2,2,2,2,2,2,2,2,2,2,2,2,2,2,2,2,2,2,2,2,2,2,2,2,2,2,2,2,2,2,2,2,2,2,2,2,2,2,2,2,2,2,2,2,2,2,2,2,2,2,2,2,1.00711,0.893277,0.836218,0.802307,0.782931,0.774743,0.776565,0.788648,0.812818,0.853749,0.924464,1.12536,2,2,2,2,2,2,2,2,2,2,2,2,2,2,2,
11,-4.25899,-3.25568,-1.68905,2,2,2,2,2,2,2,2,2,2,2,2,2,2,2,2,2,2,2,2,2,2,2,2,2,2,2,2,2,2,2,2,2,2,2,2,2,2,2,2,2,2,2,2,2,2,2,2,2,2,2,2,2,2,2,2,2,2,2,2,2,2,2,2,2,2,1.01689,0.902954,0.845837,0.812006,0.79285,0.785038,0.787436,0.80038,0.825878,0.869073,0.944822,2,2,2,2,2,2,2,2,2,2,2,2,2,
11.1,-4.26784,-3.33015,-1.8312,2,2,2,2,2,2,2,2,2,2,2,2,2,2,2,2,2,2,2,2,2,2,2,2,2,2,2,2,2,2,2,2,2,2,2,2,2,2,2,2,2,2,2,2,2,2,2,2,2,2,2,2,2,2,2,2,2,2,2,2,2,2,2,2,2,2,2,2,2,1.02496,0.919877,0.865447,0.833429,0.815994,0.810133,0.814976,0.831236,0.861663,0.913373,1.0105,2,2,2,2,2,2,2,2,2,2,
11.2,-4.28715,-3.40262,-1.94258,2,2,2,2,2,2,2,2,2,2,2,2,2,2,2,2,2,2,2,2,2,2,2,2,2,2,2,2,2,2,2,2,2,2,2,2,2,2,2,2,2,2,2,2,2,2,2,2,2,2,2,2,2,2,2,2,2,2,2,2,2,2,2,2,2,2,2,2,2,2,2,1.17681,0.99223,0.921538,0.881266,0.858656,0.849202,0.85138,0.865525,0.894055,0.943492,1.03497,2,2,2,2,2,2,2,2,
11.3,-4.3144,-3.4725,-2.03367,2,2,2,2,2,2,2,2,2,2,2,2,2,2,2,2,2,2,2,2,2,2,2,2,2,2,2,2,2,2,2,2,2,2,2,2,2,2,2,2,2,2,2,2,2,2,2,2,2,2,2,2,2,2,2,2,2,2,2,2,2,2,2,2,2,2,2,2,2,2,2,2,2,2,1.04636,0.970939,0.928857,0.90582,0.89698,0.900826,0.917995,0.951739,1.01115,1.13286,2,2,2,2,2,2,
11.4,-4.34788,-3.53961,-2.18367,2,2,2,2,2,2,2,2,2,2,2,2,2,2,2,2,2,2,2,2,2,2,2,2,2,2,2,2,2,2,2,2,2,2,2,2,2,2,2,2,2,2,2,2,2,2,2,2,2,2,2,2,2,2,2,2,2,2,2,2,2,2,2,2,2,2,2,2,2,2,2,2,2,2,2,2,1.24715,1.08307,1.01414,0.975956,0.956618,0.952095,0.961578,0.986816,1.03365,1.12072,2,2,2,2,
11.5,-4.39103,-3.60096,-2.03367,2,2,2,2,2,2,2,2,2,2,2,2,2,2,2,2,2,2,2,2,2,2,2,2,2,2,2,2,2,2,2,2,2,2,2,2,2,2,2,2,2,2,2,2,2,2,2,2,2,2,2,2,2,2,2,2,2,2,2,2,2,2,2,2,2,2,2,2,2,2,2,2,2,2,2,1.1989,1.10147,1.05093,1.02444,1.01534,1.02182,1.04515,1.09086,1.17693,2,2,2,2,2,2,
11.6,-4.42451,-3.66807,-1.88367,2,2,2,2,2,2,2,2,2,2,2,2,2,2,2,2,2,2,2,2,2,2,2,2,2,2,2,2,2,2,2,2,2,2,2,2,2,2,2,2,2,2,2,2,2,2,2,2,2,2,2,2,2,2,2,2,2,2,2,2,2,2,2,2,2,2,2,2,2,2,2,2,2,1.35905,1.19585,1.12672,1.09026,1.07469,1.07651,1.09607,1.13803,1.2178,2,2,2,2,2,2,2,2,
11.7,-4.4476,-3.73942,-1.73367,2,2,2,2,2,2,2,2,2,2,2,2,2,2,2,2,2,2,2,2,2,2,2,2,2,2,2,2,2,2,2,2,2,2,2,2,2,2,2,2,2,2,2,2,2,2,2,2,2,2,2,2,2,2,2,2,2,2,2,2,2,2,2,2,2,2,2,2,2,2,2,2,1.30547,1.20529,1.15487,1.13064,1.1261,1.14024,1.17641,1.24664,1.41568,2,2,2,2,2,2,2,2,2,
11.8,-4.45976,-3.81343,-1.58367,2,2,2,2,2,2,2,2,2,2,2,2,2,2,2,2,2,2,2,2,2,2,2,2,2,2,2,2,2,2,2,2,2,2,2,2,2,2,2,2,2,2,2,2,2,2,2,2,2,2,2,2,2,2,2,2,2,2,2,2,2,2,2,2,2,2,2,2,2,2,1.46306,1.29044,1.2196,1.18392,1.17127,1.17852,1.2074,1.26661,1.39235,2,2,2,2,2,2,2,2,2,2,2,
11.9,-4.46073,-3.88843,-1.43367,2,2,2,2,2,2,2,2,2,2,2,2,2,2,2,2,2,2,2,2,2,2,2,2,2,2,2,2,2,2,2,2,2,2,2,2,2,2,2,2,2,2,2,2,2,2,2,2,2,2,2,2,2,2,2,2,2,2,2,2,2,2,2,2,2,2,2,2,2,1.39093,1.28656,1.23555,1.21279,1.2118,1.23233,1.28007,1.3767,2,2,2,2,2,2,2,2,2,2,2,2,2,
12,-4.45047,-3.96272,-1.28367,2,2,2,2,2,2,2,2,2,2,2,2,2,2,2,2,2,2,2,2,2,2,2,2,2,2,2,2,2,2,2,2,2,2,2,2,2,2,2,2,2,2,2,2,2,2,2,2,2,2,2,2,2,2,2,2,2,2,2,2,2,2,2,2,2,2,2,1.5436,1.35955,1.28684,1.25149,1.24089,1.25225,1.28858,1.36306,1.55857,2,2,2,2,2,2,2,2,2,2,2,2,2,2,
12.1,-4.42923,-4.03465,-1.13367,2,2,2,2,2,2,2,2,2,2,2,2,2,2,2,2,2,2,2,2,2,2,2,2,2,2,2,2,2,2,2,2,2,2,2,2,2,2,2,2,2,2,2,2,2,2,2,2,2,2,2,2,2,2,2,2,2,2,2,2,2,2,2,2,2,2,1.44713,1.33971,1.28827,1.26653,1.26802,1.29312,1.34963,1.47047,2,2,2,2,2,2,2,2,2,2,2,2,2,2,2,2,
12.2,-4.39748,-4.1026,-0.983667,2,2,2,2,2,2,2,2,2,2,2,2,2,2,2,2,2,2,2,2,2,2,2,2,2,2,2,2,2,2,2,2,2,2,2,2,2,2,2,2,2,2,2,2,2,2,2,2,2,2,2,2,2,2,2,2,2,2,2,2,2,2,2,2,1.58537,1.39742,1.32416,1.28933,1.2802,1.29428,1.33554,1.42095,2,2,2,2,2,2,2,2,2,2,2,2,2,2,2,2,2,2,
12.3,-4.35593,-4.16504,-0.833667,2,2,2,2,2,2,2,2,2,2,2,2,2,2,2,2,2,2,2,2,2,2,2,2,2,2,2,2,2,2,2,2,2,2,2,2,2,2,2,2,2,2,2,2,2,2,2,2,2,2,2,2,2,2,2,2,2,2,2,2,2,2,2,1.467,1.36055,1.30986,1.28922,1.29239,1.32024,1.38195,1.51955,2,2,2,2,2,2,2,2,2,2,2,2,2,2,2,2,2,2,2,
12.4,-4.30552,-4.22057,-0.683667,2,2,2,2,2,2,2,2,2,2,2,2,2,2,2,2,2,2,2,2,2,2,2,2,2,2,2,2,2,2,2,2,2,2,2,2,2,2,2,2,2,2,2,2,2,2,2,2,2,2,2,2,2,2,2,2,2,2,2,2,2,1.57461,1.39955,1.32864,1.29529,1.28755,1.30329,1.34705,1.43786,2,2,2,2,2,2,2,2,2,2,2,2,2,2,2,2,2,2,2,2,2,
12.5,-4.24738,-4.26794,-0.533667,2,2,2,2,2,2,2,2,2,2,2,2,2,2,2,2,2,2,2,2,2,2,2,2,2,2,2,2,2,2,2,2,2,2,2,2,2,2,2,2,2,2,2,2,2,2,2,2,2,2,2,2,2,2,2,2,2,2,2,2,1.44536,1.34622,1.2985,1.27968,1.28427,1.31348,1.37706,1.5208,2,2,2,2,2,2,2,2,2,2,2,2,2,2,2,2,2,2,2,2,2,2,
12.6,-4.18281,-4.30609,-0.383667,2,2,2,2,2,2,2,2,2,2,2,2,2,2,2,2,2,2,2,2,2,2,2,2,2,2,2,2,2,2,2,2,2,2,2,2,2,2,2,2,2,2,2,2,2,2,2,2,2,2,2,2,2,2,2,2,2,2,1.50997,1.36327,1.29873,1.26856,1.26271,1.27964,1.32412,1.41549,2,2,2,2,2,2,2,2,2,2,2,2,2,2,2,2,2,2,2,2,2,2,2,2,
12.7,-4.11326,-4.33417,-0.233667,2,2,2,2,2,2,2,2,2,2,2,2,2,2,2,2,2,2,2,2,2,2,2,2,2,2,2,2,2,2,2,2,2,2,2,2,2,2,2,2,2,2,2,2,2,2,2,2,2,2,2,2,2,2,2,2,2,1.38082,1.29569,1.25378,1.2381,1.2444,1.27429,1.33747,1.47846,2,2,2,2,2,2,2,2,2,2,2,2,2,2,2,2,2,2,2,2,2,2,2,2,2,
12.8,-4.0403,-4.35153,-0.0836673,2,2,2,2,2,2,2,2,2,2,2,2,2,2,2,2,2,2,2,2,2,2,2,2,2,2,2,2,2,2,2,2,2,2,2,2,2,2,2,2,2,2,2,2,2,2,2,2,2,2,2,2,2,2,2,1.40086,1.28877,1.23469,1.20981,1.20685,1.22508,1.26943,1.35844,2,2,2,2,2,2,2,2,2,2,2,2,2,2,2,2,2,2,2,2,2,2,2,2,2,2,2,
12.9,-3.96556,-4.3578,0.0663327,2,2,2,2,2,2,2,2,2,2,2,2,2,2,2,2,2,2,2,2,2,2,2,2,2,2,2,2,2,2,2,2,2,2,2,2,2,2,2,2,2,2,2,2,2,2,2,2,2,2,2,2,2,1.42888,1.27694,1.21043,1.1771,1.16614,1.17491,1.2055,1.26734,1.40156,2,2,2,2,2,2,2,2,2,2,2,2,2,2,2,2,2,2,2,2,2,2,2,2,2,2,2,2,
13,-3.89072,-4.35283,0.203861,2,2,2,2,2,2,2,2,2,2,2,2,2,2,2,2,2,2,2,2,2,2,2,2,2,2,2,2,2,2,2,2,2,2,2,2,2,2,2,2,2,2,2,2,2,2,2,2,2,2,2,2,1.27948,1.1902,1.1444,1.12317,1.12108,1.13767,1.17694,1.2528,1.46231,2,2,2,2,2,2,2,2,2,2,2,2,2,2,2,2,2,2,2,2,2,2,2,2,2,2,2,2,2,
13.1,-3.81728,-4.33765,0.318284,2,2,2,2,2,2,2,2,2,2,2,2,2,2,2,2,2,2,2,2,2,2,2,2,2,2,2,2,2,2,2,2,2,2,2,2,2,2,2,2,2,2,2,2,2,2,2,2,2,2,1.37594,1.19629,1.12436,1.0863,1.06943,1.06989,1.08777,1.12721,1.20178,1.402,2,2,2,2,2,2,2,2,2,2,2,2,2,2,2,2,2,2,2,2,2,2,2,2,2,2,2,2,2,2,
13.2,-3.74604,-4.31418,0.41354,2,2,2,2,2,2,2,2,2,2,2,2,2,2,2,2,2,2,2,2,2,2,2,2,2,2,2,2,2,2,2,2,2,2,2,2,2,2,2,2,2,2,2,2,2,2,2,2,2,1.29296,1.13562,1.06769,1.03089,1.01374,1.01253,1.02704,1.06029,1.12185,1.25203,2,2,2,2,2,2,2,2,2,2,2,2,2,2,2,2,2,2,2,2,2,2,2,2,2,2,2,2,2,2,2,
13.3,-3.67737,-4.28404,0.492879,2,2,2,2,2,2,2,2,2,2,2,2,2,2,2,2,2,2,2,2,2,2,2,2,2,2,2,2,2,2,2,2,2,2,2,2,2,2,2,2,2,2,2,2,2,2,2,2,1.27432,1.08936,1.01744,0.977724,0.957297,0.95183,0.960343,0.984393,1.02942,1.11241,2,2,2,2,2,2,2,2,2,2,2,2,2,2,2,2,2,2,2,2,2,2,2,2,2,2,2,2,2,2,2,2,
13.4,-3.61129,-4.24855,0.558989,2,2,2,2,2,2,2,2,2,2,2,2,2,2,2,2,2,2,2,2,2,2,2,2,2,2,2,2,2,2,2,2,2,2,2,2,2,2,2,2,2,2,2,2,2,2,2,2,1.05805,0.974074,0.928022,0.902257,0.891071,0.892525,0.906857,0.936649,0.989142,1.08928,2,2,2,2,2,2,2,2,2,2,2,2,2,2,2,2,2,2,2,2,2,2,2,2,2,2,2,2,2,2,2,2,
13.5,-3.54771,-4.20878,0.408989,2,2,2,2,2,2,2,2,2,2,2,2,2,2,2,2,2,2,2,2,2,2,2,2,2,2,2,2,2,2,2,2,2,2,2,2,2,2,2,2,2,2,2,2,2,2,2,2,2,2,1.03512,0.933029,0.879621,0.84841,0.831859,0.8271,0.833416,0.851768,0.885443,0.943145,1.05889,2,2,2,2,2,2,2,2,2,2,2,2,2,2,2,2,2,2,2,2,2,2,2,2,2,2,2,2,2,
13.6,-3.4789,-4.17895,0.258989,2,2,2,2,2,2,2,2,2,2,2,2,2,2,2,2,2,2,2,2,2,2,2,2,2,2,2,2,2,2,2,2,2,2,2,2,2,2,2,2,2,2,2,2,2,2,2,2,2,2,2,2,1.0815,0.915638,0.848191,0.80883,0.785676,0.77437,0.773225,0.782087,0.802233,0.8372,0.896154,1.01701,2,2,2,2,2,2,2,2,2,2,2,2,2,2,2,2,2,2,2,2,2,2,2,2,2,2,
13.7,-3.4064,-4.15974,0.108989,2,2,2,2,2,2,2,2,2,2,2,2,2,2,2,2,2,2,2,2,2,2,2,2,2,2,2,2,2,2,2,2,2,2,2,2,2,2,2,2,2,2,2,2,2,2,2,2,2,2,2,2,2,2,2,0.94318,0.842234,0.789173,0.757033,0.738236,0.729719,0.73033,0.740146,0.76052,0.794896,0.851987,0.96656,2,2,2,2,2,2,2,2,2,2,2,2,2,2,2,2,2,2,2,2,2,2,2,
13.8,-3.33184,-4.15158,-0.0410112,2,2,2,2,2,2,2,2,2,2,2,2,2,2,2,2,2,2,2,2,2,2,2,2,2,2,2,2,2,2,2,2,2,2,2,2,2,2,2,2,2,2,2,2,2,2,2,2,2,2,2,2,2,2,2,2,2,2,0.880962,0.798174,0.751623,0.722976,0.706263,0.698974,0.700175,0.710013,0.72979,0.762705,0.816633,0.920607,2,2,2,2,2,2,2,2,2,2,2,2,2,2,2,2,2,2,2,2,
13.9,-3.2569,-4.15466,-0.191011,2,2,2,2,2,2,2,2,2,2,2,2,2,2,2,2,2,2,2,2,2,2,2,2,2,2,2,2,2,2,2,2,2,2,2,2,2,2,2,2,2,2,2,2,2,2,2,2,2,2,2,2,2,2,2,2,2,2,2,2,2,0.855666,0.77833,0.733969,0.706488,0.690412,0.6834,0.684577,0.694085,0.713147,0.744747,0.796083,0.892041,2,2,2,2,2,2,2,2,2,2,2,2,2,2,2,2,2,
14,-3.18327,-4.1689,-0.341011,2,2,2,2,2,2,2,2,2,2,2,2,2,2,2,2,2,2,2,2,2,2,2,2,2,2,2,2,2,2,2,2,2,2,2,2,2,2,2,2,2,2,2,2,2,2,2,2,2,2,2,2,2,2,2,2,2,2,2,2,2,2,2,2,0.85862,0.779986,0.735084,0.707277,0.690962,0.683752,0.684744,0.694059,0.712892,0.744174,0.794957,0.889262,2,2,2,2,2,2,2,2,2,2,2,2,2,2,
14.1,-3.11259,-4.19398,-0.491011,2,2,2,2,2,2,2,2,2,2,2,2,2,2,2,2,2,2,2,2,2,2,2,2,2,2,2,2,2,2,2,2,2,2,2,2,2,2,2,2,2,2,2,2,2,2,2,2,2,2,2,2,2,2,2,2,2,2,2,2,2,2,2,2,2,2,2,0.884299,0.800225,0.753167,0.724225,0.707309,0.69986,0.700924,0.710633,0.730267,0.762994,0.816598,0.919502,2,2,2,2,2,2,2,2,2,2,2,
14.2,-3.04645,-4.22934,-0.641011,2,2,2,2,2,2,2,2,2,2,2,2,2,2,2,2,2,2,2,2,2,2,2,2,2,2,2,2,2,2,2,2,2,2,2,2,2,2,2,2,2,2,2,2,2,2,2,2,2,2,2,2,2,2,2,2,2,2,2,2,2,2,2,2,2,2,2,2,2,2,0.925735,0.834877,0.78529,0.755175,0.73786,0.73061,0.732459,0.743642,0.765736,0.802642,0.864541,0.999578,2,2,2,2,2,2,2,2,
14.3,-2.98634,-4.27419,-0.791011,2,2,2,2,2,2,2,2,2,2,2,2,2,2,2,2,2,2,2,2,2,2,2,2,2,2,2,2,2,2,2,2,2,2,2,2,2,2,2,2,2,2,2,2,2,2,2,2,2,2,2,2,2,2,2,2,2,2,2,2,2,2,2,2,2,2,2,2,2,2,2,2,2,0.973357,0.878582,0.827634,0.797217,0.780368,0.774323,0.778229,0.792628,0.81978,0.86536,0.946416,2,2,2,2,2,2,
14.4,-2.9336,-4.32752,-0.941011,2,2,2,2,2,2,2,2,2,2,2,2,2,2,2,2,2,2,2,2,2,2,2,2,2,2,2,2,2,2,2,2,2,2,2,2,2,2,2,2,2,2,2,2,2,2,2,2,2,2,2,2,2,2,2,2,2,2,2,2,2,2,2,2,2,2,2,2,2,2,2,2,2,2,2,2,1.01782,0.926022,0.876362,0.847422,0.832612,0.829433,0.837407,0.857771,0.894323,0.957343,1.09414,2,2,2,
14.5,-2.88943,-4.38814,-1.09101,2,2,2,2,2,2,2,2,2,2,2,2,2,2,2,2,2,2,2,2,2,2,2,2,2,2,2,2,2,2,2,2,2,2,2,2,2,2,2,2,2,2,2,2,2,2,2,2,2,2,2,2,2,2,2,2,2,2,2,2,2,2,2,2,2,2,2,2,2,2,2,2,2,2,2,2,2,2,2,1.05525,0.97371,0.928756,0.903743,0.893208,0.895331,0.91046,0.94136,0.995759,1.10134,2,
14.6,-2.85481,-4.45467,-1.24101,1.05096,1.14668,2,2,2,2,2,2,2,2,2,2,2,2,2,2,2,2,2,2,2,2,2,2,2,2,2,2,2,2,2,2,2,2,2,2,2,2,2,2,2,2,2,2,2,2,2,2,2,2,2,2,2,2,2,2,2,2,2,2,2,2,2,2,2,2,2,2,2,2,2,2,2,2,2,2,2,2,2,2,2,1.24055,1.08786,1.02097,0.984009,0.96574,0.962378,0.973317,1.00063,1.05096,
14.7,-2.83052,-4.52563,-1.09101,2,2,2,2,2,2,2,2,2,2,2,2,2,2,2,2,2,2,2,2,2,2,2,2,2,2,2,2,2,2,2,2,2,2,2,2,2,2,2,2,2,2,2,2,2,2,2,2,2,2,2,2,2,2,2,2,2,2,2,2,2,2,2,2,2,2,2,2,2,2,2,2,2,2,2,2,2,2,2,2,1.18614,1.10452,1.06112,1.03976,1.03543,1.04725,1.07771,1.13521,1.2523,2,
14.8,-2.7959,-4.59216,-0.941011,2,2,2,2,2,2,2,2,2,2,2,2,2,2,2,2,2,2,2,2,2,2,2,2,2,2,2,2,2,2,2,2,2,2,2,2,2,2,2,2,2,2,2,2,2,2,2,2,2,2,2,2,2,2,2,2,2,2,2,2,2,2,2,2,2,2,2,2,2,2,2,2,2,2,2,2,2,2,1.29826,1.19178,1.13863,1.11221,1.1053,1.11641,1.14803,1.2096,1.34144,2,2,2,
14.9,-2.75173,-4.65277,-0.791011,2,2,2,2,2,2,2,2,2,2,2,2,2,2,2,2,2,2,2,2,2,2,2,2,2,2,2,2,2,2,2,2,2,2,2,2,2,2,2,2,2,2,2,2,2,2,2,2,2,2,2,2,2,2,2,2,2,2,2,2,2,2,2,2,2,2,2,2,2,2,2,2,2,2,2,2,1.44154,1.28428,1.21656,1.18264,1.17136,1.17995,1.21049,1.27242,1.4071,2,2,2,2,2,
15,-2.699,-4.7061,-0.641011,2,2,2,2,2,2,2,2,2,2,2,2,2,2,2,2,2,2,2,2,2,2,2,2,2,2,2,2,2,2,2,2,2,2,2,2,2,2,2,2,2,2,2,2,2,2,2,2,2,2,2,2,2,2,2,2,2,2,2,2,2,2,2,2,2,2,2,2,2,2,2,2,2,2,2,1.38605,1.29567,1.25114,1.23343,1.23766,1.2649,1.32362,1.44976,2,2,2,2,2,2,2,
15.1,-2.63888,-4.75095,-0.491011,2,2,2,2,2,2,2,2,2,2,2,2,2,2,2,2,2,2,2,2,2,2,2,2,2,2,2,2,2,2,2,2,2,2,2,2,2,2,2,2,2,2,2,2,2,2,2,2,2,2,2,2,2,2,2,2,2,2,2,2,2,2,2,2,2,2,2,2,2,2,2,2,2,1.50836,1.37777,1.31824,1.29177,1.28977,1.31172,1.36433,1.47555,2,2,2,2,2,2,2,2,2,
15.2,-2.57274,-4.78631,-0.341011,2,2,2,2,2,2,2,2,2,2,2,2,2,2,2,2,2,2,2,2,2,2,2,2,2,2,2,2,2,2,2,2,2,2,2,2,2,2,2,2,2,2,2,2,2,2,2,2,2,2,2,2,2,2,2,2,2,2,2,2,2,2,2,2,2,2,2,2,2,2,2,2,1.46651,1.38502,1.34692,1.33681,1.35173,1.39619,1.49044,2,2,2,2,2,2,2,2,2,2,2,
15.3,-2.50206,-4.8114,-0.191011,2,2,2,2,2,2,2,2,2,2,2,2,2,2,2,2,2,2,2,2,2,2,2,2,2,2,2,2,2,2,2,2,2,2,2,2,2,2,2,2,2,2,2,2,2,2,2,2,2,2,2,2,2,2,2,2,2,2,2,2,2,2,2,2,2,2,2,2,2,2,1.57066,1.45324,1.39968,1.37943,1.38583,1.4208,1.49823,1.71806,2,2,2,2,2,2,2,2,2,2,2,2,
15.4,-2.42843,-4.82564,-0.0410112,2,2,2,2,2,2,2,2,2,2,2,2,2,2,2,2,2,2,2,2,2,2,2,2,2,2,2,2,2,2,2,2,2,2,2,2,2,2,2,2,2,2,2,2,2,2,2,2,2,2,2,2,2,2,2,2,2,2,2,2,2,2,2,2,2,2,2,2,1.72797,1.52605,1.45113,1.41839,1.41488,1.43951,1.50106,1.64327,2,2,2,2,2,2,2,2,2,2,2,2,2,2,
15.5,-2.35349,-4.82871,0.108989,2,2,2,2,2,2,2,2,2,2,2,2,2,2,2,2,2,2,2,2,2,2,2,2,2,2,2,2,2,2,2,2,2,2,2,2,2,2,2,2,2,2,2,2,2,2,2,2,2,2,2,2,2,2,2,2,2,2,2,2,2,2,2,2,2,2,2,1.61007,1.50277,1.45446,1.43963,1.45331,1.50006,1.60378,2,2,2,2,2,2,2,2,2,2,2,2,2,2,2,2,
15.6,-2.27894,-4.82055,0.258989,2,2,2,2,2,2,2,2,2,2,2,2,2,2,2,2,2,2,2,2,2,2,2,2,2,2,2,2,2,2,2,2,2,2,2,2,2,2,2,2,2,2,2,2,2,2,2,2,2,2,2,2,2,2,2,2,2,2,2,2,2,2,2,2,2,1.72694,1.55691,1.48847,1.46071,1.46292,1.49583,1.57299,1.79279,2,2,2,2,2,2,2,2,2,2,2,2,2,2,2,2,2,
15.7,-2.20644,-4.80135,0.408989,2,2,2,2,2,2,2,2,2,2,2,2,2,2,2,2,2,2,2,2,2,2,2,2,2,2,2,2,2,2,2,2,2,2,2,2,2,2,2,2,2,2,2,2,2,2,2,2,2,2,2,2,2,2,2,2,2,2,2,2,2,2,2,2,1.61783,1.52137,1.4786,1.46879,1.48863,1.54525,1.67511,2,2,2,2,2,2,2,2,2,2,2,2,2,2,2,2,2,2,2,
15.8,-2.13762,-4.77152,0.539913,2,2,2,2,2,2,2,2,2,2,2,2,2,2,2,2,2,2,2,2,2,2,2,2,2,2,2,2,2,2,2,2,2,2,2,2,2,2,2,2,2,2,2,2,2,2,2,2,2,2,2,2,2,2,2,2,2,2,2,2,2,2,1.78628,1.58074,1.50562,1.47419,1.47363,1.50374,1.57661,1.76866,2,2,2,2,2,2,2,2,2,2,2,2,2,2,2,2,2,2,2,2,
15.9,-2.07329,-4.73296,0.649073,2,2,2,2,2,2,2,2,2,2,2,2,2,2,2,2,2,2,2,2,2,2,2,2,2,2,2,2,2,2,2,2,2,2,2,2,2,2,2,2,2,2,2,2,2,2,2,2,2,2,2,2,2,2,2,2,2,2,2,2,2,1.77304,1.57405,1.49994,1.46897,1.46863,1.4988,1.57155,1.76274,2,2,2,2,2,2,2,2,2,2,2,2,2,2,2,2,2,2,2,2,2,
16,-2.01354,-4.68763,0.740147,2,2,2,2,2,2,2,2,2,2,2,2,2,2,2,2,2,2,2,2,2,2,2,2,2,2,2,2,2,2,2,2,2,2,2,2,2,2,2,2,2,2,2,2,2,2,2,2,2,2,2,2,2,2,2,2,2,2,2,2,2,1.59089,1.50225,1.46306,1.45562,1.47747,1.53652,1.67281,2,2,2,2,2,2,2,2,2,2,2,2,2,2,2,2,2,2,2,2,2,2,
16.1,-1.95816,-4.63705,0.816172,2,2,2,2,2,2,2,2,2,2,2,2,2,2,2,2,2,2,2,2,2,2,2,2,2,2,2,2,2,2,2,2,2,2,2,2,2,2,2,2,2,2,2,2,2,2,2,2,2,2,2,2,2,2,2,2,2,2,2,2,1.64755,1.51861,1.46184,1.44111,1.44911,1.48845,1.57674,2,2,2,2,2,2,2,2,2,2,2,2,2,2,2,2,2,2,2,2,2,2,2,
16.2,-1.90679,-4.58241,0.879668,2,2,2,2,2,2,2,2,2,2,2,2,2,2,2,2,2,2,2,2,2,2,2,2,2,2,2,2,2,2,2,2,2,2,2,2,2,2,2,2,2,2,2,2,2,2,2,2,2,2,2,2,2,2,2,2,2,2,2,2,1.56515,1.47439,1.43341,1.42361,1.44183,1.49423,1.61069,2,2,2,2,2,2,2,2,2,2,2,2,2,2,2,2,2,2,2,2,2,2,2,
16.3,-1.85898,-4.52462,0.932724,2,2,2,2,2,2,2,2,2,2,2,2,2,2,2,2,2,2,2,2,2,2,2,2,2,2,2,2,2,2,2,2,2,2,2,2,2,2,2,2,2,2,2,2,2,2,2,2,2,2,2,2,2,2,2,2,2,2,2,1.71564,1.51695,1.44249,1.4098,1.40605,1.43011,1.49042,1.62825,2,2,2,2,2,2,2,2,2,2,2,2,2,2,2,2,2,2,2,2,2,2,2,
16.4,-1.81431,-4.46438,0.977074,2,2,2,2,2,2,2,2,2,2,2,2,2,2,2,2,2,2,2,2,2,2,2,2,2,2,2,2,2,2,2,2,2,2,2,2,2,2,2,2,2,2,2,2,2,2,2,2,2,2,2,2,2,2,2,2,2,2,2,1.64774,1.48482,1.41729,1.38818,1.38685,1.41288,1.47545,1.61978,2,2,2,2,2,2,2,2,2,2,2,2,2,2,2,2,2,2,2,2,2,2,2,
16.5,-1.77235,-4.40221,1.01416,2,2,2,2,2,2,2,2,2,2,2,2,2,2,2,2,2,2,2,2,2,2,2,2,2,2,2,2,2,2,2,2,2,2,2,2,2,2,2,2,2,2,2,2,2,2,2,2,2,2,2,2,2,2,2,2,2,2,2,1.62062,1.46315,1.39676,1.36784,1.36603,1.39079,1.45055,1.5849,2,2,2,2,2,2,2,2,2,2,2,2,2,2,2,2,2,2,2,2,2,2,2,
16.6,-1.73273,-4.33854,1.04519,2,2,2,2,2,2,2,2,2,2,2,2,2,2,2,2,2,2,2,2,2,2,2,2,2,2,2,2,2,2,2,2,2,2,2,2,2,2,2,2,2,2,2,2,2,2,2,2,2,2,2,2,2,2,2,2,2,2,2,1.62179,1.45036,1.38054,1.34909,1.34452,1.36552,1.41881,1.53403,2,2,2,2,2,2,2,2,2,2,2,2,2,2,2,2,2,2,2,2,2,2,2,
16.7,-1.6951,-4.27366,1.07116,2,2,2,2,2,2,2,2,2,2,2,2,2,2,2,2,2,2,2,2,2,2,2,2,2,2,2,2,2,2,2,2,2,2,2,2,2,2,2,2,2,2,2,2,2,2,2,2,2,2,2,2,2,2,2,2,2,2,2,1.66935,1.44693,1.36917,1.33279,1.32365,1.33913,1.38385,1.47813,2,2,2,2,2,2,2,2,2,2,2,2,2,2,2,2,2,2,2,2,2,2,2,
16.8,-1.65916,-4.20783,1.09291,2,2,2,2,2,2,2,2,2,2,2,2,2,2,2,2,2,2,2,2,2,2,2,2,2,2,2,2,2,2,2,2,2,2,2,2,2,2,2,2,2,2,2,2,2,2,2,2,2,2,2,2,2,2,2,2,2,2,2,2,1.45525,1.36383,1.3201,1.30484,1.3136,1.34882,1.42373,1.62281,2,2,2,2,2,2,2,2,2,2,2,2,2,2,2,2,2,2,2,2,2,2,
16.9,-1.62467,-4.14123,1.11113,2,2,2,2,2,2,2,2,2,2,2,2,2,2,2,2,2,2,2,2,2,2,2,2,2,2,2,2,2,2,2,2,2,2,2,2,2,2,2,2,2,2,2,2,2,2,2,2,2,2,2,2,2,2,2,2,2,2,2,2,1.48095,1.36629,1.31235,1.28949,1.29065,1.31614,1.37409,1.49991,2,2,2,2,2,2,2,2,2,2,2,2,2,2,2,2,2,2,2,2,2,2,
17,-1.5914,-4.07402,1.12639,2,2,2,2,2,2,2,2,2,2,2,2,2,2,2,2,2,2,2,2,2,2,2,2,2,2,2,2,2,2,2,2,2,2,2,2,2,2,2,2,2,2,2,2,2,2,2,2,2,2,2,2,2,2,2,2,2,2,2,2,1.54138,1.37937,1.31111,1.27895,1.27172,1.28749,1.33072,1.41981,2,2,2,2,2,2,2,2,2,2,2,2,2,2,2,2,2,2,2,2,2,2,
17.1,-1.55915,-4.0063,1.13919,2,2,2,2,2,2,2,2,2,2,2,2,2,2,2,2,2,2,2,2,2,2,2,2,2,2,2,2,2,2,2,2,2,2,2,2,2,2,2,2,2,2,2,2,2,2,2,2,2,2,2,2,2,2,2,2,2,2,2,2,2,1.40812,1.31838,1.27458,1.25804,1.26411,1.29439,1.35894,1.50554,2,2,2,2,2,2,2,2,2,2,2,2,2,2,2,2,2,2,2,2,2,
17.2,-1.52778,-3.93818,1.14993,2,2,2,2,2,2,2,2,2,2,2,2,2,2,2,2,2,2,2,2,2,2,2,2,2,2,2,2,2,2,2,2,2,2,2,2,2,2,2,2,2,2,2,2,2,2,2,2,2,2,2,2,2,2,2,2,2,2,2,2,2,1.465,1.33708,1.27794,1.25072,1.24689,1.26545,1.31164,1.4061,2,2,2,2,2,2,2,2,2,2,2,2,2,2,2,2,2,2,2,2,2,
17.3,-1.49714,-3.86972,1.15894,2,2,2,2,2,2,2,2,2,2,2,2,2,2,2,2,2,2,2,2,2,2,2,2,2,2,2,2,2,2,2,2,2,2,2,2,2,2,2,2,2,2,2,2,2,2,2,2,2,2,2,2,2,2,2,2,2,2,2,2,2,2,1.37248,1.29105,1.25097,1.23663,1.24417,1.27553,1.34113,1.49108,2,2,2,2,2,2,2,2,2,2,2,2,2,2,2,2,2,2,2,2,
17.4,-1.46711,-3.80099,1.16651,2,2,2,2,2,2,2,2,2,2,2,2,2,2,2,2,2,2,2,2,2,2,2,2,2,2,2,2,2,2,2,2,2,2,2,2,2,2,2,2,2,2,2,2,2,2,2,2,2,2,2,2,2,2,2,2,2,2,2,2,2,2,1.43752,1.31707,1.26025,1.23415,1.2308,1.24938,1.29503,1.3877,2,2,2,2,2,2,2,2,2,2,2,2,2,2,2,2,2,2,2,2,
17.5,-1.43761,-3.73204,1.17287,2,2,2,2,2,2,2,2,2,2,2,2,2,2,2,2,2,2,2,2,2,2,2,2,2,2,2,2,2,2,2,2,2,2,2,2,2,2,2,2,2,2,2,2,2,2,2,2,2,2,2,2,2,2,2,2,2,2,2,2,2,2,2,1.36199,1.28068,1.24046,1.22572,1.23256,1.26269,1.32584,1.4663,2,2,2,2,2,2,2,2,2,2,2,2,2,2,2,2,2,2,2,
17.6,-1.40855,-3.6629,1.17821,2,2,2,2,2,2,2,2,2,2,2,2,2,2,2,2,2,2,2,2,2,2,2,2,2,2,2,2,2,2,2,2,2,2,2,2,2,2,2,2,2,2,2,2,2,2,2,2,2,2,2,2,2,2,2,2,2,2,2,2,2,2,2,1.44206,1.31584,1.25701,1.2295,1.22482,1.24177,1.28497,1.37223,2,2,2,2,2,2,2,2,2,2,2,2,2,2,2,2,2,2,2,
17.7,-1.37985,-3.59361,1.18271,2,2,2,2,2,2,2,2,2,2,2,2,2,2,2,2,2,2,2,2,2,2,2,2,2,2,2,2,2,2,2,2,2,2,2,2,2,2,2,2,2,2,2,2,2,2,2,2,2,2,2,2,2,2,2,2,2,2,2,2,2,2,2,2,1.3732,1.28615,1.24308,1.22625,1.2311,1.25885,1.31812,1.44575,2,2,2,2,2,2,2,2,2,2,2,2,2,2,2,2,2,2,
17.8,-1.35147,-3.52418,1.18649,2,2,2,2,2,2,2,2,2,2,2,2,2,2,2,2,2,2,2,2,2,2,2,2,2,2,2,2,2,2,2,2,2,2,2,2,2,2,2,2,2,2,2,2,2,2,2,2,2,2,2,2,2,2,2,2,2,2,2,2,2,2,2,2,1.47665,1.33219,1.26798,1.23731,1.23016,1.24469,1.2848,1.36606,2,2,2,2,2,2,2,2,2,2,2,2,2,2,2,2,2,2,
17.9,-1.32335,-3.45465,1.18968,2,2,2,2,2,2,2,2,2,2,2,2,2,2,2,2,2,2,2,2,2,2,2,2,2,2,2,2,2,2,2,2,2,2,2,2,2,2,2,2,2,2,2,2,2,2,2,2,2,2,2,2,2,2,2,2,2,2,2,2,2,2,2,2,2,1.40519,1.30696,1.25894,1.23889,1.24111,1.26615,1.3216,1.43846,2,2,2,2,2,2,2,2,2,2,2,2,2,2,2,2,2,
18,-1.29546,-3.38504,1.19237,2,2,2,2,2,2,2,2,2,2,2,2,2,2,2,2,2,2,2,2,2,2,2,2,2,2,2,2,2,2,2,2,2,2,2,2,2,2,2,2,2,2,2,2,2,2,2,2,2,2,2,2,2,2,2,2,2,2,2,2,2,2,2,2,2,1.54884,1.36548,1.2929,1.25776,1.2475,1.25941,1.29666,1.37311,1.58394,2,2,2,2,2,2,2,2,2,2,2,2,2,2,2,2,
18.1,-1.26775,-3.31534,1.19463,2,2,2,2,2,2,2,2,2,2,2,2,2,2,2,2,2,2,2,2,2,2,2,2,2,2,2,2,2,2,2,2,2,2,2,2,2,2,2,2,2,2,2,2,2,2,2,2,2,2,2,2,2,2,2,2,2,2,2,2,2,2,2,2,2,2,1.45807,1.34247,1.2878,1.26382,1.2632,1.28579,1.33836,1.44846,2,2,2,2,2,2,2,2,2,2,2,2,2,2,2,2,
18.2,-1.2402,-3.24559,1.19655,2,2,2,2,2,2,2,2,2,2,2,2,2,2,2,2,2,2,2,2,2,2,2,2,2,2,2,2,2,2,2,2,2,2,2,2,2,2,2,2,2,2,2,2,2,2,2,2,2,2,2,2,2,2,2,2,2,2,2,2,2,2,2,2,2,2,2,1.41483,1.33105,1.29055,1.27694,1.28644,1.32162,1.39539,1.58643,2,2,2,2,2,2,2,2,2,2,2,2,2,2,2,
18.3,-1.21278,-3.17578,1.19816,2,2,2,2,2,2,2,2,2,2,2,2,2,2,2,2,2,2,2,2,2,2,2,2,2,2,2,2,2,2,2,2,2,2,2,2,2,2,2,2,2,2,2,2,2,2,2,2,2,2,2,2,2,2,2,2,2,2,2,2,2,2,2,2,2,2,2,1.53264,1.39153,1.32888,1.30063,1.29736,1.31816,1.36938,1.47746,2,2,2,2,2,2,2,2,2,2,2,2,2,2,2,
18.4,-1.18547,-3.10592,1.19953,2,2,2,2,2,2,2,2,2,2,2,2,2,2,2,2,2,2,2,2,2,2,2,2,2,2,2,2,2,2,2,2,2,2,2,2,2,2,2,2,2,2,2,2,2,2,2,2,2,2,2,2,2,2,2,2,2,2,2,2,2,2,2,2,2,2,2,2,1.47872,1.38116,1.33483,1.31802,1.3257,1.36004,1.43387,1.62612,2,2,2,2,2,2,2,2,2,2,2,2,2,2,
18.5,-1.15826,-3.03603,1.20068,2,2,2,2,2,2,2,2,2,2,2,2,2,2,2,2,2,2,2,2,2,2,2,2,2,2,2,2,2,2,2,2,2,2,2,2,2,2,2,2,2,2,2,2,2,2,2,2,2,2,2,2,2,2,2,2,2,2,2,2,2,2,2,2,2,2,2,2,1.63131,1.45224,1.38085,1.34847,1.34309,1.36317,1.41508,1.52672,2,2,2,2,2,2,2,2,2,2,2,2,2,2,
18.6,-1.13113,-2.96611,1.20166,2,2,2,2,2,2,2,2,2,2,2,2,2,2,2,2,2,2,2,2,2,2,2,2,2,2,2,2,2,2,2,2,2,2,2,2,2,2,2,2,2,2,2,2,2,2,2,2,2,2,2,2,2,2,2,2,2,2,2,2,2,2,2,2,2,2,2,2,2,1.55443,1.44135,1.38932,1.36988,1.37672,1.4119,1.4893,1.70875,2,2,2,2,2,2,2,2,2,2,2,2,2,
18.7,-1.10407,-2.89616,1.20249,2,2,2,2,2,2,2,2,2,2,2,2,2,2,2,2,2,2,2,2,2,2,2,2,2,2,2,2,2,2,2,2,2,2,2,2,2,2,2,2,2,2,2,2,2,2,2,2,2,2,2,2,2,2,2,2,2,2,2,2,2,2,2,2,2,2,2,2,2,1.76813,1.52186,1.44199,1.40615,1.39965,1.4205,1.47575,1.59856,2,2,2,2,2,2,2,2,2,2,2,2,2,
18.8,-1.07707,-2.82619,1.2032,2,2,2,2,2,2,2,2,2,2,2,2,2,2,2,2,2,2,2,2,2,2,2,2,2,2,2,2,2,2,2,2,2,2,2,2,2,2,2,2,2,2,2,2,2,2,2,2,2,2,2,2,2,2,2,2,2,2,2,2,2,2,2,2,2,2,2,2,2,2,1.63765,1.50925,1.4525,1.43152,1.43896,1.47721,1.56297,2,2,2,2,2,2,2,2,2,2,2,2,2,
18.9,-1.05012,-2.75621,1.2038,2,2,2,2,2,2,2,2,2,2,2,2,2,2,2,2,2,2,2,2,2,2,2,2,2,2,2,2,2,2,2,2,2,2,2,2,2,2,2,2,2,2,2,2,2,2,2,2,2,2,2,2,2,2,2,2,2,2,2,2,2,2,2,2,2,2,2,2,2,2,2,1.59703,1.51033,1.47239,1.46627,1.48994,1.55217,1.69913,2,2,2,2,2,2,2,2,2,2,2,2,
19,-1.02321,-2.6862,1.20431,2,2,2,2,2,2,2,2,2,2,2,2,2,2,2,2,2,2,2,2,2,2,2,2,2,2,2,2,2,2,2,2,2,2,2,2,2,2,2,2,2,2,2,2,2,2,2,2,2,2,2,2,2,2,2,2,2,2,2,2,2,2,2,2,2,2,2,2,2,2,2,1.72239,1.58234,1.52282,1.50198,1.51201,1.55641,1.6579,2,2,2,2,2,2,2,2,2,2,2,2,
19.1,-0.996331,-2.61618,1.20474,2,2,2,2,2,2,2,2,2,2,2,2,2,2,2,2,2,2,2,2,2,2,2,2,2,2,2,2,2,2,2,2,2,2,2,2,2,2,2,2,2,2,2,2,2,2,2,2,2,2,2,2,2,2,2,2,2,2,2,2,2,2,2,2,2,2,2,2,2,2,2,2,1.67428,1.58405,1.5461,1.54242,1.57168,1.64629,1.85199,2,2,2,2,2,2,2,2,2,2,2,
19.2,-0.969485,-2.54615,1.20511,2,2,2,2,2,2,2,2,2,2,2,2,2,2,2,2,2,2,2,2,2,2,2,2,2,2,2,2,2,2,2,2,2,2,2,2,2,2,2,2,2,2,2,2,2,2,2,2,2,2,2,2,2,2,2,2,2,2,2,2,2,2,2,2,2,2,2,2,2,2,2,2,1.80241,1.65845,1.59905,1.58065,1.59595,1.6509,1.78196,2,2,2,2,2,2,2,2,2,2,2,
19.3,-0.942666,-2.47611,1.20543,2,2,2,2,2,2,2,2,2,2,2,2,2,2,2,2,2,2,2,2,2,2,2,2,2,2,2,2,2,2,2,2,2,2,2,2,1.94932,1.94311,1.9875,2,2,2,2,2,2,2,2,2,2,2,2,2,2,2,2,2,2,2,2,2,2,2,2,2,2,2,2,2,2,2,2,2,2,1.75096,1.66181,1.6266,1.62809,1.66684,1.7628,2,2,2,2,2,2,2,2,2,2,2,
19.4,-0.915869,-2.40606,1.2057,2,2,2,2,2,2,2,2,2,2,2,2,2,2,2,2,2,2,2,2,2,2,2,2,2,2,2,2,2,2,2,2,2,2,2,1.92251,1.87985,1.88485,1.94003,2,2,2,2,2,2,2,2,2,2,2,2,2,2,2,2,2,2,2,2,2,2,2,2,2,2,2,2,2,2,2,2,2,2,1.87446,1.73627,1.68053,1.6675,1.6917,1.7641,1.96513,2,2,2,2,2,2,2,2,2,2,
19.5,-0.889091,-2.336,1.20593,2,2,2,2,2,2,2,2,2,2,2,2,2,2,2,2,2,2,2,2,2,2,2,2,2,2,2,2,2,2,2,2,2,2,1.9283,1.84205,1.81417,1.82972,1.89635,2,2,2,2,2,2,2,2,2,2,2,2,2,2,2,2,2,2,2,2,2,2,2,2,2,1.9983,2,2,2,2,2,2,2,2,2,1.8261,1.7431,1.71392,1.72413,1.77815,1.91437,2,2,2,2,2,2,2,2,2,2,
19.6,-0.862329,-2.26594,1.20613,2,2,2,2,2,2,2,2,2,2,2,2,2,2,2,2,2,2,2,2,2,2,2,2,2,2,2,2,2,2,2,2,2,1.99508,1.8298,1.76717,1.75218,1.77791,1.85715,2,2,2,2,2,2,2,2,2,2,2,2,2,2,2,2,2,2,2,2,2,2,2,2,2,1.98729,1.99521,2,2,2,2,2,2,2,2,1.93989,1.81563,1.76743,1.76337,1.80161,1.90405,2,2,2,2,2,2,2,2,2,2,
19.7,-0.835581,-2.19587,1.2063,2,2,2,2,2,2,2,2,2,2,2,2,2,2,2,2,2,2,2,2,2,2,2,2,2,2,2,2,2,2,2,2,2,1.85243,1.74149,1.69731,1.69385,1.72968,1.82356,2,2,2,2,2,2,2,2,2,2,2,2,2,2,2,2,2,2,2,2,2,2,2,2,2,1.98728,1.97418,2,2,2,2,2,2,2,2,2,1.90053,1.8284,1.80902,1.8327,1.91165,2,2,2,2,2,2,2,2,2,2,
19.8,-0.808845,-2.1258,1.20644,2,2,2,2,2,2,2,2,2,2,2,2,2,2,2,2,2,2,2,2,2,2,2,2,2,2,2,2,2,2,2,2,1.98085,1.73973,1.66115,1.6321,1.63926,1.68544,1.79749,2,2,2,2,2,2,2,2,2,2,2,2,2,2,2,2,2,2,2,2,2,2,2,2,2,1.99937,1.9643,1.97973,2,2,2,2,2,2,2,2,2,1.89759,1.86093,1.87038,1.93067,2,2,2,2,2,2,2,2,2,2,
19.9,-0.782119,-2.05572,1.20657,2,2,2,2,2,2,2,2,2,2,2,2,2,2,2,2,2,2,2,2,2,2,2,2,2,2,2,2,2,2,2,2,1.77592,1.64323,1.5875,1.57136,1.58855,1.64578,1.78275,2,2,2,2,2,2,2,2,2,2,2,2,2,2,2,2,2,2,2,2,2,2,2,2,2,2,1.96555,1.95987,2,2,2,2,2,2,2,2,2,1.9764,1.9192,1.91403,1.95817,2,2,2,2,2,2,2,2,2,2,
20,-0.755402,-1.98564,1.20668,2,2,2,2,2,2,2,2,2,2,2,2,2,2,2,2,2,2,2,2,2,2,2,2,2,2,2,2,2,2,2,2,1.64732,1.55794,1.51976,1.515,1.542,1.61162,1.78965,2,2,2,2,2,2,2,2,2,2,2,2,2,2,2,2,2,2,2,2,2,2,2,2,2,2,1.97869,1.95152,1.97388,2,2,2,2,2,2,2,2,2,1.9842,1.96331,1.99255,2,2,2,2,2,2,2,2,2,2,
20.1,-0.728693,-1.91556,1.20678,2,2,2,2,2,2,2,2,2,2,2,2,2,2,2,2,2,2,2,2,2,2,2,2,2,2,2,2,2,2,2,1.69015,1.54364,1.48141,1.4575,1.4631,1.50004,1.58445,2,2,2,2,2,2,2,2,2,2,2,2,2,2,2,2,2,2,2,2,2,2,2,2,2,2,2,2,1.95439,1.95542,2,2,2,2,2,2,2,2,2,2,2,2,2,2,2,2,2,2,2,2,2,2,
20.2,-0.70199,-1.84547,1.20686,2,2,2,2,2,2,2,2,2,2,2,2,2,2,2,2,2,2,2,2,2,2,2,2,2,2,2,2,2,2,2,1.54819,1.45495,1.41227,1.40047,1.41584,1.46333,1.56698,2,2,2,2,2,2,2,2,2,2,2,2,2,2,2,2,2,2,2,2,2,2,2,2,2,2,2,2,1.96897,1.94879,1.97807,2,2,2,2,2,2,2,2,2,2,2,2,2,2,2,2,2,2,2,2,2,
20.3,-0.675293,-1.77539,1.20693,2,2,2,2,2,2,2,2,2,2,2,2,2,2,2,2,2,2,2,2,2,2,2,2,2,2,2,2,2,2,1.5859,1.44052,1.37719,1.34972,1.34862,1.37355,1.43288,1.5652,2,2,2,2,2,2,2,2,2,2,2,2,2,2,2,2,2,2,2,2,2,2,2,2,2,2,2,2,1.99675,1.95344,1.96102,2,2,2,2,2,2,2,2,2,2,2,2,2,2,2,2,2,2,2,2,2,
20.4,-0.648601,-1.7053,1.20699,2,2,2,2,2,2,2,2,2,2,2,2,2,2,2,2,2,2,2,2,2,2,2,2,2,2,2,2,2,2,1.44035,1.35115,1.30827,1.29333,1.30203,1.33678,1.4104,1.60079,2,2,2,2,2,2,2,2,2,2,2,2,2,2,2,2,2,2,2,2,2,2,2,2,2,2,2,2,2,1.9696,1.9561,1.99288,2,2,2,2,2,2,2,2,2,2,2,2,2,2,2,2,2,2,2,2,
20.5,-0.621914,-1.63521,1.20705,2,2,2,2,2,2,2,2,2,2,2,2,2,2,2,2,2,2,2,2,2,2,2,2,2,2,2,2,2,1.46235,1.33386,1.27449,1.24704,1.2429,1.26101,1.30643,1.39905,2,2,2,2,2,2,2,2,2,2,2,2,2,2,2,2,2,2,2,2,2,2,2,2,2,2,2,2,2,2,1.99841,1.96247,1.97702,2,2,2,2,2,2,2,2,2,2,2,2,2,2,2,2,2,2,2,2,
20.6,-0.595231,-1.56511,1.2071,2,2,2,2,2,2,2,2,2,2,2,2,2,2,2,2,2,2,2,2,2,2,2,2,2,2,2,2,1.56533,1.32599,1.24733,1.20787,1.19288,1.19849,1.22607,1.28393,1.40618,2,2,2,2,2,2,2,2,2,2,2,2,2,2,2,2,2,2,2,2,2,2,2,2,2,2,2,2,2,2,2,1.98012,1.97357,2,2,2,2,2,2,2,2,2,2,2,2,2,2,2,2,2,2,2,2,
20.7,-0.568551,-1.49502,1.20714,2,2,2,2,2,2,2,2,2,2,2,2,2,2,2,2,2,2,2,2,2,2,2,2,2,2,2,2,1.33005,1.22618,1.17451,1.14987,1.14549,1.16035,1.19809,1.27186,1.46276,2,2,2,2,2,2,2,2,2,2,2,2,2,2,2,2,2,2,2,2,2,2,2,2,2,2,2,2,2,2,2,2,1.98141,2,2,2,2,2,2,2,2,2,2,2,2,2,2,2,2,2,2,2,2,
20.8,-0.541873,-1.42492,1.20718,2,2,2,2,2,2,2,2,2,2,2,2,2,2,2,2,2,2,2,2,2,2,2,2,2,2,2,1.35418,1.21077,1.14605,1.1125,1.09974,1.10488,1.12904,1.17853,1.27565,2,2,2,2,2,2,2,2,2,2,2,2,2,2,2,2,1.96994,1.98005,2,2,2,2,2,2,2,2,2,2,2,2,2,2,2,2,2,2,2,2,2,2,2,2,2,2,2,2,2,2,2,2,2,2,2,2,
20.9,-0.515199,-1.35483,1.20721,2,2,2,2,2,2,2,2,2,2,2,2,2,2,2,2,2,2,2,2,2,2,2,2,2,2,2,1.20124,1.12181,1.07975,1.05977,1.05715,1.07136,1.10553,1.17,1.31181,2,2,2,2,2,2,2,2,2,2,2,2,2,2,2,1.9623,1.91059,1.90938,1.95803,2,2,2,2,2,2,2,2,2,2,2,2,2,2,2,2,2,2,2,2,2,2,2,2,2,2,2,2,2,2,2,2,2,2,2,
21,-0.488527,-1.28473,1.20724,2,2,2,2,2,2,2,2,2,2,2,2,2,2,2,2,2,2,2,2,2,2,2,2,2,2,1.19835,1.10132,1.05095,1.02457,1.01556,1.02214,1.04558,1.09148,1.17798,2,2,2,2,2,2,2,2,2,2,2,2,2,2,2,2,1.91694,1.85425,1.84243,1.87559,1.97294,2,2,2,2,2,2,2,2,2,2,2,2,2,2,2,2,2,2,2,2,2,2,2,2,2,2,2,2,2,2,2,2,2,2,
21.1,-0.461857,-1.21463,1.20727,2,2,2,2,2,2,2,2,2,2,2,2,2,2,2,2,2,2,2,2,2,2,2,2,2,1.20416,1.08427,1.02559,0.993454,0.979085,0.979603,0.995103,1.02873,1.09001,1.21884,2,2,2,2,2,2,2,2,2,2,2,2,2,2,2,2,1.87571,1.80108,1.77909,1.79885,1.86999,2,2,2,2,2,2,2,2,2,2,2,2,2,2,2,2,2,2,2,2,2,2,2,2,2,2,2,2,2,2,2,2,2,2,
21.2,-0.435188,-1.14453,1.20729,2,2,2,2,2,2,2,2,2,2,2,2,2,2,2,2,2,2,2,2,2,2,2,2,1.22491,1.07051,1.00336,0.965991,0.947054,0.942666,0.952054,0.976927,1.02295,1.10797,2,2,2,2,2,2,2,2,2,2,2,2,2,2,2,2,2,1.83954,1.75133,1.71934,1.72719,1.77829,1.90713,2,2,2,2,2,2,2,2,2,2,2,2,2,2,2,2,2,2,2,2,2,2,2,2,2,2,2,2,2,2,2,2,2,
21.3,-0.408522,-1.07443,1.20731,2,2,2,2,2,2,2,2,2,2,2,2,2,2,2,2,2,2,2,2,2,2,2,2,1.06009,0.984124,0.941927,0.919049,0.910625,0.915195,0.933531,0.969229,1.03249,1.16904,2,2,2,2,2,2,2,2,2,2,2,2,2,2,2,2,2,1.80994,1.70533,1.66322,1.66022,1.69511,1.78544,2,2,2,2,2,2,2,2,2,2,2,2,2,2,2,2,2,2,2,2,2,2,2,2,2,2,2,2,2,2,2,2,2,
21.4,-0.381857,-1.00433,1.20733,2,2,2,2,2,2,2,2,2,2,2,2,2,2,2,2,2,2,2,2,2,2,2,1.05325,0.96789,0.921175,0.894851,0.883058,0.883757,0.897061,0.925311,0.975084,1.06791,2,2,2,2,2,2,2,2,2,2,2,2,2,2,2,2,2,2,1.7897,1.66362,1.61088,1.59771,1.61895,1.68338,1.84514,2,2,2,2,2,2,2,2,2,2,2,2,2,2,2,2,2,2,2,2,2,2,2,2,2,2,2,2,2,2,2,2,
21.5,-0.355193,-0.934234,1.05733,2,2,2,2,2,2,2,2,2,2,2,2,2,2,2,2,2,2,2,2,2,2,2,2,1.06963,0.963468,0.908759,0.877176,0.860875,0.856944,0.864767,0.885602,0.923482,0.989617,1.14112,2,2,2,2,2,2,2,2,2,2,2,2,2,2,2,2,2,2,1.82684,1.63927,1.56793,1.5406,1.54596,1.58593,1.68007,2,2,2,2,2,2,2,2,2,2,2,2,2,2,2,2,2,2,2,2,2,2,2,2,2,2,2,2,2,2,
21.6,-0.319308,-0.870598,1.20733,2,2,2,2,2,2,2,2,2,2,2,2,2,2,2,2,2,2,2,2,2,1.04625,0.937144,0.881439,0.848879,0.83131,0.82564,0.831009,0.848228,0.880312,0.935188,1.04169,2,2,2,2,2,2,2,2,2,2,2,2,2,2,2,2,2,2,2,1.90194,1.61268,1.53064,1.49582,1.49307,1.52146,1.59235,1.77515,2,2,2,2,2,2,2,2,2,2,2,2,2,2,2,2,2,2,2,2,2,2,2,2,2,2,2,2,2,2,2,
21.7,-0.295686,-0.808494,1.05733,2,2,2,2,2,2,2,2,2,2,2,2,2,2,2,2,2,2,2,2,2,2,1.12045,0.951581,0.883234,0.84375,0.821065,0.810809,0.811399,0.822919,0.847178,0.889021,0.962245,2,2,2,2,2,2,2,2,2,2,2,2,2,2,2,2,2,2,2,2,2,1.61387,1.50503,1.45608,1.44082,1.45411,1.50038,1.6031,2,2,2,2,2,2,2,2,2,2,2,2,2,2,2,2,2,2,2,2,2,2,2,2,2,2,2,2,2,
21.8,-0.265966,-0.755791,0.907332,2,2,2,2,2,2,2,2,2,2,2,2,2,2,2,2,2,2,2,2,2,2,2,2,0.976397,0.8872,0.838382,0.809427,0.793915,0.789318,0.794982,0.81172,0.84232,0.893884,0.990462,2,2,2,2,2,2,2,2,2,2,2,2,2,2,2,2,2,2,2,2,2,1.6647,1.50218,1.43494,1.40649,1.40631,1.43433,1.50088,1.66061,2,2,2,2,2,2,2,2,2,2,2,2,2,2,2,2,2,2,2,2,2,2,2,2,2,2,
21.9,-0.231907,-0.71222,0.757332,2,2,2,2,2,2,2,2,2,2,2,2,2,2,2,2,2,2,2,2,2,2,2,2,2,1.03282,0.897237,0.834911,0.798082,0.776535,0.766392,0.76618,0.775869,0.796861,0.832882,0.893669,1.02222,2,2,2,2,2,2,2,2,2,2,2,2,2,2,2,2,2,2,2,2,2,2,1.52686,1.43309,1.38966,1.37661,1.38989,1.43364,1.52807,2,2,2,2,2,2,2,2,2,2,2,2,2,2,2,2,2,2,2,2,2,2,2,2,
22,-0.194951,-0.677282,0.607332,2,2,2,2,2,2,2,2,2,2,2,2,2,2,2,2,2,2,2,2,2,2,2,2,2,2,2,0.921012,0.836092,0.788784,0.760117,0.743984,0.73788,0.74099,0.753721,0.777927,0.818159,0.886867,1.07022,2,2,2,2,2,2,2,2,2,2,2,2,2,2,2,2,2,2,2,2,2,2,1.59334,1.4518,1.38977,1.36347,1.36383,1.39094,1.45428,1.60028,2,2,2,2,2,2,2,2,2,2,2,2,2,2,2,2,2,2,2,2,2,
22.1,-0.156219,-0.650365,0.457332,2,2,2,2,2,2,2,2,2,2,2,2,2,2,2,2,2,2,2,2,2,2,2,2,2,2,2,2,0.987546,0.846402,0.783596,0.746057,0.723243,0.71112,0.708007,0.713513,0.72834,0.754652,0.797584,0.8718,2,2,2,2,2,2,2,2,2,2,2,2,2,2,2,2,2,2,2,2,2,2,2,2,1.49448,1.40654,1.36548,1.35357,1.36723,1.4106,1.50327,2,2,2,2,2,2,2,2,2,2,2,2,2,2,2,2,2,2,2,
22.2,-0.116535,-0.630836,0.307332,2,2,2,2,2,2,2,2,2,2,2,2,2,2,2,2,2,2,2,2,2,2,2,2,2,2,2,2,2,2,0.876581,0.785542,0.735899,0.705206,0.686696,0.677529,0.676544,0.683625,0.699645,0.726917,0.770819,0.847025,2,2,2,2,2,2,2,2,2,2,2,2,2,2,2,2,2,2,2,2,2,2,2,2,1.57198,1.44049,1.38154,1.35707,1.35887,1.38745,1.45293,1.6065,2,2,2,2,2,2,2,2,2,2,2,2,2,2,2,2,
22.3,-0.0764797,-0.618122,0.157332,2,2,2,2,2,2,2,2,2,2,2,2,2,2,2,2,2,2,2,2,2,2,2,2,2,2,2,2,2,2,2,2,0.800703,0.731784,0.690979,0.665282,0.649963,0.642926,0.643347,0.651273,0.667644,0.694757,0.737842,0.811952,2,2,2,2,2,2,2,2,2,2,2,2,2,2,2,2,2,2,2,2,2,2,2,2,2,1.49391,1.41105,1.3728,1.36334,1.37982,1.42741,1.52965,2,2,2,2,2,2,2,2,2,2,2,2,2,2,
22.4,-0.0364423,-0.611771,0.00733185,2,2,2,2,2,2,2,2,2,2,2,2,2,2,2,2,2,2,2,2,2,2,2,2,2,2,2,2,2,2,2,2,2,0.850309,0.737718,0.682102,0.64762,0.62565,0.612682,0.60711,0.608324,0.616454,0.632417,0.658346,0.69897,0.767291,2,2,2,2,2,2,2,2,2,2,2,2,2,2,2,2,2,2,2,2,2,2,2,2,2,1.57388,1.45415,1.3997,1.37883,1.38462,1.41882,1.49483,1.70324,2,2,2,2,2,2,2,2,2,2,2,
22.5,0.0033059,-0.611479,-0.142668,2,2,2,2,2,2,2,2,2,2,2,2,2,2,2,2,2,2,2,2,2,2,2,2,2,2,2,2,2,2,2,2,2,2,2,0.764793,0.681437,0.634824,0.605034,0.585865,0.574594,0.569941,0.571431,0.579213,0.594112,0.617989,0.654823,0.714822,0.852725,2,2,2,2,2,2,2,2,2,2,2,2,2,2,2,2,2,2,2,2,2,2,2,2,1.71336,1.51207,1.43717,1.40408,1.39983,1.4231,1.48196,1.61508,2,2,2,2,2,2,2,2,2,
22.6,0.0425447,-0.617116,-0.292668,2,2,2,2,2,2,2,2,2,2,2,2,2,2,2,2,2,2,2,2,2,2,2,2,2,2,2,2,2,2,2,2,2,2,2,2,2,0.696258,0.629096,0.588956,0.562714,0.545639,0.53554,0.531355,0.532688,0.539662,0.552965,0.574116,0.60625,0.65675,0.753126,2,2,2,2,2,2,2,2,2,2,2,2,2,2,2,2,2,2,2,2,2,2,2,2,2,1.58816,1.48502,1.43822,1.42405,1.43783,1.4841,1.58604,2,2,2,2,2,2,2,
22.7,0.0810365,-0.628714,-0.427033,2,2,2,2,2,2,2,2,2,2,2,2,2,2,2,2,2,2,2,2,2,2,2,2,2,2,2,2,2,2,2,2,2,2,2,2,2,2,0.718546,0.62056,0.570115,0.537889,0.51634,0.502284,0.494149,0.491164,0.493067,0.500024,0.512678,0.532383,0.561846,0.607158,0.688202,2,2,2,2,2,2,2,2,2,2,2,2,2,2,2,2,2,2,2,2,2,2,2,2,2,1.64367,1.52511,1.47246,1.45497,1.46656,1.51112,1.61075,2,2,2,2,2,
22.8,0.118736,-0.645868,-0.541741,2,2,2,2,2,2,2,2,2,2,2,2,2,2,2,2,2,2,2,2,2,2,2,2,2,2,2,2,2,2,2,2,2,2,2,2,2,2,2,0.738446,0.599431,0.54239,0.50691,0.48302,0.466845,0.456496,0.450995,0.449877,0.453055,0.460786,0.473751,0.493291,0.522024,0.565781,0.643387,2,2,2,2,2,2,2,2,2,2,2,2,2,2,2,2,2,2,2,2,2,2,2,2,2,1.65155,1.54755,1.50175,1.4903,1.50923,1.56543,1.69518,2,2,2,
22.9,0.155788,-0.668166,-0.655466,2,2,2,2,2,2,2,2,2,2,2,2,2,2,2,2,2,2,2,2,2,2,2,2,2,2,2,2,2,2,2,2,2,2,2,2,2,2,2,2,2,0.580746,0.514654,0.475519,0.44929,0.431148,0.418838,0.41117,0.407511,0.407587,0.411401,0.419244,0.431764,0.450181,0.476816,0.51666,0.584589,2,2,2,2,2,2,2,2,2,2,2,2,2,2,2,2,2,2,2,2,2,2,2,2,2,1.66174,1.57289,1.53539,1.53172,1.56057,1.63399,1.83211,2,
23,0.191963,-0.69598,-0.736514,1.81659,2,2,2,2,2,2,2,2,2,2,2,2,2,2,2,2,2,2,2,2,2,2,2,2,2,2,2,2,2,2,2,2,2,2,2,2,2,2,2,2,2,0.524177,0.465589,0.429856,0.405517,0.388398,0.37649,0.368703,0.364433,0.36338,0.365475,0.370858,0.379918,0.393391,0.412601,0.440058,0.481333,0.554744,2,2,2,2,2,2,2,2,2,2,2,2,2,2,2,2,2,2,2,2,2,2,2,2,1.75304,1.6352,1.58521,1.57327,1.59483,1.65861,1.81659,
23.1,0.22796,-0.728619,-0.802438,1.71079,1.88597,2,2,2,2,2,2,2,2,2,2,2,2,2,2,2,2,2,2,2,2,2,2,2,2,2,2,2,2,2,2,2,2,2,2,2,2,2,2,2,2,0.553119,0.454752,0.408067,0.377999,0.356992,0.341943,0.331269,0.32408,0.319867,0.318356,0.319455,0.323232,0.329928,0.340009,0.354291,0.374214,0.402542,0.445697,0.528453,2,2,2,2,2,2,2,2,2,2,2,2,2,2,2,2,2,2,2,2,2,2,2,1.81537,1.68671,1.63347,1.62069,1.64325,1.71079,
23.2,0.26415,-0.766064,-0.858549,1.70349,1.78596,2,2,2,2,2,2,2,2,2,2,2,2,2,2,2,2,2,2,2,2,2,2,2,2,2,2,2,2,2,2,2,2,2,2,2,2,2,2,2,2,2,0.444778,0.383237,0.347566,0.323364,0.305995,0.293311,0.284148,0.277822,0.273928,0.272236,0.272654,0.275203,0.280029,0.287422,0.297884,0.312253,0.331998,0.359959,0.402955,0.490765,2,2,2,2,2,2,2,2,2,2,2,2,2,2,2,2,2,2,2,2,2,2,1.85061,1.73002,1.68116,1.67339,1.70349,
23.3,0.300806,-0.808518,-0.905705,1.73446,1.78034,1.89722,2,2,2,2,2,2,2,2,2,2,2,2,2,2,2,2,2,2,2,2,2,2,2,2,2,2,2,2,2,2,2,2,2,2,2,2,2,2,2,2,0.439388,0.353372,0.312569,0.286122,0.267362,0.253545,0.243259,0.235688,0.230335,0.226893,0.22518,0.22511,0.226681,0.22997,0.235149,0.242514,0.252542,0.266013,0.28427,0.309889,0.348963,0.426792,2,2,2,2,2,2,2,2,2,2,2,2,2,2,2,2,2,2,2,2,2,1.86759,1.76849,1.731,1.73446,
23.4,0.338243,-0.856251,-0.944493,1.78837,1.81047,1.88576,2,2,2,2,2,2,2,2,2,2,2,2,2,2,2,2,2,2,2,2,2,2,2,2,2,2,2,2,2,2,2,2,2,2,2,2,2,2,2,2,2,0.315902,0.271386,0.244107,0.225102,0.211116,0.200565,0.192556,0.186546,0.182188,0.179258,0.177621,0.177203,0.177986,0.180004,0.183347,0.188177,0.194748,0.203457,0.214931,0.230221,0.251259,0.282281,0.337044,2,2,2,2,2,2,2,2,2,2,2,2,2,2,2,2,2,2,2,2,1.88049,1.80841,1.78837,
23.5,0.376837,-0.909596,-0.97634,1.85821,1.86139,1.91306,2,2,2,2,2,2,2,2,2,2,2,2,2,2,2,2,2,2,2,2,2,2,2,2,2,2,2,2,2,2,2,2,2,2,2,2,2,2,2,2,2,0.26824,0.222913,0.19671,0.17881,0.165707,0.155772,0.148111,0.14218,0.137635,0.134244,0.131855,0.130366,0.129721,0.129893,0.130889,0.132749,0.135546,0.139402,0.144498,0.151107,0.159647,0.17078,0.185642,0.206425,0.238412,0.304848,2,2,2,2,2,2,2,2,2,2,2,2,2,2,2,2,2,2,1.90196,1.85821,
23.6,0.41698,-0.968978,-1.00276,1.94069,1.92687,1.96186,2,2,2,2,2,2,2,2,2,2,2,2,2,2,2,2,2,2,2,2,2,2,2,2,2,2,2,2,2,2,2,2,2,2,2,2,2,2,2,2,2,0.207298,0.166323,0.143677,0.128483,0.117444,0.109075,0.102573,0.0974586,0.0934222,0.0902577,0.0878234,0.0860208,0.0847827,0.0840655,0.083845,0.0841137,0.0848808,0.0861721,0.0880335,0.0905346,0.0937776,0.0979096,0.103145,0.109805,0.118394,0.129759,0.145492,0.169211,0.213737,2,2,2,2,2,2,2,2,2,2,2,2,2,2,2,2,1.94069,
23.7,0.457329,-1.0322,-1.02451,2,2,2,2,2,2,2,2,2,2,2,2,2,2,2,2,2,2,2,2,2,2,2,2,2,2,2,2,2,2,2,2,2,2,2,2,2,2,2,2,2,2,2,2,0.133461,0.1038,0.0875593,0.0767995,0.0690535,0.0632083,0.0586666,0.0550717,0.0521961,0.0498871,0.0480386,0.0465755,0.0454441,0.0446059,0.0440341,0.0437113,0.0436281,0.0437819,0.0441773,0.044826,0.045748,0.0469734,0.0485445,0.0505208,0.0529853,0.0560559,0.0599038,0.0647877,0.0711194,0.0796084,0.0916325,0.110494,0.149554,2,2,2,2,2,2,2,2,2,2,2,2,2,
23.8,0.496293,-1.09628,-1.04209,2,2,2,2,2,2,2,2,2,2,2,2,2,2,2,2,2,2,2,2,2,2,2,2,2,2,2,2,2,2,2,2,2,2,2,2,2,2,2,2,2,2,2,0.0851079,0.0505533,0.0385193,0.031646,0.0271085,0.0238758,0.0214605,0.019597,0.0181266,0.0169486,0.0159951,0.0152196,0.0145887,0.0140783,0.0136707,0.0133528,0.0131152,0.0129511,0.0128559,0.0128273,0.0128644,0.0129681,0.0131413,0.0133887,0.0137174,0.0141373,0.0146619,0.0153097,0.0161058,0.0170849,0.018296,0.0198099,0.0217333,0.0242349,0.0275999,0.0323596,0.0396651,0.0528337,0.104751,2,2,2,2,2,2,2,2,
23.9,0.534124,-1.16104,-1.05643,
