0,1,-4,0.35055,2,2,2,2,2,2,2,2,2,2,2,2,2,2,2,2,2,2,2,2,2,2,2,2,2,2,2,2,2,2,2,2,2,2,2,2,1.86017,1.61694,1.53746,1.5043,1.50326,1.53396,1.60917,1.81668,2,2,2,2,2,2,2,2,2,2,2,2,2,2,2,1.64938,1.55189,1.50935,1.50069,1.52294,1.58451,1.73099,2,2,2,2,2,2,2,2,2,2,2,2,2,2,2,2,2,2,2,2,2,2,2,2,
0.1,1.07044,-3.97424,0.50055,2,2,2,2,2,2,2,2,2,2,2,2,2,2,2,2,2,2,2,2,2,2,2,2,2,2,2,2,2,2,2,2,2,2,1.63355,1.50705,1.45097,1.4304,1.4382,1.47686,1.56336,2,2,2,2,2,2,2,2,2,2,2,2,2,2,2,2,1.68477,1.55305,1.49589,1.4759,1.4858,1.52898,1.62664,2,2,2,2,2,2,2,2,2,2,2,2,2,2,2,2,2,2,2,2,2,2,2,2,2,2,
0.2,1.13624,-3.93825,0.65055,2,2,2,2,2,2,2,2,2,2,2,2,2,2,2,2,2,2,2,2,2,2,2,2,2,2,2,2,2,2,2,1.73694,1.48987,1.40998,1.37335,1.36521,1.38313,1.43281,1.53996,2,2,2,2,2,2,2,2,2,2,2,2,2,2,2,2,1.74001,1.55032,1.47766,1.44697,1.44615,1.47493,1.54439,1.71821,2,2,2,2,2,2,2,2,2,2,2,2,2,2,2,2,2,2,2,2,2,2,2,2,2,2,2,
0.3,1.19592,-3.89283,0.80055,2,2,2,2,2,2,2,2,2,2,2,2,2,2,2,2,2,2,2,2,2,2,2,2,2,2,2,2,2,1.48611,1.37914,1.32855,1.30847,1.31276,1.34261,1.40832,1.561,2,2,2,2,2,2,2,2,2,2,2,2,2,2,2,2,2,1.54268,1.45373,1.41322,1.40316,1.4204,1.4706,1.58069,2,2,2,2,2,2,2,2,2,2,2,2,2,2,2,2,2,2,2,2,2,2,2,2,2,2,2,2,2,
0.4,1.24814,-3.839,0.95055,2,2,2,2,2,2,2,2,2,2,2,2,2,2,2,2,2,2,2,2,2,2,2,2,2,2,1.49966,1.35793,1.29473,1.26531,1.26,1.27741,1.32247,1.41496,2,2,2,2,2,2,2,2,2,2,2,2,2,2,2,2,2,2,1.52829,1.42292,1.37384,1.3561,1.3641,1.40023,1.47882,1.70969,2,2,2,2,2,2,2,2,2,2,2,2,2,2,2,2,2,2,2,2,2,2,2,2,2,2,2,2,2,2,
0.5,1.29174,-3.77797,1.10055,2,2,2,2,2,2,2,2,2,2,2,2,2,2,2,2,2,2,2,2,2,2,2,1.5491,1.34758,1.27228,1.23516,1.2227,1.23166,1.26432,1.33165,1.4883,2,2,2,2,2,2,2,2,2,2,2,2,2,2,2,2,2,2,1.50392,1.38376,1.32799,1.30428,1.30511,1.33073,1.38942,1.51801,2,2,2,2,2,2,2,2,2,2,2,2,2,2,2,2,2,2,2,2,2,2,2,2,2,2,2,2,2,2,2,2,
0.6,1.32572,-3.71111,1.24189,2,2,2,2,2,2,2,2,2,2,2,2,2,2,2,2,2,2,2,2,2,1.36774,1.27062,1.22249,1.20146,1.20169,1.22325,1.27213,1.37101,2,2,2,2,2,2,2,2,2,2,2,2,2,2,2,2,2,2,2,1.49365,1.34534,1.28021,1.24924,1.24217,1.25717,1.29832,1.38206,2,2,2,2,2,2,2,2,2,2,2,2,2,2,2,2,2,2,2,2,2,2,2,2,2,2,2,2,2,2,2,2,2,2,
0.7,1.34994,-3.64013,1.36054,2,2,2,2,2,2,2,2,2,2,2,2,2,2,2,2,2,2,1.52607,1.31754,1.24147,1.2033,1.18919,1.19555,1.22391,1.28288,1.40842,2,2,2,2,2,2,2,2,2,2,2,2,2,2,2,2,2,2,2,2,1.33431,1.2441,1.19873,1.1791,1.17998,1.20157,1.24977,1.34632,2,2,2,2,2,2,2,2,2,2,2,2,2,2,2,2,2,2,2,2,2,2,2,2,2,2,2,2,2,2,2,2,2,2,2,
0.8,1.3656,-3.56678,1.46026,2,2,2,2,2,2,2,2,2,2,2,2,2,2,2,2,1.50927,1.31569,1.24148,1.20434,1.19106,1.19827,1.22773,1.28857,1.4201,2,2,2,2,2,2,2,2,2,2,2,2,2,2,2,2,2,2,2,2,1.40314,1.23195,1.16133,1.12465,1.10974,1.1131,1.13546,1.18257,1.27442,2,2,2,2,2,2,2,2,2,2,2,2,2,2,2,2,2,2,2,2,2,2,2,2,2,2,2,2,2,2,2,2,2,2,2,2,
0.9,1.37387,-3.49224,1.54413,2,2,2,2,2,2,2,2,2,2,2,2,2,2,2,1.35382,1.26626,1.22256,1.20475,1.20804,1.23324,1.28775,1.4009,2,2,2,2,2,2,2,2,2,2,2,2,2,2,2,2,2,2,2,2,2,1.28386,1.14944,1.08682,1.05341,1.03937,1.04169,1.06085,1.10121,1.17671,1.38926,2,2,2,2,2,2,2,2,2,2,2,2,2,2,2,2,2,2,2,2,2,2,2,2,2,2,2,2,2,2,2,2,2,2,2,2,
1,1.37587,-3.41727,1.61474,2,2,2,2,2,2,2,2,2,2,2,2,2,1.45011,1.31985,1.25974,1.23147,1.22618,1.24254,1.28498,1.37072,2,2,2,2,2,2,2,2,2,2,2,2,2,2,2,2,2,2,2,2,2,2,1.20226,1.07725,1.01702,0.983817,0.968403,0.967697,0.981572,1.01275,1.06951,1.18314,2,2,2,2,2,2,2,2,2,2,2,2,2,2,2,2,2,2,2,2,2,2,2,2,2,2,2,2,2,2,2,2,2,2,2,2,2,
1.1,1.37258,-3.34234,1.67423,2,2,2,2,2,2,2,2,2,2,2,2,1.42133,1.32345,1.27588,1.2566,1.26004,1.28711,1.34637,1.475,2,2,2,2,2,2,2,2,2,2,2,2,2,2,2,2,2,2,2,2,2,2,1.13977,1.01169,0.950558,0.915799,0.897821,0.893189,0.901136,0.923004,0.963275,1.0349,1.22287,2,2,2,2,2,2,2,2,2,2,2,2,2,2,2,2,2,2,2,2,2,2,2,2,2,2,2,2,2,2,2,2,2,2,2,2,2,
1.2,1.36483,-3.26774,1.7244,2,2,2,2,2,2,2,2,2,2,2,1.43605,1.34838,1.30623,1.29178,1.30092,1.33617,1.41062,1.60634,2,2,2,2,2,2,2,2,2,2,2,2,2,2,2,2,2,2,2,2,2,2,1.09369,0.9509,0.886694,0.849412,0.828379,0.819655,0.821896,0.835434,0.862483,0.908868,0.992423,2,2,2,2,2,2,2,2,2,2,2,2,2,2,2,2,2,2,2,2,2,2,2,2,2,2,2,2,2,2,2,2,2,2,2,2,2,2,
1.3,1.35336,-3.19362,1.76674,2,2,2,2,2,2,2,2,2,2,1.47708,1.38839,1.34656,1.3335,1.34533,1.38555,1.47101,2,2,2,2,2,2,2,2,2,2,2,2,2,2,2,2,2,2,2,2,2,2,2,1.07643,0.893509,0.8247,0.784468,0.760355,0.747814,0.745009,0.751568,0.768381,0.798115,0.847333,0.937254,2,2,2,2,2,2,2,2,2,2,2,2,2,2,2,2,2,2,2,2,2,2,2,2,2,2,2,2,2,2,2,2,2,2,2,2,2,2,
1.4,1.33875,-3.12006,1.80251,2,2,2,2,2,2,2,2,2,1.54139,1.44133,1.39503,1.37996,1.39135,1.43272,1.52239,2,2,2,2,2,2,2,2,2,2,2,2,2,2,2,2,2,2,2,2,2,2,2,2,0.838,0.763566,0.720405,0.693529,0.677721,0.670723,0.671681,0.680708,0.698934,0.729121,0.777797,0.866148,2,2,2,2,2,2,2,2,2,2,2,2,2,2,2,2,2,2,2,2,2,2,2,2,2,2,2,2,2,2,2,2,2,2,2,2,2,2,
1.5,1.32153,-3.04706,1.83274,2,2,2,2,2,2,2,2,1.63503,1.50785,1.45153,1.43082,1.43849,1.477,1.56323,2,2,2,2,2,2,2,2,2,2,2,2,2,2,2,2,2,2,2,2,2,2,2,2,0.782132,0.701822,0.656249,0.62724,0.608907,0.59866,0.595318,0.59853,0.608633,0.626788,0.655547,0.700693,0.779887,2,2,2,2,2,2,2,2,2,2,2,2,2,2,2,2,2,2,2,2,2,2,2,2,2,2,2,2,2,2,2,2,2,2,2,2,2,2,
1.6,1.30211,-2.97462,1.85833,2,2,2,2,2,2,2,1.79322,1.59191,1.51755,1.48691,1.48746,1.51938,1.59594,1.81211,2,2,2,2,2,2,2,2,2,2,2,2,2,2,2,2,2,2,2,2,2,2,2,0.722225,0.637444,0.590633,0.560461,0.540533,0.528043,0.521615,0.520633,0.525005,0.535142,0.552092,0.578003,0.617475,0.68313,2,2,2,2,2,2,2,2,2,2,2,2,2,2,2,2,2,2,2,2,2,2,2,2,2,2,2,2,2,2,2,2,2,2,2,2,2,2,
1.7,1.28084,-2.9027,1.88,2,2,2,2,2,2,2,1.7043,1.59665,1.5503,1.53999,1.56198,1.6249,1.77801,2,2,2,2,2,2,2,2,2,2,2,2,2,2,2,2,2,2,2,2,2,2,2,0.652547,0.567887,0.521875,0.491904,0.471507,0.457852,0.449497,0.4457,0.446153,0.45089,0.460303,0.475253,0.497397,0.530057,0.581255,0.685542,2,2,2,2,2,2,2,2,2,2,2,2,2,2,2,2,2,2,2,2,2,2,2,2,2,2,2,2,2,2,2,2,2,2,2,2,2,
1.8,1.25802,-2.83126,1.89837,2,2,2,2,2,2,1.88868,1.69616,1.62452,1.59869,1.60755,1.65451,1.76655,2,2,2,2,2,2,2,2,2,2,2,2,2,2,2,2,2,2,2,2,2,2,2,0.566804,0.49052,0.448202,0.420178,0.40063,0.38696,0.377807,0.372419,0.370403,0.37162,0.376152,0.384325,0.396787,0.414712,0.440294,0.478195,0.541986,2,2,2,2,2,2,2,2,2,2,2,2,2,2,2,2,2,2,2,2,2,2,2,2,2,2,2,2,2,2,2,2,2,2,2,2,2,
1.9,1.23389,-2.76024,1.91397,2,2,2,2,2,2,1.83449,1.71564,1.66718,1.65922,1.68851,1.76886,2,2,2,2,2,2,2,2,2,2,2,2,2,2,2,2,2,2,2,2,2,2,2,0.463397,0.403615,0.368189,0.344049,0.326771,0.314275,0.305424,0.299557,0.29629,0.295429,0.296921,0.300856,0.307472,0.317217,0.33085,0.349696,0.376253,0.416161,0.489247,2,2,2,2,2,2,2,2,2,2,2,2,2,2,2,2,2,2,2,2,2,2,2,2,2,2,2,2,2,2,2,2,2,2,2,2,
2,1.20865,-2.68962,1.92722,2,2,2,2,2,2,1.8362,1.75097,1.72071,1.73019,1.78355,1.91839,2,2,2,2,2,2,2,2,2,2,2,2,2,2,2,2,2,2,2,2,2,0.431653,0.347679,0.307469,0.281355,0.262808,0.249129,0.238927,0.231397,0.226048,0.222572,0.220788,0.220609,0.222025,0.225107,0.230011,0.237013,0.246555,0.259354,0.276631,0.300676,0.336681,0.403231,2,2,2,2,2,2,2,2,2,2,2,2,2,2,2,2,2,2,2,2,2,2,2,2,2,2,2,2,2,2,2,2,2,2,2,
2.1,1.18248,-2.61933,1.93849,2,2,2,2,2,2,1.85997,1.79708,1.78298,1.811,1.89576,2,2,2,2,2,2,2,2,2,2,2,2,2,2,2,2,2,2,2,2,0.340008,0.262318,0.22721,0.204651,0.188608,0.176642,0.167508,0.160483,0.155117,0.151117,0.148291,0.146514,0.145712,0.145853,0.146941,0.149023,0.152184,0.156569,0.162395,0.169995,0.179884,0.192905,0.210556,0.23593,0.277653,2,2,2,2,2,2,2,2,2,2,2,2,2,2,2,2,2,2,2,2,2,2,2,2,2,2,2,2,2,2,2,2,2,2,
2.2,1.15552,-2.54934,1.9481,2,2,2,2,2,2,1.89671,1.85131,1.85282,1.90199,2,2,2,2,2,2,2,2,2,2,2,2,2,2,2,2,2,2,0.246038,0.165893,0.137584,0.120199,0.108084,0.0991065,0.0922172,0.0868202,0.0825473,0.0791569,0.0764856,0.0744185,0.0728762,0.071803,0.0711628,0.0709347,0.0711114,0.0716983,0.072715,0.0741951,0.0761917,0.0787809,0.082072,0.0862216,0.0914588,0.0981319,0.106799,0.118431,0.134955,0.161249,0.222884,2,2,2,2,2,2,2,2,2,2,2,2,2,2,2,2,2,2,2,2,2,2,2,2,2,2,2,2,2,2,2,
2.3,1.12789,-2.47962,1.95629,
