0,-5,4,-0.230398,2,2,2,2,2,2,2,2,2,2,2,2,2,2,2,2,2,2,2,2,2,2,2,2,2,2,2,2,2,2,2,2,2,2,2,2,2,2,2,1.84762,1.76503,1.73681,1.74882,1.80645,1.95445,2,2,2,2,2,2,2,2,2,2,2,2,2,2,2,2,2,2,2,2,2,2,2,2,2,2,2,2,2,2,2,2,2,2,2,2,2,2,2,2,2,2,2,2,2,
0.1,-4.92698,3.98287,-0.310247,2,2,2,2,2,2,2,2,2,2,2,2,2,2,2,2,2,2,2,2,2,2,2,2,2,2,2,2,2,2,2,2,2,2,2,2,2,2,2,1.99261,1.76715,1.69076,1.66399,1.67446,1.7265,1.85452,2,2,2,2,2,2,2,2,2,2,2,2,2,2,2,2,2,2,2,2,2,2,2,2,2,2,2,2,2,2,2,2,2,2,2,2,2,2,2,2,2,2,2,2,
0.2,-4.85556,3.95998,-0.376654,2,2,2,2,2,2,2,2,2,2,2,2,2,2,2,2,2,2,2,2,2,2,2,2,2,2,2,2,2,2,2,2,2,2,2,2,2,2,2,2,1.8215,1.67034,1.60883,1.58927,1.60375,1.65794,1.78741,2,2,2,2,2,2,2,2,2,2,2,2,2,2,2,2,2,2,2,2,2,2,2,2,2,2,2,2,2,2,2,2,2,2,2,2,2,2,2,2,2,2,2,
0.3,-4.78582,3.93239,-0.431899,2,2,2,2,2,2,2,2,2,2,2,2,2,2,2,2,2,2,2,2,2,2,2,2,2,2,2,2,2,2,2,2,2,2,2,2,2,2,2,2,2,1.66992,1.56856,1.52451,1.51517,1.53722,1.59914,1.74753,2,2,2,2,2,2,2,2,2,2,2,2,2,2,2,2,2,2,2,2,2,2,2,2,2,2,2,2,2,2,2,2,2,2,2,2,2,2,2,2,2,2,
0.4,-4.71771,3.901,-0.477871,2,2,2,2,2,2,2,2,2,2,2,2,2,2,2,2,2,2,2,2,2,2,2,2,2,2,2,2,2,2,2,2,2,2,2,2,2,2,2,2,2,1.69843,1.53619,1.46942,1.44221,1.44429,1.47633,1.55116,1.75358,2,2,2,2,2,2,2,2,2,2,2,2,2,2,2,2,2,2,2,2,2,2,2,2,2,2,2,2,2,2,2,2,2,2,2,2,2,2,2,2,2,
0.5,-4.65111,3.8665,-0.516136,2,2,2,2,2,2,2,2,2,2,2,2,2,2,2,2,2,2,2,2,2,2,2,2,2,2,2,2,2,2,2,2,2,2,2,2,2,2,2,2,2,2,1.50798,1.41838,1.37673,1.36468,1.37857,1.42268,1.51736,2,2,2,2,2,2,2,2,2,2,2,2,2,2,2,2,2,2,2,2,2,2,2,2,2,2,2,2,2,2,2,2,2,2,2,2,2,2,2,2,2,
0.6,-4.58588,3.82949,-0.547994,2,2,2,2,2,2,2,2,2,2,2,2,2,2,2,2,2,2,2,2,2,2,2,2,2,2,2,2,2,2,2,2,2,2,2,2,2,2,2,2,2,2,1.48198,1.36809,1.31448,1.29191,1.29339,1.31935,1.37812,1.5065,2,2,2,2,2,2,2,2,2,2,2,2,2,2,2,2,2,2,2,2,2,2,2,2,2,2,2,2,2,2,2,2,2,2,2,2,2,2,2,2,
0.7,-4.52186,3.79042,-0.574524,2,2,2,2,2,2,2,2,2,2,2,2,2,2,2,2,2,2,2,2,2,2,2,2,2,2,2,2,2,2,2,2,2,2,2,2,2,2,2,2,2,2,1.45754,1.31645,1.25305,1.22254,1.21511,1.2289,1.26751,1.34533,1.57107,2,2,2,2,2,2,2,2,2,2,2,2,2,2,2,2,2,2,2,2,2,2,2,2,2,2,2,2,2,2,2,2,2,2,2,2,2,2,2,
0.8,-4.4589,3.74966,-0.596622,2,2,2,2,2,2,2,2,2,2,2,2,2,2,2,2,2,2,2,2,2,2,2,2,2,2,2,2,2,2,2,2,2,2,2,2,2,2,2,2,2,2,1.43584,1.2621,1.19103,1.15466,1.14072,1.14586,1.17124,1.2239,1.33015,2,2,2,2,2,2,2,2,2,2,2,2,2,2,2,2,2,2,2,2,2,2,2,2,2,2,2,2,2,2,2,2,2,2,2,2,2,2,2,
0.9,-4.39686,3.70752,-0.615033,2,2,2,2,2,2,2,2,2,2,2,2,2,2,2,2,2,2,2,2,2,2,2,2,2,2,2,2,2,2,2,2,2,2,2,2,2,2,2,2,2,2,1.42635,1.20414,1.12765,1.08719,1.06855,1.06736,1.08339,1.12025,1.18988,1.35578,2,2,2,2,2,2,2,2,2,2,2,2,2,2,2,2,2,2,2,2,2,2,2,2,2,2,2,2,2,2,2,2,2,2,2,2,2,2,
1,-4.3356,3.66425,-0.630377,2,2,2,2,2,2,2,2,2,2,2,2,2,2,2,2,2,2,2,2,2,2,2,2,2,2,2,2,2,2,2,2,2,2,2,2,2,2,2,2,2,2,2,1.1421,1.06252,1.01953,0.997596,0.991749,1.00088,1.02676,1.07566,1.16854,2,2,2,2,2,2,2,2,2,2,2,2,2,2,2,2,2,2,2,2,2,2,2,2,2,2,2,2,2,2,2,2,2,2,2,2,2,2,
1.1,-4.27502,3.62004,-0.643166,2,2,2,2,2,2,2,2,2,2,2,2,2,2,2,2,2,2,2,2,2,2,2,2,2,2,2,2,2,2,2,2,2,2,2,2,2,2,2,2,2,2,2,1.07581,0.995509,0.951354,0.92729,0.918042,0.921982,0.939781,0.974924,1.03735,1.17044,2,2,2,2,2,2,2,2,2,2,2,2,2,2,2,2,2,2,2,2,2,2,2,2,2,2,2,2,2,2,2,2,2,2,2,2,2,
1.2,-4.215,3.57506,-0.65383,2,2,2,2,2,2,2,2,2,2,2,2,2,2,2,2,2,2,2,2,2,2,2,2,2,2,2,2,2,2,2,2,2,2,2,2,2,2,2,2,2,2,2,1.00547,0.926669,0.882536,0.857295,0.845634,0.845638,0.857305,0.882555,0.926703,1.00553,2,2,2,2,2,2,2,2,2,2,2,2,2,2,2,2,2,2,2,2,2,2,2,2,2,2,2,2,2,2,2,2,2,2,2,2,2,
1.3,-4.15547,3.52944,-0.50383,2,2,2,2,2,2,2,2,2,2,2,2,2,2,2,2,2,2,2,2,2,2,2,2,2,2,2,2,2,2,2,2,2,2,2,2,2,2,2,2,1.05473,0.907756,0.843191,0.805263,0.783052,0.772477,0.771979,0.781491,0.802394,0.838416,0.899309,1.02815,2,2,2,2,2,2,2,2,2,2,2,2,2,2,2,2,2,2,2,2,2,2,2,2,2,2,2,2,2,2,2,2,2,2,2,2,2,2,
1.4,-4.08979,3.49323,-0.35383,2,2,2,2,2,2,2,2,2,2,2,2,2,2,2,2,2,2,2,2,2,2,2,2,2,2,2,2,2,2,2,2,2,2,2,2,2,2,0.894181,0.803599,0.7541,0.723685,0.705653,0.697216,0.697285,0.705867,0.724074,0.754733,0.804649,0.896403,2,2,2,2,2,2,2,2,2,2,2,2,2,2,2,2,2,2,2,2,2,2,2,2,2,2,2,2,2,2,2,2,2,2,2,2,2,2,2,2,
1.5,-4.01944,3.46724,-0.20383,2,2,2,2,2,2,2,2,2,2,2,2,2,2,2,2,2,2,2,2,2,2,2,2,2,2,2,2,2,2,2,2,2,2,2,0.881052,0.757438,0.699143,0.663358,0.64068,0.627367,0.621725,0.623123,0.631714,0.648495,0.675794,0.718864,0.792874,2,2,2,2,2,2,2,2,2,2,2,2,2,2,2,2,2,2,2,2,2,2,2,2,2,2,2,2,2,2,2,2,2,2,2,2,2,2,2,2,2,2,
1.6,-3.94599,3.45206,-0.0538297,2,2,2,2,2,2,2,2,2,2,2,2,2,2,2,2,2,2,2,2,2,2,2,2,2,2,2,2,2,2,2,2,0.846972,0.697945,0.636945,0.599587,0.575195,0.559659,0.551047,0.548461,0.551653,0.56093,0.577274,0.602768,0.641889,0.706719,2,2,2,2,2,2,2,2,2,2,2,2,2,2,2,2,2,2,2,2,2,2,2,2,2,2,2,2,2,2,2,2,2,2,2,2,2,2,2,2,2,2,2,2,
1.7,-3.8711,3.44803,0.0961703,2,2,2,2,2,2,2,2,2,2,2,2,2,2,2,2,2,2,2,2,2,2,2,2,2,2,2,2,2,0.745777,0.6229,0.567312,0.532489,0.509187,0.493714,0.484272,0.479952,0.48038,0.485592,0.496046,0.512776,0.537817,0.575442,0.637065,2,2,2,2,2,2,2,2,2,2,2,2,2,2,2,2,2,2,2,2,2,2,2,2,2,2,2,2,2,2,2,2,2,2,2,2,2,2,2,2,2,2,2,2,2,2,
1.8,-3.79644,3.45523,0.24617,2,2,2,2,2,2,2,2,2,2,2,2,2,2,2,2,2,2,2,2,2,2,2,2,2,2,0.621972,0.539722,0.494831,0.465428,0.445226,0.431457,0.422698,0.418192,0.417587,0.420839,0.428196,0.440269,0.458226,0.484288,0.523179,0.588454,2,2,2,2,2,2,2,2,2,2,2,2,2,2,2,2,2,2,2,2,2,2,2,2,2,2,2,2,2,2,2,2,2,2,2,2,2,2,2,2,2,2,2,2,2,2,2,2,
1.9,-3.7237,3.47351,0.39617,2,2,2,2,2,2,2,2,2,2,2,2,2,2,2,2,2,2,2,2,2,2,0.657421,0.515439,0.461272,0.427445,0.404239,0.387913,0.376622,0.369362,0.365577,0.365004,0.367605,0.373556,0.383296,0.397637,0.418049,0.447373,0.49218,0.577223,2,2,2,2,2,2,2,2,2,2,2,2,2,2,2,2,2,2,2,2,2,2,2,2,2,2,2,2,2,2,2,2,2,2,2,2,2,2,2,2,2,2,2,2,2,2,2,2,2,2,
2,-3.65451,3.50245,0.54617,2,2,2,2,2,2,2,2,2,2,2,2,2,2,2,2,2,2,2,0.498714,0.43543,0.398262,0.373098,0.355242,0.3425,0.333689,0.328133,0.325453,0.32548,0.328217,0.333835,0.342719,0.355551,0.37353,0.39888,0.436381,0.50057,2,2,2,2,2,2,2,2,2,2,2,2,2,2,2,2,2,2,2,2,2,2,2,2,2,2,2,2,2,2,2,2,2,2,2,2,2,2,2,2,2,2,2,2,2,2,2,2,2,2,2,2,2,
2.1,-3.59042,3.5414,0.69617,2,2,2,2,2,2,2,2,2,2,2,2,2,2,2,0.504582,0.425938,0.38431,0.356839,0.337423,0.32341,0.313412,0.306633,0.30261,0.301093,0.301994,0.305363,0.311408,0.320529,0.333421,0.351282,0.376333,0.413383,0.477357,2,2,2,2,2,2,2,2,2,2,2,2,2,2,2,2,2,2,2,2,2,2,2,2,2,2,2,2,2,2,2,2,2,2,2,2,2,2,2,2,2,2,2,2,2,2,2,2,2,2,2,2,2,2,2,2,
2.2,-3.53288,3.5895,0.84617,2,2,2,2,2,2,2,2,2,2,2,2,0.446958,0.394379,0.36185,0.339362,0.323189,0.311504,0.303296,0.297969,0.295183,0.294773,0.296715,0.301123,0.30827,0.318648,0.333095,0.353081,0.38145,0.424946,0.511728,2,2,2,2,2,2,2,2,2,2,2,2,2,2,2,2,2,2,2,2,2,2,2,2,2,2,2,2,2,2,2,2,2,2,2,2,2,2,2,2,2,2,2,2,2,2,2,2,2,2,2,2,2,2,2,2,2,2,2,
2.3,-3.48316,3.64566,0.99617,2,2,2,2,2,2,2,2,0.53892,0.442093,0.396099,0.36644,0.345669,0.330726,0.320048,0.312754,0.308329,0.306494,0.307138,0.310299,0.316173,0.325148,0.337906,0.355627,0.38049,0.417172,0.479883,2,2,2,2,2,2,2,2,2,2,2,2,2,2,2,2,2,2,2,2,2,2,2,2,2,2,2,2,2,2,2,2,2,2,2,2,2,2,2,2,2,2,2,2,2,2,2,2,2,2,2,2,2,2,2,2,2,2,2,2,2,2,2,
2.4,-3.4424,3.70861,1.14617,2,2,2,2,2,0.585957,0.476568,0.427365,0.395998,0.374223,0.358724,0.347834,0.340621,0.336559,0.335381,0.33701,0.34155,0.349306,0.360856,0.377217,0.400235,0.433666,0.487421,0.648487,2,2,2,2,2,2,2,2,2,2,2,2,2,2,2,2,2,2,2,2,2,2,2,2,2,2,2,2,2,2,2,2,2,2,2,2,2,2,2,2,2,2,2,2,2,2,2,2,2,2,2,2,2,2,2,2,2,2,2,2,2,2,2,2,2,2,
2.5,-3.4115,3.77695,1.29617,2,2,2,0.55239,0.487537,0.449137,0.423279,0.405217,0.392724,0.384613,0.380234,0.379269,0.381651,0.387547,0.397401,0.412052,0.433036,0.463346,0.510025,0.601065,2,2,2,2,2,2,2,2,2,2,2,2,2,2,2,2,2,2,2,2,2,2,2,2,2,2,2,2,2,2,2,2,2,2,2,2,2,2,2,2,2,2,2,2,2,2,2,2,2,2,2,2,2,2,2,2,2,2,2,2,2,2,2,2,2,2,2,2,2,2,
2.6,-3.39116,3.84914,1.44617,0.714677,0.58282,0.527112,0.492284,0.468721,0.452653,0.44223,0.436481,0.434933,0.437467,0.444279,0.455945,0.473597,0.499406,0.53796,0.602136,2,2,2,2,2,2,2,2,2,2,2,2,2,2,2,2,2,2,2,2,2,2,2,2,2,2,2,2,2,2,2,2,2,2,2,2,2,2,2,2,2,2,2,2,2,2,2,2,2,2,2,2,2,2,2,2,2,2,2,2,2,2,2,2,2,2,2,2,2,2,2,2,2,0.714677,
2.7,-3.38184,3.92356,1.59617,0.58419,0.54972,0.526781,0.511777,0.502961,0.499473,0.501004,0.507688,0.520147,0.53972,0.569093,0.614305,0.69487,2,2,2,2,2,2,2,2,2,2,2,2,2,2,2,2,2,2,2,2,2,2,2,2,2,2,2,2,2,2,2,2,2,2,2,2,2,2,2,2,2,2,2,2,2,2,2,2,2,2,2,2,2,2,2,2,2,2,2,2,2,2,2,2,2,2,2,2,2,2,2,2,2,2,0.755791,0.639079,0.58419,
2.8,-3.38374,3.99853,1.71821,0.601632,0.583748,0.573506,0.569769,0.572159,0.580916,0.596984,0.622436,0.661767,0.727096,2,2,2,2,2,2,2,2,2,2,2,2,2,2,2,2,2,2,2,2,2,2,2,2,2,2,2,2,2,2,2,2,2,2,2,2,2,2,2,2,2,2,2,2,2,2,2,2,2,2,2,2,2,2,2,2,2,2,2,2,2,2,2,2,2,2,2,2,2,2,2,2,2,2,2,2,0.748124,0.673071,0.629597,0.601633,
2.9,-3.39476,4.07272,1.81474,0.651921,0.644119,0.643829,0.651019,0.666535,0.692509,0.733771,0.803709,2,2,2,2,2,2,2,2,2,2,2,2,2,2,2,2,2,2,2,2,2,2,2,2,2,2,2,2,2,2,2,2,2,2,2,2,2,2,2,2,2,2,2,2,2,2,2,2,2,2,2,2,2,2,2,2,2,2,2,2,2,2,2,2,2,2,2,2,2,2,2,2,2,2,2,2,2,0.811469,0.737944,0.69511,0.668161,0.651921,
3,-3.41287,4.1455,1.89393,0.718089,0.719641,0.730244,0.751353,0.786566,0.845029,0.965178,2,2,2,2,2,2,2,2,2,2,2,2,2,2,2,2,2,2,2,2,2,2,2,2,2,2,2,2,2,2,2,2,2,2,2,2,2,2,2,2,2,2,2,2,2,2,2,2,2,2,2,2,2,2,2,2,2,2,2,2,2,2,2,2,2,2,2,2,2,2,2,2,2,2,2,2,2,0.908387,0.820572,0.772103,0.742514,0.725394,0.71809,
3.1,-3.43669,4.21662,1.95813,0.794494,0.806167,0.830228,0.871391,0.942889,1.15096,2,2,2,2,2,2,2,2,2,2,2,2,2,2,2,2,2,2,2,2,2,2,2,2,2,2,2,2,2,2,2,2,2,2,2,2,2,2,2,2,2,2,2,2,2,2,2,2,2,2,2,2,2,2,2,2,2,2,2,2,2,2,2,2,2,2,2,2,2,2,2,2,2,2,2,2,2,1.06171,0.923899,0.860896,0.823974,0.802775,0.793414,0.794494,
3.2,-3.46502,4.28606,2.00736,0.877274,0.900143,0.941252,1.01404,1.22006,2,2,2,2,2,2,2,2,2,2,2,2,2,2,2,2,2,2,2,2,2,2,2,2,2,2,2,2,2,2,2,2,2,2,2,2,2,2,2,2,2,2,2,2,2,2,2,2,2,2,2,2,2,2,2,2,2,2,2,2,2,2,2,2,2,2,2,2,2,2,2,2,2,2,2,2,2,2,1.07053,0.969334,0.916362,0.885955,0.870729,0.867981,0.877274,
3.3,-3.49673,4.35403,2.04284,0.962804,0.997688,1.06026,1.19389,2,2,2,2,2,2,2,2,2,2,2,2,2,2,2,2,2,2,2,2,2,2,2,2,2,2,2,2,2,2,2,2,2,2,2,2,2,2,2,2,2,2,2,2,2,2,2,2,2,2,2,2,2,2,2,2,2,2,2,2,2,2,2,2,2,2,2,2,2,2,2,2,2,2,2,2,2,2,2,1.1223,1.02992,0.980772,0.953876,0.942853,0.945664,0.962804,
3.4,-3.53083,4.42083,1.89284,1.0187,1.01866,1.03458,1.06987,1.13519,1.28029,2,2,2,2,2,2,2,2,2,2,2,2,2,2,2,2,2,2,2,2,2,2,2,2,2,2,2,2,2,2,2,2,2,2,2,2,2,2,2,2,2,2,2,2,2,2,2,2,2,2,2,2,2,2,2,2,2,2,2,2,2,2,2,2,2,2,2,2,2,2,2,2,2,2,2,2,2,2,2,1.2819,1.13572,1.07015,1.03473,1.0187,
3.5,-3.55457,4.49197,1.74284,1.15827,1.11498,1.09488,1.09307,1.10914,1.14685,1.21885,1.39854,2,2,2,2,2,2,2,2,2,2,2,2,2,2,2,2,2,2,2,2,2,2,2,2,2,2,2,2,2,2,2,2,2,2,2,2,2,2,2,2,2,2,2,2,2,2,2,2,2,2,2,2,2,2,2,2,2,2,2,2,2,2,2,2,2,2,2,2,2,2,2,2,2,2,2,2,2,2,2,2,1.2413,1.15827,
3.6,-3.56741,4.56586,1.59284,2,1.34054,1.24136,1.19188,1.16915,1.16696,1.1848,1.22726,1.31097,2,2,2,2,2,2,2,2,2,2,2,2,2,2,2,2,2,2,2,2,2,2,2,2,2,2,2,2,2,2,2,2,2,2,2,2,2,2,2,2,2,2,2,2,2,2,2,2,2,2,2,2,2,2,2,2,2,2,2,2,2,2,2,2,2,2,2,2,2,2,2,2,2,2,2,2,2,2,2,2,2,
3.7,-3.56906,4.64085,1.44284,2,2,2,1.42703,1.31647,1.26338,1.23987,1.23899,1.26049,1.31059,1.41372,2,2,2,2,2,2,2,2,2,2,2,2,2,2,2,2,2,2,2,2,2,2,2,2,2,2,2,2,2,2,2,2,2,2,2,2,2,2,2,2,2,2,2,2,2,2,2,2,2,2,2,2,2,2,2,2,2,2,2,2,2,2,2,2,2,2,2,2,2,2,2,2,2,2,2,2,2,2,2,
3.8,-3.55949,4.71523,1.29284,2,2,2,2,2,1.4961,1.38181,1.32827,1.30609,1.30838,1.33575,1.39732,1.53508,2,2,2,2,2,2,2,2,2,2,2,2,2,2,2,2,2,2,2,2,2,2,2,2,2,2,2,2,2,2,2,2,2,2,2,2,2,2,2,2,2,2,2,2,2,2,2,2,2,2,2,2,2,2,2,2,2,2,2,2,2,2,2,2,2,2,2,2,2,2,2,2,2,2,2,2,2,
3.9,-3.53891,4.78735,1.14284,2,2,2,2,2,2,2,1.54696,1.43691,1.38607,1.36739,1.37488,1.41076,1.48936,1.72037,2,2,2,2,2,2,2,2,2,2,2,2,2,2,2,2,2,2,2,2,2,2,2,2,2,2,2,2,2,2,2,2,2,2,2,2,2,2,2,2,2,2,2,2,2,2,2,2,2,2,2,2,2,2,2,2,2,2,2,2,2,2,2,2,2,2,2,2,2,2,2,2,2,2,2,
4,-3.50778,4.85559,0.992835,2,2,2,2,2,2,2,2,2,1.58229,1.48232,1.43695,1.42383,1.43865,1.48633,1.59145,2,2,2,2,2,2,2,2,2,2,2,2,2,2,2,2,2,2,2,2,2,2,2,2,2,2,2,2,2,2,2,2,2,2,2,2,2,2,2,2,2,2,2,2,2,2,2,2,2,2,2,2,2,2,2,2,2,2,2,2,2,2,2,2,2,2,2,2,2,2,2,2,2,2,
4.1,-3.46681,4.91841,0.842835,2,2,2,2,2,2,2,2,2,2,2,1.60589,1.51916,1.48142,1.47576,1.50028,1.56424,1.71761,2,2,2,2,2,2,2,2,2,2,2,2,2,2,2,2,2,2,2,2,2,2,2,2,2,2,2,2,2,2,2,2,2,2,2,2,2,2,2,2,2,2,2,2,2,2,2,2,2,2,2,2,2,2,2,2,2,2,2,2,2,2,2,2,2,2,2,2,2,2,2,2,
4.2,-3.41691,4.9744,0.692835,2,2,2,2,2,2,2,2,2,2,2,2,1.8123,1.62098,1.54868,1.52019,1.52379,1.56072,1.64796,2,2,2,2,2,2,2,2,2,2,2,2,2,2,2,2,2,2,2,2,2,2,2,2,2,2,2,2,2,2,2,2,2,2,2,2,2,2,2,2,2,2,2,2,2,2,2,2,2,2,2,2,2,2,2,2,2,2,2,2,2,2,2,2,2,2,2,2,2,2,2,
4.3,-3.3592,5.0223,0.542835,2,2,2,2,2,2,2,2,2,2,2,2,2,2,1.76711,1.62975,1.57204,1.554,1.56863,1.62148,1.7455,2,2,2,2,2,2,2,2,2,2,2,2,2,2,2,2,2,2,2,2,2,2,2,2,2,2,2,2,2,2,2,2,2,2,2,2,2,2,2,2,2,2,2,2,2,2,2,2,2,2,2,2,2,2,2,2,2,2,2,2,2,2,2,2,2,2,2,2,2,
4.4,-3.29498,5.06104,0.392835,2,2,2,2,2,2,2,2,2,2,2,2,2,2,2,2,1.73697,1.63359,1.59018,1.58354,1.61116,1.68501,1.88853,2,2,2,2,2,2,2,2,2,2,2,2,2,2,2,2,2,2,2,2,2,2,2,2,2,2,2,2,2,2,2,2,2,2,2,2,2,2,2,2,2,2,2,2,2,2,2,2,2,2,2,2,2,2,2,2,2,2,2,2,2,2,2,2,2,2,2,
4.5,-3.2257,5.08976,0.242835,2,2,2,2,2,2,2,2,2,2,2,2,2,2,2,2,2,1.94545,1.71134,1.63333,1.60379,1.60944,1.65244,1.756,2,2,2,2,2,2,2,2,2,2,2,2,2,2,2,2,2,2,2,2,2,2,2,2,2,2,2,2,2,2,2,2,2,2,2,2,2,2,2,2,2,2,2,2,2,2,2,2,2,2,2,2,2,2,2,2,2,2,2,2,2,2,2,2,2,2,
4.6,-3.1529,5.10779,0.0928355,2,2,2,2,2,2,2,2,2,2,2,2,2,2,2,2,2,2,2,1.82711,1.68695,1.62942,1.61335,1.63225,1.69389,1.84688,2,2,2,2,2,2,2,2,2,2,2,2,2,2,2,2,2,2,2,2,2,2,2,2,2,2,2,2,2,2,2,2,2,2,2,2,2,2,2,2,2,2,2,2,2,2,2,2,2,2,2,2,2,2,2,2,2,2,2,2,2,2,2,2,
4.7,-3.07822,5.11474,-0.0571645,2,2,2,2,2,2,2,2,2,2,2,2,2,2,2,2,2,2,2,2,2,1.76065,1.66222,1.62204,1.61916,1.65245,1.73774,2,2,2,2,2,2,2,2,2,2,2,2,2,2,2,2,2,2,2,2,2,2,2,2,2,2,2,2,2,2,2,2,2,2,2,2,2,2,2,2,2,2,2,2,2,2,2,2,2,2,2,2,2,2,2,2,2,2,2,2,2,2,2,
4.8,-3.00334,5.11046,-0.207165,2,2,2,2,2,2,2,2,2,2,2,2,2,2,2,2,2,2,2,2,2,2,1.89667,1.70707,1.63617,1.61119,1.6213,1.67048,1.78841,2,2,2,2,2,2,2,2,2,2,2,2,2,2,2,2,2,2,2,2,2,2,2,2,2,2,2,2,2,2,2,2,2,2,2,2,2,2,2,2,2,2,2,2,2,2,2,2,2,2,2,2,2,2,2,2,2,2,2,2,2,
4.9,-2.92994,5.09503,-0.356583,2,2,2,2,2,2,2,2,2,2,2,2,2,2,2,2,2,2,2,2,2,2,2,2,1.77667,1.65775,1.60783,1.5967,1.62003,1.68761,1.86154,2,2,2,2,2,2,2,2,2,2,2,2,2,2,2,2,2,2,2,2,2,2,2,2,2,2,2,2,2,2,2,2,2,2,2,2,2,2,2,2,2,2,2,2,2,2,2,2,2,2,2,2,2,2,2,2,2,2,2,
5,-2.85966,5.06885,-0.480855,2,2,2,2,2,2,2,2,2,2,2,2,2,2,2,2,2,2,2,2,2,2,2,2,2,1.80709,1.65583,1.59401,1.57377,1.58701,1.63879,1.7611,2,2,2,2,2,2,2,2,2,2,2,2,2,2,2,2,2,2,2,2,2,2,2,2,2,2,2,2,2,2,2,2,2,2,2,2,2,2,2,2,2,2,2,2,2,2,2,2,2,2,2,2,2,2,2,2,2,2,
5.1,-2.79317,5.03416,-0.58428,2,2,2,2,2,2,2,2,2,2,2,2,2,2,2,2,2,2,2,2,2,2,2,2,2,2,1.76361,1.62295,1.56398,1.54478,1.55794,1.60835,1.72576,2,2,2,2,2,2,2,2,2,2,2,2,2,2,2,2,2,2,2,2,2,2,2,2,2,2,2,2,2,2,2,2,2,2,2,2,2,2,2,2,2,2,2,2,2,2,2,2,2,2,2,2,2,2,2,2,2,
5.2,-2.73061,4.99279,-0.670401,2,2,2,2,2,2,2,2,2,2,2,2,2,2,2,2,2,2,2,2,2,2,2,2,2,2,2,1.67172,1.56737,1.52187,1.51129,1.53191,1.59149,1.73224,2,2,2,2,2,2,2,2,2,2,2,2,2,2,2,2,2,2,2,2,2,2,2,2,2,2,2,2,2,2,2,2,2,2,2,2,2,2,2,2,2,2,2,2,2,2,2,2,2,2,2,2,2,2,2,2,
5.3,-2.67184,4.94619,-0.742146,2,2,2,2,2,2,2,2,2,2,2,2,2,2,2,2,2,2,2,2,2,2,2,2,2,2,2,1.74306,1.57188,1.50335,1.47595,1.479,1.51351,1.59422,1.85313,2,2,2,2,2,2,2,2,2,2,2,2,2,2,2,2,2,2,2,2,2,2,2,2,2,2,2,2,2,2,2,2,2,2,2,2,2,2,2,2,2,2,2,2,2,2,2,2,2,2,2,2,2,2,2,
5.4,-2.61657,4.8955,-0.801937,2,2,2,2,2,2,2,2,2,2,2,2,2,2,2,2,2,2,2,2,2,2,2,2,2,2,2,2,1.56873,1.48144,1.44247,1.43455,1.45514,1.51142,1.63869,2,2,2,2,2,2,2,2,2,2,2,2,2,2,2,2,2,2,2,2,2,2,2,2,2,2,2,2,2,2,2,2,2,2,2,2,2,2,2,2,2,2,2,2,2,2,2,2,2,2,2,2,2,2,2,
5.5,-2.56442,4.8416,-0.851785,2,2,2,2,2,2,2,2,2,2,2,2,2,2,2,2,2,2,2,2,2,2,2,2,2,2,2,2,1.55093,1.45206,1.40656,1.39242,1.40515,1.44878,1.54362,2,2,2,2,2,2,2,2,2,2,2,2,2,2,2,2,2,2,2,2,2,2,2,2,2,2,2,2,2,2,2,2,2,2,2,2,2,2,2,2,2,2,2,2,2,2,2,2,2,2,2,2,2,2,2,
5.6,-2.51502,4.78517,-0.893356,2,2,2,2,2,2,2,2,2,2,2,2,2,2,2,2,2,2,2,2,2,2,2,2,2,2,2,2,1.51479,1.41393,1.36671,1.35014,1.35908,1.39616,1.47629,1.72755,2,2,2,2,2,2,2,2,2,2,2,2,2,2,2,2,2,2,2,2,2,2,2,2,2,2,2,2,2,2,2,2,2,2,2,2,2,2,2,2,2,2,2,2,2,2,2,2,2,2,2,2,2,2,
5.7,-2.46801,4.72673,-0.928037,2,2,2,2,2,2,2,2,2,2,2,2,2,2,2,2,2,2,2,2,2,2,2,2,2,2,2,2,1.46199,1.36805,1.32317,1.30713,1.3152,1.34965,1.42326,1.61384,2,2,2,2,2,2,2,2,2,2,2,2,2,2,2,2,2,2,2,2,2,2,2,2,2,2,2,2,2,2,2,2,2,2,2,2,2,2,2,2,2,2,2,2,2,2,2,2,2,2,2,2,2,2,
5.8,-2.42305,4.66669,-0.956977,2,2,2,2,2,2,2,2,2,2,2,2,2,2,2,2,2,2,2,2,2,2,2,2,2,2,2,2,1.39838,1.31677,1.27711,1.26381,1.27319,1.30776,1.37995,1.56133,2,2,2,2,2,2,2,2,2,2,2,2,2,2,2,2,2,2,2,2,2,2,2,2,2,2,2,2,2,2,2,2,2,2,2,2,2,2,2,2,2,2,2,2,2,2,2,2,2,2,2,2,2,2,
5.9,-2.37985,4.60538,-0.981136,2,2,2,2,2,2,2,2,2,2,2,2,2,2,2,2,2,2,2,2,2,2,2,2,2,2,2,1.48728,1.33029,1.26287,1.23013,1.22106,1.23335,1.2702,1.34495,1.54228,2,2,2,2,2,2,2,2,2,2,2,2,2,2,2,2,2,2,2,2,2,2,2,2,2,2,2,2,2,2,2,2,2,2,2,2,2,2,2,2,2,2,2,2,2,2,2,2,2,2,2,2,2,2,
6,-2.33815,4.54305,-1.00131,2,2,2,2,2,2,2,2,2,2,2,2,2,2,2,2,2,2,2,2,2,2,2,2,2,2,2,1.37205,1.26239,1.20889,1.1838,1.17993,1.19637,1.23735,1.31853,2,2,2,2,2,2,2,2,2,2,2,2,2,2,2,2,2,2,2,2,2,2,2,2,2,2,2,2,2,2,2,2,2,2,2,2,2,2,2,2,2,2,2,2,2,2,2,2,2,2,2,2,2,2,2,
6.1,-2.29771,4.47989,-1.01816,2,2,2,2,2,2,2,2,2,2,2,2,2,2,2,2,2,2,2,2,2,2,2,2,2,2,2,1.27703,1.1976,1.15681,1.13953,1.14149,1.16311,1.21007,1.30251,2,2,2,2,2,2,2,2,2,2,2,2,2,2,2,2,2,2,2,2,2,2,2,2,2,2,2,2,2,2,2,2,2,2,2,2,2,2,2,2,2,2,2,2,2,2,2,2,2,2,2,2,2,2,2,
6.2,-2.25834,4.41605,-1.03224,2,2,2,2,2,2,2,2,2,2,2,2,2,2,2,2,2,2,2,2,2,2,2,2,2,2,1.31501,1.19544,1.1376,1.10811,1.09853,1.10676,1.13458,1.18973,1.30146,2,2,2,2,2,2,2,2,2,2,2,2,2,2,2,2,2,2,2,2,2,2,2,2,2,2,2,2,2,2,2,2,2,2,2,2,2,2,2,2,2,2,2,2,2,2,2,2,2,2,2,2,2,2,2,
6.3,-2.21987,4.35167,-1.04401,2,2,2,2,2,2,2,2,2,2,2,2,2,2,2,2,2,2,2,2,2,2,2,2,2,2,1.20316,1.12481,1.08334,1.06387,1.06182,1.07676,1.11202,1.17857,1.32929,2,2,2,2,2,2,2,2,2,2,2,2,2,2,2,2,2,2,2,2,2,2,2,2,2,2,2,2,2,2,2,2,2,2,2,2,2,2,2,2,2,2,2,2,2,2,2,2,2,2,2,2,2,2,2,
6.4,-2.18216,4.28684,-1.05385,2,2,2,2,2,2,2,2,2,2,2,2,2,2,2,2,2,2,2,2,2,2,2,2,2,1.22425,1.11776,1.06384,1.03539,1.02493,1.03031,1.0526,1.09706,1.18066,2,2,2,2,2,2,2,2,2,2,2,2,2,2,2,2,2,2,2,2,2,2,2,2,2,2,2,2,2,2,2,2,2,2,2,2,2,2,2,2,2,2,2,2,2,2,2,2,2,2,2,2,2,2,2,2,
6.5,-2.1451,4.22164,-1.06208,2,2,2,2,2,2,2,2,2,2,2,2,2,2,2,2,2,2,2,2,2,2,2,2,1.27248,1.1164,1.04876,1.01182,0.994143,0.991988,1.00495,1.03562,1.09222,1.20575,2,2,2,2,2,2,2,2,2,2,2,2,2,2,2,2,2,2,2,2,2,2,2,2,2,2,2,2,2,2,2,2,2,2,2,2,2,2,2,2,2,2,2,2,2,2,2,2,2,2,2,2,2,2,2,2,
6.6,-2.10857,4.15613,-1.06896,2,2,2,2,2,2,2,2,2,2,2,2,2,2,2,2,2,2,2,2,2,2,2,2,1.12136,1.03764,0.992365,0.968299,0.95995,0.965778,0.98684,1.02769,1.10207,1.31145,2,2,2,2,2,2,2,2,2,2,2,2,2,2,2,2,2,2,2,2,2,2,2,2,2,2,2,2,2,2,2,2,2,2,2,2,2,2,2,2,2,2,2,2,2,2,2,2,2,2,2,2,2,2,2,2,
6.7,-2.07249,4.09038,-1.07473,2,2,2,2,2,2,2,2,2,2,2,2,2,2,2,2,2,2,2,2,2,2,2,1.13443,1.0303,0.976598,0.9467,0.9331,0.933246,0.947162,0.97747,1.03186,1.13792,2,2,2,2,2,2,2,2,2,2,2,2,2,2,2,2,2,2,2,2,2,2,2,2,2,2,2,2,2,2,2,2,2,2,2,2,2,2,2,2,2,2,2,2,2,2,2,2,2,2,2,2,2,2,2,2,2,
6.8,-2.03679,4.02442,-1.07956,2,2,2,2,2,2,2,2,2,2,2,2,2,2,2,2,2,2,2,2,2,2,1.1605,1.02688,0.964337,0.928973,0.910796,0.906272,0.914638,0.937336,0.979155,1.05424,1.29985,2,2,2,2,2,2,2,2,2,2,2,2,2,2,2,2,2,2,2,2,2,2,2,2,2,2,2,2,2,2,2,2,2,2,2,2,2,2,2,2,2,2,2,2,2,2,2,2,2,2,2,2,2,2,2,2,2,
6.9,-2.00141,3.95829,-1.0836,2,2,2,2,2,2,2,2,2,2,2,2,2,2,2,2,2,2,2,2,2,1.22284,1.02781,0.95562,0.914973,0.892694,0.884218,0.888127,0.905056,0.938155,0.996124,1.11282,2,2,2,2,2,2,2,2,2,2,2,2,2,2,2,2,2,2,2,2,2,2,2,2,2,2,2,2,2,2,2,2,2,2,2,2,2,2,2,2,2,2,2,2,2,2,2,2,2,2,2,2,2,2,2,2,2,2,
7,-1.9663,3.89202,-0.933602,2,2,2,2,2,2,2,2,2,2,2,2,2,2,2,2,2,2,1.25813,1.01503,0.94085,0.899047,0.875677,0.86593,0.868196,0.882831,0.912407,0.963946,1.06116,2,2,2,2,2,2,2,2,2,2,2,2,2,2,2,2,2,2,2,2,2,2,2,2,2,2,2,2,2,2,2,2,2,2,2,2,2,2,2,2,2,2,2,2,2,2,2,2,2,2,2,2,2,2,2,2,2,2,2,2,2,
7.1,-1.92168,3.83173,-0.783602,2,2,2,2,2,2,2,2,2,2,2,2,2,2,2,2,1.02028,0.942083,0.898368,0.873674,0.862787,0.863894,0.877169,0.904889,0.953328,1.0425,2,2,2,2,2,2,2,2,2,2,2,2,2,2,2,2,2,2,2,2,2,2,2,2,2,2,2,2,2,2,2,2,2,2,2,2,2,2,2,2,2,2,2,2,2,2,2,2,2,2,2,2,2,2,2,2,2,2,2,2,2,2,2,2,
7.2,-1.86855,3.7788,-0.633602,2,2,2,2,2,2,2,2,2,2,2,2,2,1.04986,0.962401,0.91474,0.887687,0.875157,0.874988,0.887156,0.913747,0.960679,1.0464,2,2,2,2,2,2,2,2,2,2,2,2,2,2,2,2,2,2,2,2,2,2,2,2,2,2,2,2,2,2,2,2,2,2,2,2,2,2,2,2,2,2,2,2,2,2,2,2,2,2,2,2,2,2,2,2,2,2,2,2,2,2,2,2,2,2,2,
7.3,-1.80811,3.73439,-0.483602,2,2,2,2,2,2,2,2,2,2,1.11382,1.00505,0.949612,0.918202,0.902831,0.900653,0.911309,0.936659,0.982316,1.06559,2,2,2,2,2,2,2,2,2,2,2,2,2,2,2,2,2,2,2,2,2,2,2,2,2,2,2,2,2,2,2,2,2,2,2,2,2,2,2,2,2,2,2,2,2,2,2,2,2,2,2,2,2,2,2,2,2,2,2,2,2,2,2,2,2,2,2,2,2,2,
7.4,-1.74171,3.69952,-0.596354,2,2,2,2,2,2,2,2,2,2,2,1.17367,1.05117,0.991586,0.958354,0.942387,0.940564,0.952567,0.98063,1.03156,1.12837,2,2,2,2,2,2,2,2,2,2,2,2,2,2,2,2,2,2,2,2,2,2,2,2,2,2,2,2,2,2,2,2,2,2,2,2,2,2,2,2,2,2,2,2,2,2,2,2,2,2,2,2,2,2,2,2,2,2,2,2,2,2,2,2,2,2,2,2,2,
7.5,-1.67966,3.6574,-0.690966,2,2,2,2,2,2,2,2,2,2,2,2,1.17659,1.07118,1.01729,0.987979,0.975738,0.978179,0.995749,1.0321,1.09821,1.24697,2,2,2,2,2,2,2,2,2,2,2,2,2,2,2,2,2,2,2,2,2,2,2,2,2,2,2,2,2,2,2,2,2,2,2,2,2,2,2,2,2,2,2,2,2,2,2,2,2,2,2,2,2,2,2,2,2,2,2,2,2,2,2,2,2,2,2,2,
7.6,-1.62186,3.6096,-0.770423,2,2,2,2,2,2,2,2,2,2,2,2,2,1.1536,1.07526,1.03307,1.01198,1.00721,1.01785,1.04601,1.09894,1.20239,2,2,2,2,2,2,2,2,2,2,2,2,2,2,2,2,2,2,2,2,2,2,2,2,2,2,2,2,2,2,2,2,2,2,2,2,2,2,2,2,2,2,2,2,2,2,2,2,2,2,2,2,2,2,2,2,2,2,2,2,2,2,2,2,2,2,2,2,
7.7,-1.56804,3.55737,-0.837202,2,2,2,2,2,2,2,2,2,2,2,2,2,1.23528,1.12872,1.07489,1.0467,1.03672,1.04288,1.06643,1.11309,1.20186,2,2,2,2,2,2,2,2,2,2,2,2,2,2,2,2,2,2,2,2,2,2,2,2,2,2,2,2,2,2,2,2,2,2,2,2,2,2,2,2,2,2,2,2,2,2,2,2,2,2,2,2,2,2,2,2,2,2,2,2,2,2,2,2,2,2,2,2,
7.8,-1.51782,3.50166,-0.893368,2,2,2,2,2,2,2,2,2,2,2,2,2,1.31108,1.17486,1.11186,1.07868,1.06541,1.06915,1.09066,1.13516,1.21996,2,2,2,2,2,2,2,2,2,2,2,2,2,2,2,2,2,2,2,2,2,2,2,2,2,2,2,2,2,2,2,2,2,2,2,2,2,2,2,2,2,2,2,2,2,2,2,2,2,2,2,2,2,2,2,2,2,2,2,2,2,2,2,2,2,2,2,2,
7.9,-1.47081,3.44322,-0.940643,2,2,2,2,2,2,2,2,2,2,2,2,2,1.37223,1.21203,1.1435,1.10767,1.09301,1.09616,1.11779,1.16329,1.25107,2,2,2,2,2,2,2,2,2,2,2,2,2,2,2,2,2,2,2,2,2,2,2,2,2,2,2,2,2,2,2,2,2,2,2,2,2,2,2,2,2,2,2,2,2,2,2,2,2,2,2,2,2,2,2,2,2,2,2,2,2,2,2,2,2,2,2,2,
8,-1.42662,3.38263,-0.980462,2,2,2,2,2,2,2,2,2,2,2,2,2,1.40788,1.24025,1.17029,1.13415,1.11989,1.12414,1.14784,1.19727,1.29485,2,2,2,2,2,2,2,2,2,2,2,2,2,2,2,2,2,2,2,2,2,2,2,2,2,2,2,2,2,2,2,2,2,2,2,2,2,2,2,2,2,2,2,2,2,2,2,2,2,2,2,2,2,2,2,2,2,2,2,2,2,2,2,2,2,2,2,2,
8.1,-1.38487,3.32032,-1.01403,2,2,2,2,2,2,2,2,2,2,2,2,2,1.41794,1.26112,1.19341,1.15903,1.14676,1.15369,1.18141,1.23794,1.35492,2,2,2,2,2,2,2,2,2,2,2,2,2,2,2,2,2,2,2,2,2,2,2,2,2,2,2,2,2,2,2,2,2,2,2,2,2,2,2,2,2,2,2,2,2,2,2,2,2,2,2,2,2,2,2,2,2,2,2,2,2,2,2,2,2,2,2,2,
8.2,-1.34524,3.25665,-1.04234,2,2,2,2,2,2,2,2,2,2,2,2,2,1.41472,1.27713,1.21438,1.18343,1.17458,1.1857,1.21951,1.28716,1.44416,2,2,2,2,2,2,2,2,2,2,2,2,2,2,2,2,2,2,2,2,2,2,2,2,2,2,2,2,2,2,2,2,2,2,2,2,2,2,2,2,2,2,2,2,2,2,2,2,2,2,2,2,2,2,2,2,2,2,2,2,2,2,2,2,2,2,2,2,
8.3,-1.30742,3.19188,-1.06625,2,2,2,2,2,2,2,2,2,2,2,2,2,1.40838,1.29084,1.23474,1.2085,1.20433,1.22119,1.26355,1.34837,2,2,2,2,2,2,2,2,2,2,2,2,2,2,2,2,2,2,2,2,2,2,2,2,2,2,2,2,2,2,2,2,2,2,2,2,2,2,2,2,2,2,2,2,2,2,2,2,2,2,2,2,2,2,2,2,2,2,2,2,2,2,2,2,2,2,2,2,2,
8.4,-1.27116,3.12622,-1.08645,2,2,2,2,2,2,2,2,2,2,2,2,2,1.40374,1.3044,1.25585,1.23534,1.23702,1.26133,1.31552,1.42885,2,2,2,2,2,2,2,2,2,2,2,2,2,2,2,2,2,2,2,2,2,2,2,2,2,2,2,2,2,2,2,2,2,2,2,2,2,2,2,2,2,2,2,2,2,2,2,2,2,2,2,2,2,2,2,2,2,2,2,2,2,2,2,2,2,2,2,2,2,
8.5,-1.23624,3.05985,-1.10353,2,2,2,2,2,2,2,2,2,2,2,2,2,1.40283,1.31942,1.27887,1.26491,1.27369,1.30755,1.3785,1.55323,2,2,2,2,2,2,2,2,2,2,2,2,2,2,2,2,2,2,2,2,2,2,2,2,2,2,2,2,2,2,2,2,2,2,2,2,2,2,2,2,2,2,2,2,2,2,2,2,2,2,2,2,2,2,2,2,2,2,2,2,2,2,2,2,2,2,2,2,2,
8.6,-1.20246,2.99289,-1.11799,2,2,2,2,2,2,2,2,2,2,2,2,1.57488,1.4065,1.33702,1.30472,1.29812,1.3154,1.36166,1.45824,2,2,2,2,2,2,2,2,2,2,2,2,2,2,2,2,2,2,2,2,2,2,2,2,2,2,2,2,2,2,2,2,2,2,2,2,2,2,2,2,2,2,2,2,2,2,2,2,2,2,2,2,2,2,2,2,2,2,2,2,2,2,2,2,2,2,2,2,2,2,
8.7,-1.16965,2.92545,-1.13024,2,2,2,2,2,2,2,2,2,2,2,2,1.54019,1.41509,1.35799,1.33416,1.33581,1.3634,1.42638,1.56998,2,2,2,2,2,2,2,2,2,2,2,2,2,2,2,2,2,2,2,2,2,2,2,2,2,2,2,2,2,2,2,2,2,2,2,2,2,2,2,2,2,2,2,2,2,2,2,2,2,2,2,2,2,2,2,2,2,2,2,2,2,2,2,2,2,2,2,2,2,2,
8.8,-1.13766,2.85761,-1.14064,2,2,2,2,2,2,2,2,2,2,2,2,1.52715,1.4287,1.3829,1.36784,1.37885,1.41926,1.5065,2,2,2,2,2,2,2,2,2,2,2,2,2,2,2,2,2,2,2,2,2,2,2,2,2,2,2,2,2,2,2,2,2,2,2,2,2,2,2,2,2,2,2,2,2,2,2,2,2,2,2,2,2,2,2,2,2,2,2,2,2,2,2,2,2,2,2,2,2,2,2,
8.9,-1.10639,2.78944,-1.14946,2,2,2,2,2,2,2,2,2,2,2,1.76145,1.5263,1.44734,1.41215,1.40638,1.42825,1.48528,1.61332,2,2,2,2,2,2,2,2,2,2,2,2,2,2,2,2,2,2,2,2,2,2,2,2,2,2,2,2,2,2,2,2,2,2,2,2,2,2,2,2,2,2,2,2,2,2,2,2,2,2,2,2,2,2,2,2,2,2,2,2,2,2,2,2,2,2,2,2,2,2,2,
9,-1.07571,2.721,-1.15696,2,2,2,2,2,2,2,2,2,2,2,1.68388,1.53431,1.47102,1.44611,1.45041,1.48529,1.56538,1.81475,2,2,2,2,2,2,2,2,2,2,2,2,2,2,2,2,2,2,2,2,2,2,2,2,2,2,2,2,2,2,2,2,2,2,2,2,2,2,2,2,2,2,2,2,2,2,2,2,2,2,2,2,2,2,2,2,2,2,2,2,2,2,2,2,2,2,2,2,2,2,2,
9.1,-1.04555,2.65233,-1.16334,2,2,2,2,2,2,2,2,2,2,2,1.66267,1.54958,1.49973,1.48513,1.50066,1.55182,1.66807,2,2,2,2,2,2,2,2,2,2,2,2,2,2,2,2,2,2,2,2,2,2,2,2,2,2,2,2,2,2,2,2,2,2,2,2,2,2,2,2,2,2,2,2,2,2,2,2,2,2,2,2,2,2,2,2,2,2,2,2,2,2,2,2,2,2,2,2,2,2,2,2,
9.2,-1.01583,2.58347,-1.16878,2,2,2,2,2,2,2,2,2,2,2,1.6603,1.57118,1.53349,1.5296,1.55812,1.6309,1.82533,2,2,2,2,2,2,2,2,2,2,2,2,2,2,2,2,2,2,2,2,2,2,2,2,2,2,2,2,2,2,2,2,2,2,2,2,2,2,2,2,2,2,2,2,2,2,2,2,2,2,2,2,2,2,2,2,2,2,2,2,2,2,2,2,2,2,2,2,2,2,2,2,
9.3,-0.986488,2.51445,-1.17342,2,2,2,2,2,2,2,2,2,2,1.85668,1.66945,1.59855,1.57241,1.58001,1.62418,1.72865,2,2,2,2,2,2,2,2,2,2,2,2,2,2,2,2,2,2,2,2,2,2,2,2,2,2,2,2,2,2,2,2,2,2,2,1.99822,2,2,2,2,2,2,2,2,2,2,2,2,2,2,2,2,2,2,2,2,2,2,2,2,2,2,2,2,2,2,2,2,2,2,2,2,2,
9.4,-0.957463,2.4453,-1.17738,2,2,2,2,2,2,2,2,2,2,1.82234,1.68708,1.63134,1.61662,1.63703,1.70108,1.86258,2,2,2,2,2,2,2,2,2,2,2,2,2,2,2,2,2,2,2,2,2,2,2,2,2,2,2,2,2,2,2,2,2,2,1.9669,1.93388,1.94984,2,2,2,2,2,2,2,2,2,2,2,2,2,2,2,2,2,2,2,2,2,2,2,2,2,2,2,2,2,2,2,2,2,2,2,2,
9.5,-0.928713,2.37603,-1.18077,2,2,2,2,2,2,2,2,2,2,1.81699,1.71164,1.66934,1.6664,1.70163,1.79291,2,2,2,2,2,2,2,2,2,2,2,2,2,2,2,2,2,2,2,2,2,2,2,2,2,2,2,2,2,2,2,2,2,2,2,1.9192,1.87371,1.87606,1.92743,2,2,2,2,2,2,2,2,2,2,2,2,2,2,2,2,2,2,2,2,2,2,2,2,2,2,2,2,2,2,2,2,2,2,2,
9.6,-0.900197,2.30666,-1.18368,2,2,2,2,2,2,2,2,2,2,1.82608,1.74221,1.71248,1.72213,1.77531,1.9092,2,2,2,2,2,2,2,2,2,2,2,2,2,2,2,2,2,2,2,2,2,2,2,2,2,2,2,2,2,2,2,2,2,2,2,1.87568,1.81748,1.80757,1.84123,1.93746,2,2,2,2,2,2,2,2,2,2,2,2,2,2,2,2,2,2,2,2,2,2,2,2,2,2,2,2,2,2,2,2,2,2,
9.7,-0.871883,2.23721,-1.18618,2,2,2,2,2,2,2,2,2,2,1.84483,1.77821,1.7608,1.7844,1.86062,2,2,2,2,2,2,2,2,2,2,2,2,2,2,2,2,2,2,2,2,2,2,2,2,2,2,2,2,2,2,2,2,2,2,2,2,1.83692,1.76516,1.74381,1.76272,1.83074,2,2,2,2,2,2,2,2,2,2,2,2,2,2,2,2,2,2,2,2,2,2,2,2,2,2,2,2,2,2,2,2,2,2,
9.8,-0.843743,2.16769,-1.18832,2,2,2,2,2,2,2,2,2,2,1.87099,1.81929,1.81444,1.85413,1.96255,2,2,2,2,2,2,2,2,2,2,2,2,2,2,2,2,2,2,2,2,2,2,2,2,2,2,2,2,2,2,2,2,2,2,2,2,1.80396,1.71687,1.68447,1.69059,1.73778,1.85504,2,2,2,2,2,2,2,2,2,2,2,2,2,2,2,2,2,2,2,2,2,2,2,2,2,2,2,2,2,2,2,2,2,
9.9,-0.815752,2.09811,-1.19017,2,2,2,2,2,2,2,2,2,2,1.90329,1.86526,1.87368,1.93277,2,2,2,2,2,2,2,2,2,2,2,2,2,2,2,2,2,2,2,2,2,2,2,2,2,2,2,2,2,2,2,2,2,2,2,2,2,1.77864,1.67293,1.62941,1.62404,1.65473,1.7357,2,2,2,2,2,2,2,2,2,2,2,2,2,2,2,2,2,2,2,2,2,2,2,2,2,2,2,2,2,2,2,2,2,
10,-0.787889,2.02847,-1.19177,2,2,2,2,2,2,2,2,2,2,1.94095,1.91606,1.93902,2,2,2,2,2,2,2,2,2,2,2,2,2,2,2,2,2,2,2,2,2,2,2,2,2,2,2,2,2,2,2,2,2,2,2,2,2,2,1.76468,1.63388,1.57865,1.5626,1.57954,1.63603,1.77037,2,2,2,2,2,2,2,2,2,2,2,2,2,2,2,2,2,2,2,2,2,2,2,2,2,2,2,2,2,2,2,2,
10.1,-0.760138,1.9588,-1.19315,2,2,2,2,2,2,2,2,2,2,1.98348,1.97172,2,2,2,2,2,2,2,2,2,2,2,2,2,2,2,2,2,2,2,2,2,2,2,2,2,2,2,2,2,2,2,2,2,2,2,2,2,2,2,1.77205,1.60064,1.53241,1.50604,1.51105,1.54917,1.63804,2,2,2,2,2,2,2,2,2,2,2,2,2,2,2,2,2,2,2,2,2,2,2,2,2,2,2,2,2,2,2,2,
10.2,-0.732483,1.88908,-1.19435,2,2,2,2,2,2,2,2,2,2,2,2,2,2,2,2,2,2,2,2,2,2,2,2,2,2,2,2,2,2,2,2,2,2,2,2,2,2,2,2,2,2,2,2,2,2,2,2,2,2,2,2,1.57476,1.49107,1.45429,1.44855,1.47197,1.53308,1.67547,2,2,2,2,2,2,2,2,2,2,2,2,2,2,2,2,2,2,2,2,2,2,2,2,2,2,2,2,2,2,2,
10.3,-0.704912,1.81933,-1.19539,2,2,2,2,2,2,2,2,2,2,2,2,2,2,2,2,2,2,2,2,2,2,2,2,2,2,2,2,2,2,2,2,2,2,2,2,2,2,2,2,2,2,2,2,2,2,2,2,2,2,2,2,1.55917,1.45527,1.40749,1.39167,1.40272,1.44408,1.53424,2,2,2,2,2,2,2,2,2,2,2,2,2,2,2,2,2,2,2,2,2,2,2,2,2,2,2,2,2,2,2,
10.4,-0.677413,1.74956,-1.1963,2,2,2,2,2,2,2,2,2,2,2,2,2,2,2,2,2,2,2,2,2,2,2,2,2,2,2,2,2,2,2,2,2,2,2,2,2,2,2,2,2,2,2,2,2,2,2,2,2,2,2,2,1.5606,1.4261,1.36594,1.34026,1.34043,1.36652,1.42732,1.56386,2,2,2,2,2,2,2,2,2,2,2,2,2,2,2,2,2,2,2,2,2,2,2,2,2,2,2,2,2,2,
10.5,-0.649978,1.67975,-1.19709,2,2,2,2,2,2,2,2,2,2,2,2,2,2,2,2,2,2,2,2,2,2,2,2,2,2,2,2,2,2,2,2,2,2,2,2,2,2,2,2,2,2,2,2,2,2,2,2,2,2,2,2,1.60639,1.40541,1.3302,1.29438,1.28459,1.29813,1.33884,1.42331,2,2,2,2,2,2,2,2,2,2,2,2,2,2,2,2,2,2,2,2,2,2,2,2,2,2,2,2,2,2,
10.6,-0.622598,1.60993,-1.19779,2,2,2,2,2,2,2,2,2,2,2,2,2,2,2,2,2,2,2,2,2,2,2,2,2,2,2,2,2,2,2,2,2,2,2,2,2,2,2,2,2,2,2,2,2,2,2,2,2,2,2,2,2,1.39681,1.30121,1.25431,1.23494,1.23766,1.26318,1.31921,1.43758,2,2,2,2,2,2,2,2,2,2,2,2,2,2,2,2,2,2,2,2,2,2,2,2,2,2,2,2,2,
10.7,-0.595267,1.54009,-1.1984,2,2,2,2,2,2,2,2,2,2,2,2,2,2,2,2,2,2,2,2,2,2,2,2,2,2,2,2,2,2,2,2,2,2,2,2,2,2,2,2,2,2,2,2,2,2,2,2,2,2,2,2,2,1.40917,1.28058,1.22059,1.19151,1.18443,1.19766,1.2345,1.30794,1.4962,2,2,2,2,2,2,2,2,2,2,2,2,2,2,2,2,2,2,2,2,2,2,2,2,2,2,2,2,
10.8,-0.567978,1.47023,-1.19894,2,2,2,2,2,2,2,2,2,2,2,2,2,2,2,2,2,2,2,2,2,2,2,2,2,2,2,2,2,2,2,2,2,2,2,2,2,2,2,2,2,2,2,2,2,2,2,2,2,2,2,2,2,1.49302,1.27124,1.19418,1.15458,1.13815,1.14085,1.1633,1.21143,1.3065,2,2,2,2,2,2,2,2,2,2,2,2,2,2,2,2,2,2,2,2,2,2,2,2,2,2,2,2,
10.9,-0.540727,1.40036,-1.19942,2,2,2,2,2,2,2,2,2,2,2,2,2,2,2,2,2,2,2,2,2,2,2,2,2,2,2,2,2,2,2,2,2,2,2,2,2,2,2,2,2,2,2,2,2,2,2,2,2,2,2,2,2,2,1.27973,1.17671,1.12475,1.09882,1.092,1.10282,1.13367,1.19354,1.31935,2,2,2,2,2,2,2,2,2,2,2,2,2,2,2,2,2,2,2,2,2,2,2,2,2,2,2,
11,-0.513509,1.33047,-1.19984,2,2,2,2,2,2,2,2,2,2,2,2,2,2,2,2,2,2,2,2,2,2,2,2,2,2,2,2,2,2,2,2,2,2,2,2,2,2,2,2,2,2,2,2,2,2,2,2,2,2,2,2,2,2,1.32917,1.17118,1.10309,1.06679,1.05082,1.05163,1.06938,1.10811,1.18074,1.36593,2,2,2,2,2,2,2,2,2,2,2,2,2,2,2,2,2,2,2,2,2,2,2,2,2,2,
11.1,-0.486321,1.26057,-1.20022,2,2,2,2,2,2,2,2,2,2,2,2,2,2,2,2,2,2,2,2,2,2,2,2,2,2,2,2,2,2,2,2,2,2,2,2,2,2,2,2,2,2,2,2,2,2,2,2,2,2,2,2,2,2,2,1.1843,1.0915,1.0428,1.01737,1.009,1.01604,1.03986,1.08612,1.17328,2,2,2,2,2,2,2,2,2,2,2,2,2,2,2,2,2,2,2,2,2,2,2,2,2,2,
11.2,-0.459159,1.19066,-1.20056,2,2,2,2,2,2,2,2,2,2,2,2,2,2,2,2,2,2,2,2,2,2,2,2,2,2,2,2,2,2,2,2,2,2,2,2,2,2,2,2,2,2,2,2,2,2,2,2,2,2,2,2,2,2,2,1.23927,1.09361,1.02818,0.992141,0.974736,0.972362,0.984588,1.01378,1.06741,1.17199,2,2,2,2,2,2,2,2,2,2,2,2,2,2,2,2,2,2,2,2,2,2,2,2,2,
11.3,-0.432022,1.12074,-1.20086,2,2,2,2,2,2,2,2,2,2,2,2,2,2,2,2,2,2,2,2,2,2,2,2,2,2,2,2,2,2,2,2,2,2,2,2,2,2,2,2,2,2,2,2,2,2,2,2,2,2,2,2,2,2,2,2,1.11803,1.02541,0.976124,0.949054,0.937785,0.94024,0.956848,0.990874,1.05179,1.17904,2,2,2,2,2,2,2,2,2,2,2,2,2,2,2,2,2,2,2,2,2,2,2,2,
11.4,-0.404905,1.05082,-1.20114,2,2,2,2,2,2,2,2,2,2,2,2,2,2,2,2,2,2,2,2,2,2,2,2,2,2,2,2,2,2,2,2,2,2,2,2,2,2,2,2,2,2,2,2,2,2,2,2,2,2,2,2,2,2,2,2,1.20228,1.0396,0.971183,0.932689,0.912278,0.905824,0.912231,0.932587,0.971002,1.03926,1.20102,2,2,2,2,2,2,2,2,2,2,2,2,2,2,2,2,2,2,2,2,2,2,2,
11.5,-0.377808,0.980882,-1.2014,2,2,2,2,2,2,2,2,2,2,2,2,2,2,2,2,2,2,2,2,2,2,2,2,2,2,2,2,2,2,2,2,2,2,2,2,2,2,2,2,2,2,2,2,2,2,2,2,2,2,2,2,2,2,2,2,2,1.08472,0.98095,0.927117,0.896343,0.881035,0.878435,0.888124,0.911732,0.954197,1.03003,2,2,2,2,2,2,2,2,2,2,2,2,2,2,2,2,2,2,2,2,2,2,2,
11.6,-0.350729,0.910942,-1.0514,2,2,2,2,2,2,2,2,2,2,2,2,2,2,2,2,2,2,2,2,2,2,2,2,2,2,2,2,2,2,2,2,2,2,2,2,2,2,2,2,2,2,2,2,2,2,2,2,2,2,2,2,2,2,2,1.20458,1.00055,0.928135,0.887067,0.864001,0.854272,0.856297,0.87039,0.898973,0.948611,1.04067,2,2,2,2,2,2,2,2,2,2,2,2,2,2,2,2,2,2,2,2,2,2,2,2,
11.7,-0.315537,0.849392,-0.901396,2,2,2,2,2,2,2,2,2,2,2,2,2,2,2,2,2,2,2,2,2,2,2,2,2,2,2,2,2,2,2,2,2,2,2,2,2,2,2,2,2,2,2,2,2,2,2,2,2,2,2,2,2,2,1.02311,0.926085,0.874454,0.844255,0.828407,0.824205,0.831021,0.849892,0.884219,0.943029,1.06274,2,2,2,2,2,2,2,2,2,2,2,2,2,2,2,2,2,2,2,2,2,2,2,2,2,
11.8,-0.275493,0.798786,-1.0514,2,2,2,2,2,2,2,2,2,2,2,2,2,2,2,2,2,2,2,2,2,2,2,2,2,2,2,2,2,2,2,2,2,2,2,2,2,2,2,2,2,2,2,2,2,2,2,2,2,2,2,2,2,2,2,2,1.14743,0.941367,0.870004,0.828894,0.804848,0.793164,0.792046,0.801338,0.822422,0.859148,0.921752,1.05771,2,2,2,2,2,2,2,2,2,2,2,2,2,2,2,2,2,2,2,2,2,2,
11.9,-0.246156,0.747475,-1.2014,2,2,2,2,2,2,2,2,2,2,2,2,2,2,2,2,2,2,2,2,2,2,2,2,2,2,2,2,2,2,2,2,2,2,2,2,2,2,2,2,2,2,2,2,2,2,2,2,2,2,2,2,2,2,2,2,2,2,2,1.00819,0.892176,0.834515,0.800243,0.780569,0.772083,0.773562,0.785212,0.808774,0.848727,0.917364,1.09353,2,2,2,2,2,2,2,2,2,2,2,2,2,2,2,2,2,2,2,
12,-0.22663,0.697044,-1.0514,2,2,2,2,2,2,2,2,2,2,2,2,2,2,2,2,2,2,2,2,2,2,2,2,2,2,2,2,2,2,2,2,2,2,2,2,2,2,2,2,2,2,2,2,2,2,2,2,2,2,2,2,2,2,2,2,2,2,0.922651,0.848256,0.805538,0.780058,0.766766,0.76364,0.770254,0.787533,0.818299,0.869628,0.965425,2,2,2,2,2,2,2,2,2,2,2,2,2,2,2,2,2,2,2,2,2,
12.1,-0.202056,0.654065,-0.901396,2,2,2,2,2,2,2,2,2,2,2,2,2,2,2,2,2,2,2,2,2,2,2,2,2,2,2,2,2,2,2,2,2,2,2,2,2,2,2,2,2,2,2,2,2,2,2,2,2,2,2,2,2,2,2,2,0.952585,0.85748,0.806383,0.775609,0.758127,0.751107,0.753584,0.765887,0.789828,0.829921,0.898528,1.07798,2,2,2,2,2,2,2,2,2,2,2,2,2,2,2,2,2,2,2,2,2,2,
12.2,-0.173819,0.618379,-0.751396,2,2,2,2,2,2,2,2,2,2,2,2,2,2,2,2,2,2,2,2,2,2,2,2,2,2,2,2,2,2,2,2,2,2,2,2,2,2,2,2,2,2,2,2,2,2,2,2,2,2,2,2,2,2,0.983176,0.861396,0.802419,0.767078,0.746111,0.735904,0.735034,0.743387,0.762102,0.794237,0.847388,0.948583,2,2,2,2,2,2,2,2,2,2,2,2,2,2,2,2,2,2,2,2,2,2,2,2,
12.3,-0.143061,0.589645,-0.601396,2,2,2,2,2,2,2,2,2,2,2,2,2,2,2,2,2,2,2,2,2,2,2,2,2,2,2,2,2,2,2,2,2,2,2,2,2,2,2,2,2,2,2,2,2,2,2,2,2,2,2,2,1.01842,0.85902,0.793305,0.754366,0.730706,0.718025,0.714529,0.719777,0.73444,0.760669,0.803594,0.877858,2,2,2,2,2,2,2,2,2,2,2,2,2,2,2,2,2,2,2,2,2,2,2,2,2,2,
12.4,-0.110682,0.567427,-0.451396,2,2,2,2,2,2,2,2,2,2,2,2,2,2,2,2,2,2,2,2,2,2,2,2,2,2,2,2,2,2,2,2,2,2,2,2,2,2,2,2,2,2,2,2,2,2,2,2,2,2,2,0.849282,0.778769,0.737431,0.711942,0.697497,0.692043,0.694903,0.706426,0.728161,0.76379,0.822653,0.945322,2,2,2,2,2,2,2,2,2,2,2,2,2,2,2,2,2,2,2,2,2,2,2,2,2,2,2,
12.5,-0.0773547,0.551271,-0.301396,2,2,2,2,2,2,2,2,2,2,2,2,2,2,2,2,2,2,2,2,2,2,2,2,2,2,2,2,2,2,2,2,2,2,2,2,2,2,2,2,2,2,2,2,2,2,2,2,2,0.831267,0.758667,0.716295,0.689877,0.674366,0.667571,0.668668,0.677783,0.696058,0.726253,0.774895,0.863159,2,2,2,2,2,2,2,2,2,2,2,2,2,2,2,2,2,2,2,2,2,2,2,2,2,2,2,2,2,
12.6,-0.0435632,0.540766,-0.151396,2,2,2,2,2,2,2,2,2,2,2,2,2,2,2,2,2,2,2,2,2,2,2,2,2,2,2,2,2,2,2,2,2,2,2,2,2,2,2,2,2,2,2,2,2,2,2,0.804565,0.733024,0.691045,0.664594,0.648684,0.641114,0.640992,0.648306,0.663912,0.689955,0.731278,0.801337,2,2,2,2,2,2,2,2,2,2,2,2,2,2,2,2,2,2,2,2,2,2,2,2,2,2,2,2,2,2,2,
12.7,-0.00964694,0.535592,-0.0013957,2,2,2,2,2,2,2,2,2,2,2,2,2,2,2,2,2,2,2,2,2,2,2,2,2,2,2,2,2,2,2,2,2,2,2,2,2,2,2,2,2,2,2,2,2,0.769523,0.702059,0.661829,0.636189,0.620499,0.612667,0.611807,0.617827,0.631393,0.654219,0.690065,0.748382,0.872765,2,2,2,2,2,2,2,2,2,2,2,2,2,2,2,2,2,2,2,2,2,2,2,2,2,2,2,2,2,2,2,2,
12.8,0.024144,0.535545,0.148604,2,2,2,2,2,2,2,2,2,2,2,2,2,2,2,2,2,2,2,2,2,2,2,2,2,2,2,2,2,2,2,2,2,2,2,2,2,2,2,2,2,2,0.870653,0.727204,0.666165,0.628857,0.60478,0.589865,0.58223,0.581053,0.586214,0.59825,0.618575,0.65021,0.70024,0.793594,2,2,2,2,2,2,2,2,2,2,2,2,2,2,2,2,2,2,2,2,2,2,2,2,2,2,2,2,2,2,2,2,2,2,
12.9,0.0575932,0.540552,0.294629,2,2,2,2,2,2,2,2,2,2,2,2,2,2,2,2,2,2,2,2,2,2,2,2,2,2,2,2,2,2,2,2,2,2,2,2,2,2,2,2,0.795233,0.683026,0.628249,0.593947,0.571518,0.55745,0.550066,0.548614,0.552956,0.563514,0.581438,0.609129,0.651887,0.725267,2,2,2,2,2,2,2,2,2,2,2,2,2,2,2,2,2,2,2,2,2,2,2,2,2,2,2,2,2,2,2,2,2,2,2,2,
13,0.0905029,0.550539,0.42819,2,2,2,2,2,2,2,2,2,2,2,2,2,2,2,2,2,2,2,2,2,2,2,2,2,2,2,2,2,2,2,2,2,2,2,2,2,2,0.745886,0.644606,0.592973,0.560186,0.538457,0.524522,0.516789,0.514505,0.517463,0.525932,0.540749,0.563655,0.598252,0.653442,0.770206,2,2,2,2,2,2,2,2,2,2,2,2,2,2,2,2,2,2,2,2,2,2,2,2,2,2,2,2,2,2,2,2,2,2,2,2,2,
13.1,0.122782,0.565272,0.54391,2,2,2,2,2,2,2,2,2,2,2,2,2,2,2,2,2,2,2,2,2,2,2,2,2,2,2,2,2,2,2,2,2,2,2,2,0.723241,0.615268,0.562596,0.52921,0.50682,0.492012,0.483106,0.479259,0.480137,0.485815,0.496797,0.514182,0.54014,0.579281,0.644385,2,2,2,2,2,2,2,2,2,2,2,2,2,2,2,2,2,2,2,2,2,2,2,2,2,2,2,2,2,2,2,2,2,2,2,2,2,2,2,
13.2,0.154496,0.584452,0.633869,2,2,2,2,2,2,2,2,2,2,2,2,2,2,2,2,2,2,2,2,2,2,2,2,2,2,2,2,2,2,2,2,2,2,2,0.604375,0.542158,0.504393,0.479081,0.461832,0.450555,0.444158,0.442103,0.444226,0.450695,0.462058,0.479416,0.504884,0.542911,0.605741,2,2,2,2,2,2,2,2,2,2,2,2,2,2,2,2,2,2,2,2,2,2,2,2,2,2,2,2,2,2,2,2,2,2,2,2,2,2,2,2,
13.3,0.185996,0.607606,0.722818,2,2,2,2,2,2,2,2,2,2,2,2,2,2,2,2,2,2,2,2,2,2,2,2,2,2,2,2,2,2,2,2,2,0.587693,0.516682,0.475726,0.448459,0.429592,0.416702,0.408517,0.404355,0.403903,0.407126,0.414266,0.425898,0.443115,0.467966,0.504721,0.565045,2,2,2,2,2,2,2,2,2,2,2,2,2,2,2,2,2,2,2,2,2,2,2,2,2,2,2,2,2,2,2,2,2,2,2,2,2,2,2,2,2,
13.4,0.217148,0.635084,0.78625,2,2,2,2,2,2,2,2,2,2,2,2,2,2,2,2,2,2,2,2,2,2,2,2,2,2,2,2,2,2,2,0.6111,0.503813,0.454045,0.422263,0.400301,0.384841,0.374212,0.367494,0.364184,0.364054,0.367094,0.373514,0.383791,0.3988,0.42013,0.450894,0.498568,0.595369,2,2,2,2,2,2,2,2,2,2,2,2,2,2,2,2,2,2,2,2,2,2,2,2,2,2,2,2,2,2,2,2,2,2,2,2,2,2,2,2,2,
13.5,0.248529,0.666519,0.83896,2,2,2,2,2,2,2,2,2,2,2,2,2,2,2,2,2,2,2,2,2,2,2,2,2,2,2,2,2,2,0.495756,0.432543,0.395443,0.370321,0.352481,0.339732,0.330891,0.325279,0.322517,0.322432,0.325017,0.330435,0.33905,0.351517,0.368975,0.393525,0.429602,0.490113,2,2,2,2,2,2,2,2,2,2,2,2,2,2,2,2,2,2,2,2,2,2,2,2,2,2,2,2,2,2,2,2,2,2,2,2,2,2,2,2,2,2,
13.6,0.280411,0.702012,0.881708,2,2,2,2,2,2,2,2,2,2,2,2,2,2,2,2,2,2,2,2,2,2,2,2,2,2,2,2,0.495113,0.408852,0.36597,0.338011,0.318268,0.303926,0.293526,0.286234,0.281554,0.279204,0.279047,0.281077,0.285407,0.292298,0.302209,0.315914,0.33475,0.361256,0.401232,0.475936,2,2,2,2,2,2,2,2,2,2,2,2,2,2,2,2,2,2,2,2,2,2,2,2,2,2,2,2,2,2,2,2,2,2,2,2,2,2,2,2,2,2,
13.7,0.313118,0.741715,0.918524,2,2,2,2,2,2,2,2,2,2,2,2,2,2,2,2,2,2,2,2,2,2,2,2,2,2,0.502412,0.375028,0.328777,0.299745,0.279426,0.264565,0.253542,0.245442,0.23971,0.236006,0.23413,0.233986,0.235567,0.238954,0.244326,0.251997,0.262477,0.276607,0.295847,0.323054,0.365255,0.456757,2,2,2,2,2,2,2,2,2,2,2,2,2,2,2,2,2,2,2,2,2,2,2,2,2,2,2,2,2,2,2,2,2,2,2,2,2,2,2,2,2,2,
13.8,0.346889,0.78593,0.949873,2,2,2,2,2,2,2,2,2,2,2,2,2,2,2,2,2,2,2,2,2,2,2,2,0.455905,0.322689,0.279602,0.252705,0.233845,0.219942,0.209469,0.201561,0.195687,0.19151,0.188817,0.18748,0.187439,0.188693,0.191297,0.195374,0.201132,0.208898,0.219187,0.232836,0.251315,0.27755,0.319103,0.42542,2,2,2,2,2,2,2,2,2,2,2,2,2,2,2,2,2,2,2,2,2,2,2,2,2,2,2,2,2,2,2,2,2,2,2,2,2,2,2,2,2,2,
13.9,0.381999,0.835014,0.976382,2,2,2,2,2,2,2,2,2,2,2,2,2,2,2,2,2,2,2,2,2,2,0.312076,0.24837,0.216411,0.195444,0.180391,0.169104,0.160457,0.15379,0.148688,0.144878,0.142181,0.14048,0.139705,0.139825,0.140845,0.142807,0.14579,0.149927,0.15542,0.162572,0.171853,0.184017,0.200387,0.223598,0.260479,0.355305,2,2,2,2,2,2,2,2,2,2,2,2,2,2,2,2,2,2,2,2,2,2,2,2,2,2,2,2,2,2,2,2,2,2,2,2,2,2,2,2,2,2,
14,0.418751,0.889383,0.997244,2,2,2,2,2,2,2,2,2,2,2,2,2,2,2,2,2,2,2,0.253617,0.190169,0.161539,0.143264,0.130296,0.120596,0.113123,0.107275,0.102675,0.0990741,0.0963024,0.0942434,0.0928178,0.0919737,0.0916819,0.0919323,0.0927335,0.0941134,0.0961216,0.0988355,0.102368,0.106885,0.112626,0.119957,0.129459,0.142125,0.15988,0.187375,0.244923,2,2,2,2,2,2,2,2,2,2,2,2,2,2,2,2,2,2,2,2,2,2,2,2,2,2,2,2,2,2,2,2,2,2,2,2,2,2,2,2,2,2,
14.1,0.457568,0.949472,1.01468,2,2,2,2,2,2,2,2,2,2,2,2,2,2,2,0.198115,0.122856,0.0992692,0.0851456,0.0754531,0.0683398,0.0629085,0.0586566,0.0552767,0.0525682,0.0503952,0.0486623,0.0473017,0.0462647,0.0455171,0.0450352,0.0448046,0.0448185,0.0450773,0.0455885,0.0463678,0.0474397,0.04884,0.0506193,0.052848,0.0556251,0.0590929,0.063461,0.0690538,0.0764052,0.0864813,0.101321,0.126744,2,2,2,2,2,2,2,2,2,2,2,2,2,2,2,2,2,2,2,2,2,2,2,2,2,2,2,2,2,2,2,2,2,2,2,2,2,2,2,2,2,2,
14.2,0.49716,1.01317,1.02897,2,2,2,2,2,2,2,2,2,0.0358324,0.0174839,0.012219,0.00950455,0.00783081,0.00669514,0.00587669,0.00526211,0.00478667,0.00441102,0.0041095,0.00386505,0.00366549,0.00350233,0.00336941,0.00326197,0.00317658,0.00311086,0.0030628,0.00303116,0.00301518,0.00301434,0.00302873,0.00305862,0.00310482,0.00316861,0.0032517,0.00335666,0.00348663,0.00364625,0.00384149,0.00408063,0.00437527,0.00474184,0.00520484,0.00580194,0.00659416,0.0076876,0.00928668,0.0118466,0.01668,0.0313326,2,2,2,2,2,2,2,2,2,2,2,2,2,2,2,2,2,2,2,2,2,2,2,2,2,2,2,2,2,2,2,2,2,2,2,2,2,2,2,
14.3,0.535837,1.07743,1.04061,
