0,3,-5,-0.186658,2,2,2,2,2,2,2,2,2,2,2,2,2,2,2,2,2,2,2,2,2,2,2,2,2,2,2,2,2,2,2,2,2,2,2,2,2,2,2,2,2,2,2,2,2,2,2,2,2,2,2,2,2,2,2,2,2,2,2,2,2,2,0.829591,0.655485,0.593904,0.556265,0.531341,0.514894,0.50491,0.500387,0.500918,0.506548,0.517794,0.535822,0.56297,0.604307,0.674533,2,2,2,2,2,2,2,2,2,2,2,2,2,
0.1,3.0737,-5.01392,-0.0366577,2,2,2,2,2,2,2,2,2,2,2,2,2,2,2,2,2,2,2,2,2,2,2,2,2,2,2,2,2,2,2,2,2,2,2,2,2,2,2,2,2,2,2,2,2,2,2,2,2,2,2,2,2,2,2,2,2,2,2,2,2,2,0.675165,0.611538,0.572964,0.547576,0.530963,0.521051,0.516824,0.517891,0.524349,0.536813,0.556652,0.586641,0.63309,0.716884,2,2,2,2,2,2,2,2,2,2,2,2,2,2,
0.2,3.14865,-5.01667,0.113342,2,2,2,2,2,2,2,2,2,2,2,2,2,2,2,2,2,2,2,2,2,2,2,2,2,2,2,2,2,2,2,2,2,2,2,2,2,2,2,2,2,2,2,2,2,2,2,2,2,2,2,2,2,2,2,2,2,2,2,2,2,0.685071,0.62142,0.582829,0.557507,0.541056,0.531415,0.527586,0.529209,0.536435,0.549976,0.571381,0.603847,0.654947,0.753616,2,2,2,2,2,2,2,2,2,2,2,2,2,2,2,
0.3,3.22317,-5.00818,0.263342,2,2,2,2,2,2,2,2,2,2,2,2,2,2,2,2,2,2,2,2,2,2,2,2,2,2,2,2,2,2,2,2,2,2,2,2,2,2,2,2,2,2,2,2,2,2,2,2,2,2,2,2,2,2,2,2,2,2,2,0.846534,0.685413,0.623635,0.585898,0.561143,0.545161,0.535969,0.532619,0.534795,0.5427,0.557129,0.579788,0.614232,0.669194,0.783347,2,2,2,2,2,2,2,2,2,2,2,2,2,2,2,2,
0.4,3.29558,-4.98866,0.413342,2,2,2,2,2,2,2,2,2,2,2,2,2,2,2,2,2,2,2,2,2,2,2,2,2,2,2,2,2,2,2,2,2,2,2,2,2,2,2,2,2,2,2,2,2,2,2,2,2,2,2,2,2,2,2,2,2,2,0.809049,0.676711,0.618382,0.582275,0.558541,0.543302,0.534713,0.531901,0.534601,0.543066,0.558156,0.58169,0.617482,0.675163,0.803526,2,2,2,2,2,2,2,2,2,2,2,2,2,2,2,2,2,
0.5,3.36426,-4.95854,0.563342,2,2,2,2,2,2,2,2,2,2,2,2,2,2,2,2,2,2,2,2,2,2,2,2,2,2,2,2,2,2,2,2,2,2,2,2,2,2,2,2,2,2,2,2,2,2,2,2,2,2,2,2,2,2,2,2,2,0.768817,0.659676,0.605952,0.572118,0.549795,0.535536,0.527676,0.525436,0.528608,0.537487,0.552974,0.576947,0.613349,0.672277,0.80963,2,2,2,2,2,2,2,2,2,2,2,2,2,2,2,2,2,2,
0.6,3.42767,-4.91848,0.713342,2,2,2,2,2,2,2,2,2,2,2,2,2,2,2,2,2,2,2,2,2,2,2,2,2,2,2,2,2,2,2,2,2,2,2,2,2,2,2,2,2,2,2,2,2,2,2,2,2,2,2,2,2,2,2,2,0.724948,0.635082,0.5867,0.555636,0.535041,0.521952,0.514917,0.513258,0.516828,0.525953,0.541545,0.56548,0.601677,0.660152,0.796416,2,2,2,2,2,2,2,2,2,2,2,2,2,2,2,2,2,2,2,
0.7,3.48439,-4.86941,0.863342,2,2,2,2,2,2,2,2,2,2,2,2,2,2,2,2,2,2,2,2,2,2,2,2,2,2,2,2,2,2,2,2,2,2,2,2,2,2,2,2,2,2,2,2,2,2,2,2,2,2,2,2,2,2,2,0.677355,0.603686,0.561019,0.533073,0.514444,0.502671,0.496521,0.49543,0.499303,0.508485,0.523872,0.547271,0.582418,0.638682,0.763403,2,2,2,2,2,2,2,2,2,2,2,2,2,2,2,2,2,2,2,2,
0.8,3.53313,-4.81241,1.01334,2,2,2,2,2,2,2,2,2,2,2,2,2,2,2,2,2,2,2,2,2,2,2,2,2,2,2,2,2,2,2,2,2,2,2,2,2,2,2,2,2,2,2,2,2,2,2,2,2,2,2,2,2,0.790014,0.626155,0.566189,0.529323,0.504702,0.4882,0.477837,0.472603,0.472041,0.476107,0.485147,0.500011,0.52238,0.555652,0.608088,0.715616,2,2,2,2,2,2,2,2,2,2,2,2,2,2,2,2,2,2,2,2,2,
0.9,3.57281,-4.74876,1.16334,2,2,2,2,2,2,2,2,2,2,2,2,2,2,2,2,2,2,2,2,2,2,2,2,2,2,2,2,2,2,2,2,2,2,2,2,2,2,2,2,2,2,2,2,2,2,2,2,2,2,2,2,0.664308,0.571539,0.523223,0.492032,0.470819,0.456529,0.447624,0.443303,0.443212,0.447347,0.45604,0.470072,0.490938,0.521596,0.568894,0.658002,2,2,2,2,2,2,2,2,2,2,2,2,2,2,2,2,2,2,2,2,2,2,
1,3.60253,-4.6799,1.31334,2,2,2,2,2,2,2,2,2,2,2,2,2,2,2,2,2,2,2,2,2,2,2,2,2,2,2,2,2,2,2,2,2,2,2,2,2,2,2,2,2,2,2,2,2,2,2,2,2,2,2,0.577906,0.513737,0.475356,0.449566,0.431734,0.419673,0.412228,0.408786,0.40909,0.41316,0.421307,0.434214,0.453159,0.480588,0.521847,0.593555,2,2,2,2,2,2,2,2,2,2,2,2,2,2,2,2,2,2,2,2,2,2,2,
1.1,3.62162,-4.60737,1.46334,2,2,2,2,2,2,2,2,2,2,2,2,2,2,2,2,2,2,2,2,2,2,2,2,2,2,2,2,2,2,2,2,2,2,2,2,2,2,2,2,2,2,2,2,2,2,2,2,2,0.587854,0.498933,0.453009,0.423106,0.40234,0.387773,0.377893,0.371866,0.369245,0.369851,0.373722,0.381134,0.392657,0.409333,0.43308,0.467826,0.524005,2,2,2,2,2,2,2,2,2,2,2,2,2,2,2,2,2,2,2,2,2,2,2,2,
1.2,3.62967,-4.5328,1.6022,2,2,2,2,2,2,2,2,2,2,2,2,2,2,2,2,2,2,2,2,2,2,2,2,2,2,2,2,2,2,2,2,2,2,2,2,2,2,2,2,2,2,2,2,2,2,2,2,0.486934,0.429068,0.394005,0.370032,0.352971,0.340819,0.33248,0.327326,0.325012,0.325393,0.328492,0.334507,0.343852,0.357262,0.376026,0.402572,0.442268,0.512798,2,2,2,2,2,2,2,2,2,2,2,2,2,2,2,2,2,2,2,2,2,2,2,2,
1.3,3.62731,-4.45784,1.71774,2,2,2,2,2,2,2,2,2,2,2,2,2,2,2,2,2,2,2,2,2,2,2,2,2,2,2,2,2,2,2,2,2,2,2,2,2,2,2,2,2,2,2,2,2,2,0.51589,0.414039,0.368273,0.33896,0.318391,0.303466,0.292611,0.284933,0.279901,0.277206,0.276695,0.278339,0.28223,0.288598,0.297856,0.3107,0.328319,0.352917,0.389286,0.452581,2,2,2,2,2,2,2,2,2,2,2,2,2,2,2,2,2,2,2,2,2,2,2,2,
1.4,3.61633,-4.38365,1.81393,2,2,2,2,2,2,2,2,2,2,2,2,2,2,2,2,2,2,2,2,2,2,2,2,2,2,2,2,2,2,2,2,2,2,2,2,2,2,2,2,2,2,2,2,2,0.425651,0.349204,0.310414,0.284924,0.266743,0.253326,0.243344,0.236022,0.230886,0.227645,0.226128,0.22626,0.228047,0.23158,0.237044,0.244756,0.255229,0.269303,0.288442,0.315514,0.357629,0.450772,2,2,2,2,2,2,2,2,2,2,2,2,2,2,2,2,2,2,2,2,2,2,2,
1.5,3.59828,-4.31086,1.89405,2,2,2,2,2,2,2,2,2,2,2,2,2,2,2,2,2,2,2,2,2,2,2,2,2,2,2,2,2,2,2,2,2,2,2,2,2,2,2,2,2,2,2,2,0.347867,0.285468,0.252249,0.230121,0.214164,0.202225,0.19316,0.186294,0.181202,0.177609,0.175343,0.174302,0.174438,0.175759,0.178323,0.182246,0.187723,0.195056,0.204718,0.217466,0.234612,0.258706,0.296008,0.376509,2,2,2,2,2,2,2,2,2,2,2,2,2,2,2,2,2,2,2,2,2,2,
1.6,3.57445,-4.23974,1.96082,2,2,2,2,2,2,2,2,2,2,2,2,2,2,2,2,2,2,2,2,2,2,2,2,2,2,2,2,2,2,2,2,2,2,2,2,2,2,2,2,2,2,2,0.266524,0.217958,0.190974,0.172782,0.159546,0.149532,0.141807,0.135807,0.131176,0.127676,0.125147,0.123484,0.122621,0.122525,0.123194,0.124653,0.126957,0.130201,0.134531,0.140159,0.14741,0.156782,0.169092,0.185805,0.20999,0.25048,2,2,2,2,2,2,2,2,2,2,2,2,2,2,2,2,2,2,2,2,2,
1.7,3.54594,-4.17037,2.01648,2,2,2,2,2,2,2,2,2,2,2,2,2,2,2,2,2,2,2,2,2,2,2,2,2,2,2,2,2,2,2,2,2,2,2,2,2,2,2,2,2,2,0.17278,0.141859,0.123379,0.110643,0.101263,0.0940893,0.088482,0.0840477,0.0805302,0.0777567,0.0756064,0.0739951,0.0728648,0.0721769,0.0719085,0.0720514,0.0726099,0.0736022,0.075062,0.0770407,0.0796139,0.0828895,0.0870225,0.0922389,0.0988823,0.107501,0.119044,0.135382,0.161172,0.219078,2,2,2,2,2,2,2,2,2,2,2,2,2,2,2,2,2,2,
1.8,3.51361,-4.1027,2.0629,2,2,2,2,2,2,2,2,2,2,2,2,2,2,2,2,2,2,2,2,2,2,2,2,2,2,2,2,2,2,2,2,2,2,2,2,2,2,2,2,0.0813471,0.0631736,0.0527552,0.0458005,0.0407927,0.0370188,0.034088,0.0317662,0.0299027,0.0283959,0.0271754,0.026191,0.0254061,0.0247948,0.0243369,0.0240197,0.0238334,0.023773,0.0238373,0.0240277,0.0243495,0.0248118,0.0254288,0.0262191,0.0272107,0.0284393,0.0299565,0.0318332,0.0341717,0.0371252,0.0409315,0.0459883,0.053024,0.0635977,0.0821851,2,2,2,2,2,2,2,2,2,2,2,2,2,2,2,
1.9,3.47817,-4.0366,2.10162,
